0.013092
0
0
0.043818
0
0
0
0.016594
0.070725
0.12137
0.047823
0.0047356
0.066279
0.017399
0.15283
0
0
0
0
0.048075
0
0
0.00028387
0.10739
0
0
0.047112
0
0.14664
0.027155
0
0
0.02832
0
0
0
0.041356
0
0
0.0093925
0
0
0
0.046935
0
0
0.014055
0
0.14771
0
0
0
0.080904
0
0
0.0039816
0
0
0.030774
0.028014
0
0.073636
0.0077112
0
0.051663
0.012772
0
0.082385
0.094406
0
0.12838
0
0.14398
0.027195
0.13244
0.040495
0
0
0
0.11992
0
0.072
0.029714
0.29294
0.0079851
0
0.018005
0
0
0.018511
0
0.010143
0.061502
0
0
0
0.088228
0
0
0.18222
0
0
0
0
0.063953
0
0.12871
0
0
0
0.32982
0.16121
0
0.058697
0
0.018897
0
0
0.072924
0.14208
0
0
0.049561
0
0.20596
0
0.029696
0.02633
0
0
0.0087955
0.041866
0
0.054467
0
0
0.1095
0
0
0
0
0.082422
0.025894
0.12028
0
0.034326
0.10566
0
0
0.029631
0.17208
0
0.14673
0.020466
0.11273
0.084472
0
0.071678
0
0.044678
0
0
0.12103
0.059923
0
0
0.010897
0
0.010653
0.022337
0.15112
0.065258
0.0046195
0.19905
0
0
0
0
0.02138
0.1623
0.0058793
0.092703
0.21533
0
0.0087297
0
0
0
0
0
0.049903
0
0
0
0
0.20447
0
0.0013454
0
0.01247
0
0.098629
0.04396
0
0
0.16471
0
0.04201
0
0
0
0.058644
0
0
0
0.082328
0.071222
0
0
0.067409
0
0.048365
0.011101
0
0
0
0.17501
0
0.046649
0.056572
0.094293
0
0
0.075377
0
0.017012
0.15148
0.064525
0
0.073302
0
0.086811
0.012929
0.039874
0
0.047122
0.00055612
0
0
0.17932
0.092285
0.072162
0.098044
0
0.025044
0
0
0.12531
0
0
0.0073848
0.043269
0.023705
0.056149
0
0
0
0
0
0
0.13239
0
0.023192
0
0.13293
0.11476
0.18587
0.015521
0
0
0.29584
0
0
0.14482
0.0033828
0.064934
0.013338
0.070059
0.084535
0
0
0.047978
0.061892
0.083263
0.046905
0
0.021907
0.041328
0
0
0.03125
0
0
0
0
0
0.11036
0
0.063629
0.005435
0.023252
0
0.080257
0
0.011833
0
0
0
0
0
0
0.022498
0.069725
0.017741
0.086624
0
0.058593
0
0
0.0075335
0
0.15761
0
0.097592
0
0.1227
0.12361
0.033682
0
0.034369
0
0.016583
0
0.15559
0.287
0.097651
0
0.11031
0.078974
0
0.10092
0.020359
0.13495
0.027562
0
0.026841
0
0.0090175
0
0.030569
0
0.017352
0.095764
0
0.0003582
0
0
0
0.028002
0
0
0
0
0.187
0
0
0.20468
0
0
0
0.037602
0.17756
0.017058
0
0
0.10429
0
0
0.037723
0.0026553
0.1309
0.04956
0
0.02026
0.10517
0
0.015282
0.031061
0
0.10654
0.072087
0
0.031179
0
0.037223
0
0.043719
0.11222
0
0.017273
0
0
0.10121
0.056239
0
0
0.14397
0
0.091061
0.15423
0
0.21605
0
0
0.053039
0
0
0
0.028073
0
0
0
0.061251
0.19033
0.044234
0
0.090593
0.13606
0
0
0.017486
0
0
0.082747
0.0058516
0
0
0
0
0
0.0022336
0.14366
0.012359
0
0
0
0
0.18781
0
0.025379
0.02041
0
0
0
0
0
0.038862
0
0
0.056631
0
0.06211
0
0.1014
0.053376
0.063833
0
0
0
0
0
0.007923
0
0.15715
0
0
0.037257
0
0
0
0
0.19581
0
0.097356
0.012329
0
0.013239
0.11796
0.2066
0
0.0072139
0.0068405
0
0
0.1278
0.054385
0.06235
0
0
0.15643
0.054454
0
0.050476
0.1902
0
0
0
0.014941
0.094101
0.019114
0.0096482
0.0083451
0
0.018719
0
0.019003
0
0.049036
0.13874
0.081687
0.042369
0
0.046658
0.062196
0.020099
0.12262
0
0.029565
0
0.12069
0
0.093301
0.038801
0.047407
0
0
0.06195
0.073802
0
0
0.16164
0.039366
0
0
0.016233
0.02266
0.11361
0
0
0
0
0
0
0.16425
0
0.2085
0
0.062472
0
0
0.15736
0.083651
0
0.13624
0.074658
0
0
0
0.070954
0
0
0
0
0
0
0.22688
0
0.11874
0
0
0
0
0.090621
0
0
0.043138
0
0.056699
0.11139
0
0
0.0086912
0
0.018798
0
0
0
0.15462
0.18927
0.033273
0.036004
0.063411
0
0
0.019893
0.015751
0.017842
0.088166
0
0
0
0
0.21605
0.0033014
0.13051
0
0.12131
0
0.037473
0.20226
0
0.059981
0.014931
0.1474
0.053401
0.055468
0.080251
0
0.0082807
0
0.050137
0.050131
0
0.056686
0
0
0.016877
0.039948
0
0.025586
0.071195
0.039856
0
0.15722
0
0
0.057792
0.0028353
0.048766
0.17478
0
0
0.072483
0.061321
0.060614
0
0
0.098053
0
0.015844
0
0.051976
0
0
0
0
0
0.035976
0.1122
0.16768
0.017198
0.046086
0
0
0.091695
0.10643
0
0
0.0026599
0
0
0.12259
0
0.038693
0
0.025035
0.029292
0.042463
0
0.062645
0.033232
0.18244
0
0
0
0
0.029975
0
0.13334
0
0
0
0.080475
0
0
0
0
0
0
0.050179
0.020141
0.13619
0
0
0.029433
0
0.035172
0.035692
0.051172
0
0
0.083844
0.2372
0
0.14014
0.062613
0.011648
0.084284
0.032347
0
0.052008
0
0.032706
0
0
0
0
0.092226
0.1405
0.082898
0.034029
0
0
0
0
0
0
0
0
0.0082371
0
0
0
0
0.037362
0
0.035416
0.026444
0.031663
0
0
0.24509
0
0
0
0.16143
0.034288
0
0.15165
0
0.038197
0.07522
0
0
0
0.20663
0.19654
0.11429
0.12549
0
0
0
0
0
0.15523
0.11675
0
0.055967
0.020872
0
0
0
0
0.14753
0.032614
0
0
0.10354
0
0
0.072637
0
0
0.17553
0
0.076352
0
0
0.070612
0.067668
0
0.013298
0
0.11993
0
0
0
0
0
0.014704
0
0.056668
0.10701
0.28063
0.02844
0
0
0.0074508
0.088032
0.031694
0
0
0.048263
0.071352
0
0
0.077721
0
0.063984
0.073068
0.098006
0
0
0
0
0
0
0.024247
0.0016552
0.0018436
0
0.081482
0.064654
0.041757
0
0
0
0.057233
0
0
0.063783
0
0
0
0.11729
0.2451
0.061139
0.0027844
0
0
0
0
0
0
0.26316
0.002385
0
0.12969
0
0.13809
0.061304
0.12585
0.021899
0
0
0.034114
0.0045571
0.051418
0.078999
0.067978
0
0
0.029501
0
0
0.020836
0.080597
0
0.025855
0.037387
0.042686
0.0066604
0
0
0.033937
0
0.05674
0
0
0.0022755
0.091354
0
0
0
0
0
0
0.15783
0.10055
0
0
0.046794
0
0
0
0.022207
0.01475
0.095001
0
0.036273
0.17043
0
0.042561
0.044149
0
0.0055842
0.073401
0.067367
0
0
0
0
0
0.11217
0.16638
0
0.048995
0.030426
0
0
0
0.046669
0.099047
0.034961
0.0083138
0.066659
0
0.0029258
0
0
0
0
0
0
0
0
0.008548
0.024695
0.0078125
0.053185
0
0
0.11292
0.0027247
0.014817
0.14856
0.049851
0.13412
0
0
0
0.005511
0
0.025436
0
0.065023
0.051553
0.10429
0.033094
0
