0.10341
0
0
0
0
0.14286
0.27525
0.073246
0.0087221
0.33858
0
0.022307
0
0
0
0
0
0.028692
0
0.29541
0.020428
0.011076
0.15128
0
0
0
0
0
0.10307
0
0.11944
0
0.19215
0
0
0.024971
0.23884
0.082836
0
0
0.255
0
0.2768
0.024126
0
0.14149
0
0
0.031068
0
0.16534
0
0.024816
0.28882
0
0
0
0.081071
0.054068
0
0
0.052751
0
0
0
0
0
0
0
0
0.046801
0
0.20189
0.083344
0
0.2396
0.077478
0
0.12428
0
0
0
0.027817
0.042463
0.14495
0
0.0024478
0
0
0
0
0.26578
0.087317
0.18202
0
0.083058
0
0
0
0
0.10437
0.17617
0.043197
0
0
0.34756
0
0
0.18531
0.14144
0
0
0.00014559
0
0.42629
0.0046617
0
0.37925
0.046662
0
0
0
0.24372
0
0.65851
0.24952
0
0
0.033646
0
0
0
0
0
0
0
0
0.10904
0.06579
0.12476
0.034244
0.13308
0
0.29974
0.028761
0
0
0.022952
0.30151
0
0
0
0.13209
0
0.30018
0
0
0.33555
0.036388
0
0
0
0
0
0
0
0.32931
0
0
0
0
0.10769
0.087158
0.041087
0
0.019579
0.065479
0.28818
0
0.068822
0
0.018274
0
0
0.13188
0
0
0
0
0
0
0
0
0.19454
0.31482
0.09847
0.036016
0
0.10486
0
0
0.24836
0
0
0
0
0
0
0
0.23889
0.5094
0
0.35654
0.71183
0.01953
0.031144
0.068883
0
0.2841
0.27453
0.13054
0.16814
0.1335
0.050145
0
0
0
0
0
0
0
0
0.17266
0.088038
0.067859
0.45608
0.64755
0
0
0
0
0
0.32301
0.015375
0.1138
0
0.17214
0
0.047733
0.37789
0
0.023658
0
0
0
0.16826
0
0.21268
0.19321
0
0.06623
0.064043
0
0.16161
0
0
0
0
0.3223
0
0
0
0.02081
0.17413
0.42284
0
0
0.31058
0
0
0
0
0
0
0
0.0095303
0.14677
0
0
0.25091
0.029242
0
0
0
0
0
0
0
0
0
0
0
0
0.07208
0
0
0
0
0
0.062198
0
0.025388
0
0
0
0.079954
0.093941
0.17088
0.10458
0.22134
0.31207
0
0
0.12526
0.18182
0
0.10026
0
0
0.042808
0
0.025535
0
0
0
0.0030478
0.10033
0
0
0
0.18813
0.36255
0
0.014257
0
0.62356
0.32931
0.1834
0
0.2974
0.1421
0.0068088
0
0
0
0
0
0.23061
0.12772
0
0.21631
0
0.18814
0.2086
0
0
0.28569
0
0.20578
0
0.040897
0.24021
0
0
0
0.46202
0.44875
0
0.13005
0
0.1261
0
0.067049
0.14089
0
0.12279
0
0
0.062914
0
0
0
0.18147
0
0
0.10627
0.074771
0.16543
0
0
0.22828
0.027746
0
0.035112
0
0
0.21855
0
0
0
0
0
0
0
0
0
0
0
0
0.15823
0
0
0
0
0
0.01908
0.24006
0
0
0
0
0
0
0
0.074759
0.094921
0
0
0
0
0
0.017869
0.24021
0.38383
0.13885
0
0
0
0
0.21724
0.059006
0
0
0
0
0.12212
0
0.049572
0.23863
0
0.020164
0.15186
0
0.16412
0
0
0
0
0
0
0.066889
0.11017
0
0.069056
0.2425
0
0.13842
0
0
0.11597
0
0
0.02022
0.067048
0
0
0
0.010097
0.45946
0.0062902
0
0
0.1105
0
0
0
0.048395
0.022908
0.13567
0.20498
0.096409
0
0.017042
0
0
0
0
0.026824
0
0
0.58049
0
0
0
0.055763
0
0.018391
0
0
0
0
0
0.018862
0
0
0.047434
0.066533
0
0
0
0
0.022083
0
0
0
0
0.24445
0.072497
0
0.30346
0
0.011682
0
0
0.094918
0
0.6355
0.11137
0
0
0.2355
0.20299
0
0
0
0
0.0047724
0
0
0.0080059
0.24735
0
0
0
0
0
0.696
0.26248
0
0.25033
0
0
0.10505
0
0
0
0.0045513
0.056417
0
0
0.26364
0.22698
0.12186
0
0.46648
0.11802
0
0.060747
0.10399
0
0.12326
0
0.025016
0
0.059583
0
0.13751
0
0
0
0.17123
0.036642
0
0.05339
0
0
0.19592
0
0
0
0.41116
0
0.1635
0.018873
0.053952
0
0
0.068458
0
0.051154
0
0.17044
0
0
0
0.3928
0
0.24899
0.13446
0
0
0
0.070566
0.18495
0.10571
0
0
0
0.23273
0
0
0
0
0
0
0
0
0
0
0
0.036573
0
0.071891
0
0.015901
0
0
0
0
0.2193
0
0.0023055
0
0
0.1374
0
0
0
0.26214
0
0.67011
0
0
0
0
0
0
0.27831
0.041235
0
0.20092
0.17182
0
0.038245
0
0
0
0
0
0
0
0.31706
0
0.12533
0
0
0.067797
0.29572
0.064649
0.23662
0.051884
0.072734
0
0.29361
0
0
0
0
0.51541
0
0
0
0
0
0
0
0.27699
0.01084
0.051581
0.025176
0.14064
0
0.71853
0.10209
0
0.24264
0
0.44674
0.18881
0
0
0
0.023376
0
0.0013188
0.015285
0
0.18468
0.089117
0.020211
0
0
0
0.26077
0.31668
0.074036
0
0.20224
0
0
0
0.13894
0
0.34277
0.0082971
0
0
0
0.025362
0
0
0
0
0.066575
0.1055
0
0
0
0.032814
0.11914
0.37148
0.090257
0
0.057958
0.19601
0.024921
0.40889
0.19008
0
0
0.054058
0
0.069302
0
0
0
0.067573
0.0080389
0
0.090972
0.58896
0
0
0
0.071139
0
0
0
0.16358
0
0.30606
0.024997
0
0.046873
0.16618
0.027606
0.20296
0
0
0.022252
0.076579
0
0.084485
0
0
0.038459
0.40116
0
0.17045
0.21045
0
0
0
0
0.32185
0
0.22224
0
0.24201
0
0
0
0
0
0
0.069277
0
0
0
0
0.082397
0
0
0.26838
0
0.21193
0.48284
0
0.012995
0.30648
0.72791
0
0
0
0
0
0
0
0
0
0
0
0.12998
0
0.14184
0.281
0
0
0
0
0
0.010796
0.32577
0
0.037214
0
0.35353
0
0
0
0.3046
0
0
0
0
0
0.30564
0.14243
0.062829
0.10259
0.1275
0
0.19944
0
0
0
0
0
0
0.1238
0.24275
0.31391
0
0.25802
0
0
0.052089
0
0
0
0
0
0.00080071
0
0.061004
0
0.29066
0.4773
0
0
0.056363
0.67002
0
0.065603
0.0064643
0
0
0
0.29984
0.12174
0.10814
0
0.42284
0
0
0.1673
0
0.070357
0.080427
0
0.014494
0.078325
0
0
0
0.3186
0.44369
0
0.14519
0.035112
0
0
0.30886
0
0
0
0.14039
0
0
0.036543
0.095649
0.089709
0.38882
0.041179
0
0.023207
0.04989
0
0.051124
0.10371
0.50324
0
0
0.25687
0
0.51673
0.2836
0
0.43132
0.12522
0
0
0.026143
0
0.44044
0
0.10287
0
0
0
0
0
0
0.25311
0
0
0.22511
0.22017
0.15213
0.0266
0.084246
0.17666
0.19997
0.096967
0.054087
0
0.19283
0.21685
0.16827
0
0.55528
0
0
0.073284
0.14039
0
0.57374
0
0
0.21426
0
0.13008
0
0
0
0
0.42433
0
0
0.2155
0
0.0076412
0
0.13254
0.16482
0.0495
0.23742
0
0.0086739
0
0
0.077836
0
0.45251
0.21918
0
0.20306
0
0
0.19916
0
0
0.046349
0
0.25933
0
0
0
0
0.098274
0.047788
0.046983
0
0.58373
0.22983
0.28336
0
0
0.10579
0.13276
0.20419
0.2623
0
0.14529
0
0.25878
0
0
0
0.41177
0.10382
0.030701
0
0.22184
0.0298
0
0.11449
0
0
0
0
0
0
0.046617
0.48944
0
0
0
0.3235
0
0
0.3848
0.11393
0.1701
0.0065031
0
0
0.23376
0
0
0.40137
0.15596
0.13266
0.3573
0
0.16572
0
0
0.28604
0
0.083532
0
0.31863
0
0
0.032463
0.021915
0.3093
0.043674
0
0
0.20227
0.11561
0.023113
0
0
0
0.010934
0.032051
0.11002
0
0.43291
0
0
0.19989
0
0.014171
0
0
0.33757
0
0.023133
0
0.19367
0
0
0.26308
0
0
0
0
0.043203
0.29907
0
0.16103
0.48811
0.1682
0.17409
0.072177
0
0.20589
0
0.087213
0
0
0
0
0.2141
0
0.06559
0.30436
0.44097
0
0.0039506
0
0
0
0
0
0.11607
0
0
0
0.043377
0.10325
0.16375
0
0
0
0.041024
0.29054
0
0
0
0.097707
0
0.12427
0.023489
0
0
0.12407
0
0
0
0
0
0.34989
0
0.10126
0.37244
0
0.19512
0
0.17009
0
0.12494
0.01504
0.14704
0.09569
0
0
0
0.25012
0
0.17352
0
0.20502
0.05965
0.10568
0
0.042528
0.058593
0.11277
0
0.57648
0.10985
0
0.13853
0
0.2973
0
0
0
0
0
0
0
0.035377
0.19536
0
0
0
0
0.0041473
0.89975
0.42382
0
0.13739
0
0.080682
0
0.14843
0.026419
0
0
0
0.12538
0
0
0
0
0
0
0.011303
0.033723
0
0
0
0
0.067267
0
0.19275
0
0
0
0
0
0.080187
0
0
0.23992
0.21263
0.35576
0.086633
0
0.113
0.070263
0
0.077478
0
0
0
0
0
0.41859
0.31188
0
0.065425
0
0.10271
0.26216
0.23382
0
0
0
0.27382
0
0.094424
0.21724
0
0.17658
0
0
0
0
0
0
0.052989
0.47273
0
0
0
0
0.20208
0.0097101
0.066995
0.077405
0
0
0.020233
0
0
0.088288
0.31484
0
0
0.28912
0.018866
0
0.27457
0
0.31519
0
0
0
0.13468
0.15451
0
0.38254
0.067487
0.23804
0.001598
0
0
0
0
0
0.010179
0
0
0.10961
0
0
0
0
0.073716
0.02553
0.14081
0
0.0049883
0
0
0
0
0.42547
0.11713
0
0.15001
0
0
0.028401
0.15117
0.10592
0
0.011698
0
0
0.050196
0.33983
0.029305
0.072272
0
0
0
0.33155
0
0.040732
0
0
0
0.23394
0
0
0
0
0
0.15185
0
0
0
0.0099005
0
0
0.034224
0
0
0.0679
0.087202
0
0.14167
0.2118
0.20948
0
0.023357
0.051811
0
0.28783
0.083254
0
0.2487
0.23395
0
0
0
0.024763
0
0.075688
0.026386
0.31666
0.12525
0.018991
0.1429
0
0
0.10555
0.24842
0
0.21849
0.31695
0.25862
0.15939
0
0.1264
0.052086
0.18011
0
0.058848
0.31255
0
0.34199
0
0.047226
0
0.097141
0
0.27579
0
0.010752
0.11086
0.37147
0
0
0
0
0
0
0.34748
0
0.2197
0.36022
0
0.023421
0.080303
0
0
0.20305
0
0
0.23265
0
0.62685
0.15671
0.19737
0
0.21975
0
0
0.086137
0.034474
0.38347
0.11267
0
0
0.06171
0
0
0.052808
0.079176
0
0.013083
0
0
0
0
0
0
0
0.17784
0.019541
0.0094136
0
0.0067508
0.25071
0
0
0
0.037533
0.01258
0.076961
0
0.20718
0
0.059901
0.20697
0.70822
0
0
0.15735
0
0.096373
0
0
0.0086809
0
0
0
0.39827
0
0.084742
0.25347
0.1621
0
0.23603
0
0.077242
0.016732
0.056828
0
0
0.097642
0.1906
0.27897
0.20808
0
0
0.035365
0.22737
0.063482
0
0
0.061142
0.13885
0
0
0
0.043584
0
0
0
0
0.082374
0
0
0
0.18529
0.014467
0
0.018277
0.098062
0.35766
0.10272
0.06998
0
0.099938
0.11287
0
0.4619
0.28213
0.037605
0
0
0.37211
0
0
0
0.0061408
0.030148
0.085562
0
0.28686
0.075957
0.043632
0.10895
0
0
0
0
0
0.23385
0
0
0
0
0
0.28445
0.44035
0
0
0
0
0.24096
0
0.13314
0.063116
0
0.10417
0.16441
0
0.3022
0
0
0
0
0.0059304
0
0.22539
0
0
0
0
0.22523
0
0
0
0.24479
0.13889
0
0.12619
0
0.27413
0.039768
0
0.035588
0.12212
0
0
0
0.14665
0
0.38154
0
0.099747
0
0
0
0
0.11221
0
0
0.11354
0.040354
0
0.010763
0
0.054686
0.004106
0
0
0
0.21116
0.27979
0
0
0
0
0
0.021034
0.0374
0.32892
0
0
0
0.3715
0
0.096569
0
0
0
0
0
0.15286
0
0.68855
0
0
0.41777
0
0.041624
0
0
0
0.069925
0
0
0
0.15596
0.069972
0.029288
0
0.38029
0
0
0.13589
0.042045
0.061171
0
0.099606
0.034505
0.022234
0
0
0.075691
0
0
0
0.18761
0.3413
0
0.10388
0
0.05269
0
0
0.12459
0.051844
0
0
0
0.078651
0
0.0076508
0.23467
0
0.066274
0
0.21122
0
0.12912
0.086477
0.28032
0.30468
0
0.011368
0
0
0.26061
0
0
0.084189
0
0
0.070216
0.026302
0
0
0
0.20314
0.014475
0.025891
0.50099
0.13508
0.3419
0
0.030646
0
0.3212
0
0.17979
0
0
0.061489
0
0.0040874
0
0
0
0.36114
0
0
0
0.55595
0.065983
0.63424
0
0
0.077486
0
0
0.3142
0
0.0017361
0
0
0
0
0.059192
0.013523
0
0
0
0
0.080766
0.31229
0
0.088185
0
0
0.038203
0.20715
0.077021
0.036371
0
0
0.11491
0.56682
0.079674
0
0.17037
0.25073
0.21203
0
0.016947
0
0
0.023309
0.69238
0
0.052217
0.22532
0.17584
0.044371
0
0.059162
0
0.085746
0.66184
0.065847
0
0
0.23137
0.031805
0
0.11285
0.2699
0.034676
0.13876
0
0.46648
0.27935
0.019465
0
0.035354
0.264
0
0.13316
0.44103
0.086936
0.21298
0
0
0
0
0.23261
0
0.21215
0
0
0.09533
0.28483
0.14485
0.13968
0
0.051236
0
0.072765
0.34431
0.0083102
0
0.42686
0
0
0
0
0.32258
0
0.23122
0.20366
0.19658
0.19493
0
0
0.58985
0
0.20186
0
0
0
0.24516
0.039025
0.036554
0
0.19118
0
0.020263
0
0
0.15193
0
0.048939
0
0
0.17422
0
0.20131
0.11952
0
0.0095844
0.14232
0
0.22972
0.58956
0
0.1988
0
0
0.58096
0.58624
0.068854
0
0
0
0.14061
0
0
0
0
0
0
0.45362
0
0
0
0
0
0.2806
0
0
0
0
0
0.19894
0.030786
0
0.018745
0
0
0
0.11342
0.14837
0
0.066147
0
0.087269
0
0.10909
0.034193
0.34988
0.19693
0
0
0
0
0
0
0
0
0
0
0.065011
0
0.1394
0.11375
0.18319
0.42631
0.40811
0
0.26181
0.17317
0
0
0
0
0
0
0.0551
0.12537
0
0
0.44914
0
0
0
0
0
0.28239
0
0
0
0.42313
0
0
0
0
0.021689
0.067245
0.32988
0.13506
0.30107
0
0
0.17455
0
0
0
0.29436
0.10168
0.22427
0
0.13559
0.14109
0
0
0.24016
0.70169
0
0.050516
0.067553
0.048068
0
0.0028102
0
0
0.2141
0.0075895
0.0090883
0
0.23229
0
0.14417
0
0.0051192
0.05246
0.16754
0.43757
0.26064
0
0.30216
0.14589
0
0.20136
0
0.066558
0.254
0
0.13632
0
0.24307
0
0.0052965
0.015743
0
0.32097
0
0.19811
0
0.32571
0.013142
0.16052
0.16958
0
0
0
0
0
0
0
0
0
0.21797
0.29523
0.22312
0
0
0
0
0
0.13173
0.14872
0
0
0.14798
0
0
0.13902
0
0.065472
0.2177
0.70541
0.087422
0.063718
0.014988
0
0
0
0
0.0044276
0.33488
0
0
0.25695
0.45986
0.069542
0.12376
0.2127
0.35438
0.25061
0
0
0.66475
0
0
0.093942
0
0.12851
0.015173
0.12329
0
0.038824
0.32162
0
0
0
0
0.31352
0
0.9779
0.058754
0
0
0.1024
0
0
0
0.18622
0
0.23183
0
0.032638
0.30149
0.15105
0
0
0
0
0
0.024286
0
0
0.18879
0.0025396
0
0
0.23901
0.17896
0
0
0
0
0
0.21805
0
0
0
0.15656
0
0
0.13578
0
0
0.04762
0
0.34445
0
0
0
0.072109
0.010259
0.57214
0
0.11402
0
0
0
0.32624
0
0.6301
0.26348
0.085942
0
0
0
0
0
0.089463
0
0.15586
0
0
0.25937
0
0
0.095234
0
0
0
0.026584
0.095828
0.095264
0
0
0
0
0.05515
0
0.31634
0.0094433
0.018384
0.020671
0
0.10837
0.022331
0
0.020021
0.16456
0.18256
0.147
0
0.34586
0.28176
0.18067
0
0.060494
0
0
0.02463
0.12981
0
0.00099973
0
0.59169
0.13877
0.10844
0
0.38153
0
0
0.46144
0
0
0
0.31724
0.29946
0
0
0.16375
0.58627
0
0
0
0
0
0.44151
0
0.18115
0
0.16246
0
0.18595
0
0
0
0
0
0
0
0
0.083974
0.12324
0
0.29328
0
0
0
0
0
0
0.060249
0
0
0.14666
0
0.41681
0
0.06851
0.10538
0.11851
0
0.0019445
0
0.001685
0.19515
0.22853
0.27869
0
0
0
0
0
0
0
0.070068
0
0
0
0
0
0
0.14499
0
0
0
0
0.36102
0
0.048978
0.075192
0
0
0
0
0.25048
0
0
0
0
0.21271
0.036832
0.28678
0
0
0
0.34254
0.016393
0
0
0
0
0
0
0.23567
0
0.19993
0.1211
0
0
0
0.49885
0.30765
0.16254
0
0.0016595
0
0.22405
0.099514
0
0
0.19798
0
0
0.088354
0.30889
0.30625
0
0
0
0.00065465
0
0.093581
0
0
0
0.015325
0.14901
0
0
0.063604
0.31805
0
0.034268
0.05346
0
0
0
0.056525
0
0.16624
0
0.17021
0
0
0
0
0
0.12617
0
0.34422
0.19153
0.1858
0
0.051288
0
0.13169
0
0.34376
0
0
0
0
0
0
0
0.076221
0
0
0
0
0
0.13193
0.049349
0.15375
0
0.19748
0
0.16724
0
0.0025502
0
0
0
0.029886
0
0.55305
0
0
0.34797
0
0.19428
0.28218
0.017889
0
0
0
0
0.02096
0.12734
0.025191
0.064339
0.26722
0
0
0.21504
0
0
0.010599
0.1769
0.1202
0
0.042264
0.0073415
0
0
0.31929
0
0
0.29371
0
0
0
0.14494
0.049587
0
0
0
0
0
0
0
0
0
0
0
0.031621
0.17709
0
0.05934
0
0.25795
0
0.2795
0
0
0.16237
0
0
0.05744
0
0
0
0.16741
0.20062
0
0
0
0
0
0
0
0.15989
0
0
0
0.18796
0.073087
0.23697
0
0
0
0.015162
0.15057
0.092444
0
0.094901
0.078384
0
0.24317
0
0.16357
0.23314
0.15127
0.32467
0.22384
0.15623
0
0
0.25211
0
0
0
0
0
0
0
0
0.24455
0.42061
0
0
0.22585
0
0.090851
0.12855
0
0
0
0
0.18651
0.046508
0.60449
0.031706
0.43269
0
0
0
0
0
0.076953
0.16829
0
0
0
0.089158
0.011516
0
0
0.27971
0
0.30235
0
0
0.0089541
0.012215
0
0
0
0
0
0.25194
0.33394
0.22611
0.2719
0.067498
0
0
0.25125
0
0
0
0.061477
0
0
0
0.032822
0.10714
0.2251
0
0
0.30776
0
0
0.012869
0
0
0
0.0068788
0.2914
0
0.27614
0.03925
0.026143
0.23143
0.12967
0
0.065862
0
0.24231
0
0.16107
0.092703
0
0.050348
0
0.0080564
0
0
0.18075
0.047735
0
0.15331
0
0
0
0
0.048636
0
0
0
0
0.10984
0.092669
0.2208
0.24899
0
0.070876
0.25209
0.029569
0
0
0.019535
0
0
0
0
0.242
0
0.036588
0.085876
0
0
0.12004
0.095957
0
0
0.0051918
0
0.054355
0.087155
0.27472
0
0
0
0.20615
0
0
0
0
0
0
0.21518
0.16805
0
0
0.21045
0
0
0
0.2093
0
0.37472
0
0.077124
0
0.15554
0
0
0
0.11741
0
0.20644
0
0
0
0
0
0.27016
0.074615
0
0
0
0
0.38235
0.034382
0
0.26789
0.23796
0
0.38326
0
0.066114
0
0.13133
0
0
0.089408
0.085062
0
0.02256
0
0
0.47892
0
0
0
0
0.09941
0.035638
0
0
0
0
0
0
0.056586
0
0
0
0
0.045275
0
0.32446
0.11682
0
0
0.067583
0.32439
0
0
0
0
0.050086
0.15954
0.015951
0.023056
0
0
0.064607
0
0.036306
0.3586
0
0.064258
0.16395
0
0
0.21073
0
0.16734
0.52749
0
0
0
0
0
0
0.24001
0
0.059509
0
0.068614
0
0
0
0.036596
0.075943
0
0
0.046076
0.082551
0.19807
0
0
0.34049
0
0.056066
0.14664
0
0
0.0068622
0
0.35016
0.028537
0
0
0
0.034795
0
0
0
0
0
0.11467
0
0.047469
0.19737
0
0.18322
0
0.0029483
0
0
0
0
0
0.19207
0
0.042024
0
0.030374
0.30737
0
0.18211
0.18579
0
0.044675
0
0
0.21342
0
0
0.046341
0.049684
0.37726
0.19185
0
0.043568
0
0.26743
0.05196
0
0
0
0
0.052292
0
0
0
0
0
0
0.1007
0.085533
0.049835
0.51795
0
0
0.74849
0
0
0
0.15614
0.079638
0.19046
0
0.22512
0.046503
0
0
0
0
0
0
0.090597
0.13578
0
0.64956
0.02015
0.10263
0
0.28454
0
0.30184
0
0.16504
0.11572
0.18352
0
0
0.38649
0.38979
0
0
0
0
0
0
0
0
0
0.0028127
0
0
0.0096475
0
0.10063
0
0
0.57229
0.22404
0.26845
0.042388
0
0
0.5331
0.079948
0
0.041136
0.25813
0
0
0.25008
0
0.18327
0.0077469
0
0.13594
0
0.077566
0
0.068093
0.19968
0.009013
0.0057893
0.3079
0
0.14501
0
0.078528
0
0
0.1398
0.22686
0.76126
0.15063
0.30083
0
0.33571
0.076451
0
0
0.088037
0.19558
0
0
0.035197
0.25761
0.1476
0.22825
0
0
0
0.23257
0
0.038761
0.59164
0.1787
0
0
0
0
0.17073
0.077889
0
0
0.11577
0
0.26453
0.37722
0.10207
0.036806
0.33421
0
0
0
0
0
0.017837
0
0.35305
0
0.23422
0.28008
0
0
0
0
0
0
0
0.073464
0
0.16267
0.30503
0.038755
0
0.18826
0.22157
0
0
0
0
0.31
0.012379
0.54318
0
0.016499
0
0.32592
0
0.067075
0.09357
0
0
0
0
0
0.099424
0.098623
0
0
0.18155
0
0.05114
0
0
0.08593
0
0
0.15646
0
0
0
0
0
0
0
0.0937
0
0
0
0
0.15556
0
0.42872
0
0.014564
0.096599
0.0069043
0
0
0.12024
0
0.38706
0
0
0
0
0.12229
0
0.16414
0.0048793
0
0.44513
0
0
0.074677
0.182
0.2849
0
0.012655
0.3
0
0
0
0.63209
0.16585
0
0.067157
0
0
0
0
0
0.34206
0.20493
0.12895
0
0
0.19751
0
0.16024
0
0
0
0
0.26353
0.41033
0
0.052074
0.04252
0
0
0.15448
0
0.010732
0.068378
0.10975
0
0.13153
0.026563
0
0.30468
0
0.08438
0
0.031893
0
0.37532
0.022685
0
0
0.10631
0
0
0
0.29875
0.51266
0
0
0
0.0083078
0
0.39233
0
0.2076
0.033379
0.16056
0
0
0
0.071009
0.084804
0.29122
0.046095
0.2675
0
0.30831
0
0
0.12538
0.07194
0
0
0
0
0.01287
0
0
0
0.46946
0
0.3145
0
0.0099979
0.20088
0.12815
0
0
0
0
0
0.063741
0
0.078187
0.2034
0.069032
0.017569
0
0.01905
0
0
0.13482
0.13848
0
0
0
0
0
0.070302
0.29621
0
0.1068
0
0.074606
0.071464
0
0
0.053582
0
0.20153
0.050597
0.2963
0
0
0
0
0
0
0.15338
0.21148
0
0
0
0.30728
0
0
0
0.27543
0
0.40558
0.091506
0.55858
0.066195
0.26578
0.0077542
0
0.060685
0.32627
0.29166
0
0
0.30374
0.11515
0.43839
0.069332
0.20073
0
0
0.014041
0.35148
0.31672
0.35861
0
0
0
0.1829
0.23992
0
0
0.12722
0.0051004
0.023863
0
0.48176
0.063871
0
0.12768
0.13456
0
0
0.10394
0
0.066378
0.14161
0.14822
0.32682
0
0
0
0
0
0
0.058296
0
0
0
0.1095
0.2727
0.055135
0.0096647
0.067467
0.17099
0
0
0
0.31736
0.17895
0
0.16822
0
0
0
0.28538
0.19265
0.1714
0.33062
0.097162
0.38384
0
0
0.3697
0.11636
0
0.31253
0.077739
0
0
0
0
0.060769
0
0.19965
0
0
0
0.080075
0.018423
0.27472
0
0
0.10858
0.062752
0.27366
0.022744
0.031702
0
0
0
0
0
0.46931
0.073246
0.022842
0.11604
0.23958
0.017753
0
0.091745
0
0.15899
0.32836
0
0
0
0.087316
0
0
0
0
0.36282
0
0.31994
0.098123
0
0.13737
0
0.27783
0
0.35729
0
0
0
0.32268
0.025129
0
0
0
0
0
0
0.0077332
0.19744
0.15293
0.15296
0.018734
0
0.13485
0
0
0.047262
0.085999
0.07609
0.099381
0
0
0
0
0
0
0.33088
0.11565
0
0.1
0
0.40597
0
0.1755
0
0.049977
0.025154
0
0.14517
0
0.075742
0.17985
0
0
0
0
0
0
0
0.060306
0
0.56145
0
0.45744
0.060224
0
0
0.030383
0.14763
0
0
0
0
0
0.42693
0.11493
0.10147
0.21818
0
0.025294
0.41717
0.33189
0
0
0
0
0
0.0051211
0.0082624
0
0.099315
0
0
0.1341
0.047494
0.17086
0.021683
0
0
0
0.088361
0.00039454
0
0.15712
0
0
0
0
0.025935
0.013283
0
0
0
0.039016
0
0
0
0
0.036305
0.16347
0.14689
0
0
0
0.13372
0
0.12854
0.15659
0
0.037371
0.43196
0
0
0.013371
0
0
0.75142
0.2718
0.19743
0
0
0
0
0
0.03072
0
0.080731
0
0.16538
0.12915
0
0
0
0.23493
0.30504
0
0.043389
0
0.28548
0.083482
0.05808
0
0.044235
0
0.054808
0.20336
0.071115
0
0.082519
0.10844
0
0.083702
0
0
0.023453
0
0
0
0
0
0
0
0
0
0.22533
0
0
0.25139
0.0030266
0
0.13063
0
0
0
0.050031
0
0.2171
0
0
0.11717
0
0.073735
0.18612
0
0
0
0.24855
0.17694
0.69931
0.14034
0
0
0.35353
0
0.18183
0.38079
0.17956
0
0
0
0
0
0
0
0.032819
0.01485
0.14767
0
0.7204
0.38494
0
0
0.005609
0.37248
0.16599
0.059366
0.41153
0
0
0.19087
0.084369
0
0
0
0.0057638
0.10768
0
0
0.2128
0
0
0.038435
0.080004
0
0
0
0
0.035173
0
0
0.024351
0.071508
0
0.15694
0
0
0.34765
0
0
0.27531
0
0.035388
0.050803
0.1729
0.016215
0.33359
0.18543
0.14343
0.038212
0.058106
0
0
0.087035
0.18653
0
0.14342
0.37957
0.19899
0
0.101
0.30143
0
0
0
0
0
0
0.19489
0
0
0.034077
0
0.30446
0
0
0.038718
0.053776
0
0.45573
0
0.14723
0.28036
0.23527
0
0.093222
0
0
0
0
0.38014
0.036918
0
0
0.13202
0
0.33195
0
0.30823
0.033833
0.13463
0.19902
0
0.1257
0
0
0
0
0
0
0
0.14228
0
0.061858
0.11546
0
0.37707
0.15289
0.042854
0
0
0
0
0
0
0.22091
0.19547
0
0
0
0
0.045926
0
0.26433
0.22004
0.018019
0
0
0.26535
0
0
0
0
0
0.33293
0.13079
0.0051713
0
0
0.10922
0.047781
0.18811
0
0
0
0
0.17828
0.049409
0
0
0
0.13899
0.13783
0
0
0.07352
0.094949
0
0.52799
0.16603
0
0
0
0
0.0074214
0.070103
0
0
0.011055
0.26327
0.060445
0.42685
0
0
0.24325
0
0
0
0
0.031898
0.46636
0
0.16589
0.10492
0
0
0
0
0
0
0.12267
0
0.14129
0.048375
0.43969
0
0
0.30203
0.22785
0.24867
0.2589
0.079232
0
0.010508
0
0
0.14396
0
0
0
0.064569
0
0
0
0.094737
0
0
0.37978
0.34725
0.03968
0
0.063319
0
0.020113
0.22908
0
0
0
0
0.1321
0
0.027606
0.21445
0
0.30396
0.41562
0.17877
0
0
0.057705
0.28706
0
0
0
0.23491
0.24947
0.22566
0
0
0.44079
0
0.2336
0
0.12435
0.10449
0
0.28264
0.43575
0.89208
0
0.49276
0
0.1089
0.22136
0.034349
0
0.47511
0.0026446
0
0.10241
0.15851
0
0.044795
0.23432
0
0
0
0.099094
0.057525
0.26901
0
0
0.24035
0
0.061365
0.14457
0.2058
0
0.25633
0
0.093872
0
0.40324
0.48357
0.13577
0.070338
0.30471
0
0
0.39089
0
0.0095295
0.18848
0
0.034433
0
0.17062
0
0.019172
0.3752
0
0.12867
0.069748
0
0.043984
0.069904
0.19689
0.27142
0
0.029829
0
0
0
0.33732
0
0
0.11818
0
0
0.23761
0
0.19479
0
0
0.10681
0
0.26899
0
0
0.10742
0
0.15541
0.077761
0.036382
0
0
0
0
0
0
0
0
0
0
0
0.14199
0.34264
0.17801
0
0
0
0.11048
0
0.27073
0
0
0
0.054586
0
0
0.064724
0
0
0.093682
0
0
0
0
0.26721
0.11583
0
0
0
0
0.17315
0.1627
0.093273
0.46516
0
0
0.2696
0.33639
0.081769
0
0.19969
0
0.053364
0
0.024773
0.28237
0.29723
0
0.10157
0
0
0
0.14238
0
0
0.18585
0
0
0.26779
0
0.29745
0
0
0.11791
0
0.069073
0
0.31693
0
0.2645
0.15937
0.014203
0
0
0
0
0.30028
0.097188
0.015946
0
0
0
0
0.24362
0.023761
0
0
0
0.1673
0
0.23673
0
0
0
0
0
0.07835
0
0.070395
0.29132
0
0
0
0.15751
0.11065
0
0.074285
0.1152
0.069912
0.10675
0
0
0
0.0072493
0.585
0
0.19682
0.16394
0.084273
0.044729
0.068972
0
0
0.11081
0
0.21793
0.16182
0.020233
0.049908
0
0
0.059098
0
0
0
0
0
0
0
0.20752
0.031316
0
0.10825
0
0
0.31242
0
0
0.070465
0.24921
0.037499
0
0.32044
0
0
0
0
0.21477
0
0.44777
0.20698
0.45237
0
0
0
0.23843
0
0.11616
0
0.6667
0
0
0.12413
0
0.013762
0
0
0
0.37628
0
0
0.16243
0.053025
0.22647
0
0
0.11384
0.27045
0
0.0884
0
0
0
0
0.080306
0.25527
0
0.050393
0.3789
0
0
0
0
0
0
0.0029627
0
0.21809
0.46401
0.47852
0
0
0
0.23103
0.10341
0.14461
0
0
0
0
0.32558
0
0
0
0
0.061814
0
0
0
0
0.34755
0
0.53483
0.21805
0
0
0.27161
0
0
0.14042
0
0
0.21753
0
0
0
0
0
0
0.023247
0
0.078301
0.10431
0.45688
0
0.605
0.085777
0
0
0
0
0
0
0.25658
0
0
0
0.25069
0
0
0.34236
0
0
0
0.02178
0.11027
0
0
0.055811
0
0.096918
0
0
0.012814
0
0.069988
0.038245
0
0
0
0.045439
0.010524
0.18787
0
0
0
0
0
0
0
0
0
0.33442
0
0.046951
0.063507
0.05068
0.092863
0.19495
0.22333
0.17127
0.41988
0.5985
0.16224
0.22547
0
0
0.093559
0.1791
0.26416
0
0.48698
0
0.0053124
0.01729
0.30579
0
0.015469
0.11918
0
0.13075
0.1682
0.011749
0.24727
0.26652
0
0.058047
0
0
0.31701
0.37321
0.063072
0.046426
0
0
0.063025
0.12312
0.2062
0.12125
0.052145
0
0.0081276
0
0
0.053745
0.11306
0
0.19112
0.1231
0
0
0.23492
0
0.12978
0.37494
0.064485
0.16772
0
0.044538
0
0
0.29343
0
0
0.17224
0
0
0.37079
0.035449
0.26357
0.054465
0.022138
0.01036
0
0.17206
0.0022709
0
0.069413
0.069625
0
0.036678
0
0.49768
0
0
0.18029
0
0
0.010496
0.007476
0.18687
0.48131
0
0
0
0
0
0
0
0
0
0.24483
0
0
0.25016
0.08743
0
0.037098
0.067894
0
0
0.18655
0
0.20419
0
0.027214
0.23929
0.11699
0
0.074716
0
0.050681
0
0
0.18418
0
0
0.062933
0
0
0
0
0
0.38857
0.12835
0
0.14206
0
0.19986
0.52217
0
0.13478
0.15046
0
0.20865
0.32547
0
0
0.46707
0
0
0.26561
0
0.52032
0.10739
0
0.22378
0.24098
0
0.0046984
0.245
0
0.33831
0
0.046745
0.66469
0
0
0.084417
0.29375
0.40857
0.14303
0.022338
0.39362
0
0.09876
0
0
0
0
0.041394
0
0
0
0
0
0.088658
0.0002672
0
0.15776
0
0.1735
0
0.1638
0.02537
0
0
0
0.30703
0.36008
0.1267
0
0
0
0.17736
0.43534
0.0011735
0
0.64391
0
0
0.075724
0.14772
0
0.31406
0
0
0
0.452
0.020933
0
0.049673
0
0.076111
0
0.0084652
0
0.49445
0
0.024574
0.12419
0
0
0
0
0
0
0.21823
0
0.39303
0.10104
0
0
0.21082
0
0
0
0.17028
0
0
0.27015
0.10557
0
0
0.26012
0.026772
0
0.16813
0
0.3226
0
0
0.093339
0.026157
0.36749
0.36392
0.047824
0.1018
0
0.12188
0
0
0.19188
0.0023372
0
0
0
0.18065
0.27033
0
0.0078545
0.041741
0
0.34967
0.0094377
0
0.0027705
0.083269
0.12235
0
0.025432
0.30634
0.11238
0
0
0
0
0
0
0.076222
0.27508
0.28029
0
0
0
0.16005
0
0.04293
0.41234
0.075266
0.11349
0.38945
0
0.025175
0.081921
0
0
0.11313
0
0
0
0.090676
0
0.3739
0.5129
0.24011
0
0.025559
0.11115
0
0
0
0
0
0
0.1515
0.14593
0.11184
0.137
0
0
0
0
0
0
0.026181
0.12611
0
0
0.32041
0
0
0.19036
0.2918
0.25738
0
0
0.10046
0.031458
0
0
0
0
0.12295
0.0067694
0
0.14073
0.13553
0.28572
0
0.17825
0.44819
0
0.23827
0
0
0
0
0.31376
0.023798
0.078158
0.010481
0.25517
0
0.21388
0.039994
0.15428
0.17496
0
0.196
0.041255
0.17933
0
0.033545
0.28042
0.28727
0.060555
0.26016
0
0
0.3842
0
0.55703
0.19806
0.5526
0.15355
0
0
0
0
0.3563
0.29772
0
0
0
0.16085
0
0
0
0
0
0
0.0085279
0
0
0
0
0
0.28056
0.039732
0
0.32289
0.43695
0.11583
0
0
0.033462
0
0
0.24121
0
0
0
0
0
0.50926
0
0.57694
0
0
0
0.047685
0
0.051486
0
0
0.15851
0
0.16604
0
0
0
0
0.16914
0.21083
0.37459
0
0.14302
0.35237
0
0
0
0
0.085359
0.015608
0
0.052626
0
0.049825
0
0
0.35692
0.28828
0
0.036184
0.017999
0
0
0
0.02481
0
0.23837
0.13827
0
0.1873
0
0.055796
0
0
0
0.041316
0
0.036795
0
0.093899
0
0
0
0.43702
0
0
0
0
0.14273
0.33289
0
0.055191
0.14007
0
0
0.22848
0
0.023388
0
0.14061
0.20335
0.18508
0.15555
0.055234
0.060484
0.69838
0
0.12322
0
0
0.043486
0
0.3453
0
0
0
0
0.17323
0.4248
0.049723
0
0
0
0
0
0
0.12807
0.83538
0.25814
0
0
0.17176
0
0.22034
0.0073543
0
0
0.29609
0
0.047194
0
0.21244
0.13372
0
0.017659
0
0
0.31609
0
0
0.11792
0
0
0.043037
0
0.047608
0
0
0
0
0.43305
0.10476
0.18429
0.44581
0
0.1401
0.024411
0.052134
0
0.0043533
0.29586
0.22139
0.0076411
0
0.14764
0.058456
0
0
0.09146
0.21064
0.31949
0
0
0.13085
0
0
0.079381
0
0.17313
0
0.66321
0
0
0
0
0.044708
0
0
0
0.15126
0.57358
0
0
0
0.10563
0.021097
0
0.15925
0
0.29825
0.26127
0.089463
0.13844
0
0
0
0
0.23395
0
0.21344
0.013631
0
0
0
0
0
0
0.29146
0.2346
0.37028
0.08484
0
0.23496
0
0.29378
0
0
0
0.16356
0.34979
0.88286
0.041116
0.43002
0.022307
0
0
0.0072622
0
0.13272
0.10408
0
0
0
0
0
0
0
0
0.081442
0
0
0
0.30071
0
0.2051
0
0
0.31677
0.12465
0
0.11476
0
0.098398
0
0.16957
0
0
0
0
0
0.090784
0
0
0.056328
0.023398
0.20931
0
0
0
0
0.52418
0
0.030435
0.20479
0
0.070888
0
0.52462
0
0.46688
0.084843
0
0
0
0.13148
0
0.2538
0.014951
0
0
0.0025519
0
0
0.12685
0
0
0
0
0
0
0
0.063225
0.30286
0.29487
0
0
0
0.096428
0.077941
0
0
0
0.23907
0
0
0
0.014835
0
0.073618
0
0
0.024126
0
0
0.065641
0.42663
0.10012
0.13847
0
0
0.078161
0.044324
0.10551
0
0
0.36407
0
0
0.40345
0.2706
0
0
0
0.056998
0.031661
0
0
0
0.1625
0.12155
0
0.40777
0.037828
0
0.23876
0.041674
0.061787
0.068329
0.14499
0.22254
0.012618
0.45171
0.28734
0
0.10872
0.016815
0
0
0
0
0
0
0.28082
0.037873
0
0.036723
0
0.31654
0
0
0.010455
0.014862
0.019525
0
0.4571
0.050525
0
0
0.065611
0.066825
0
0
0.41239
0
0
0
0.082286
0
0
0.10536
0.21495
0
0
0
0
0
0
0
0.21198
0.0063838
0.29976
0.053104
0
0
0.16253
0.14528
0
0.017722
0
0.16892
0
0
0.46371
0
0.61366
0
0.024733
0
0
0.17107
0
0.010201
0
0
0.20753
0
0.13667
0
0.24602
0
0
0
0.011584
0
0
0.57348
0
0
0
0.11071
0
0
0
0
0.001404
0
0
0.033121
0
0
0.20903
0.629
0
0
0.11352
0
0
0
0
0
0
0
0.014142
0
0
0.025418
0
0
0.0015135
0
0.057747
0.34667
0
0
0.34196
0
0.55731
0.24985
0.021855
0
0.016354
0
0
0
0.14733
0
0
0
0
0.072082
0
0.085609
0
0.32208
0.086496
0
0.0010199
0.12837
0
0.13994
0.19883
0
0.044346
0
0
0.16372
0
0
0.24498
0.10606
0
0
0.10453
0.042463
0.27717
0
0
0
0.0015014
0.64574
0
0
0
0
0.22511
0
0
0.078945
0
0
0
0.044278
0
0
0.040859
0.044773
0
0
0.074389
0.14555
0
0
0.13539
0.094525
0.45788
0.35234
0.031308
0
0.10579
0
0.26272
0
0
0
0.065942
0.21765
0
0
0
0
0
0
0.13008
0.10231
0.21785
0.27876
0
0
0
0
0.22402
0
0.023576
0
0
0
0.16766
0
0.010685
0
0.053931
0.033291
0
0
0
0
0
0
0
0
0
0
0.22889
0.021091
0
0
0.042942
0
0
0.13475
0
0.19202
0.040549
0.1456
0.20184
0
0.19341
0.15107
0
0
0
0
0
0
0
0.15698
0
0.184
0
0.069888
0
0.25655
0.036943
0
0
0
0
0
0
0
0
0.12294
0
0
0
0.052046
0
0
0
0.28177
0.35718
0.20606
0
0
0.26705
0.24865
0.17175
0.10707
0
0
0
0
0
0
0.27536
0
0.027313
0
0
0.22636
0.028384
0
0
0.058626
0
0
0
0
0
0
0
0.05012
0.15239
0
0
0.36479
0.0084176
0
0.09128
0
0.028312
0
0
0
0.13108
0
0
0.1901
0
0.055023
0
0.20732
0
0
0
0.11959
0
0
0
0
0.021803
0
0
0
0
0
0.074694
0.050221
0
0.060073
0
0
0.012919
0
0.12002
0
0
0.35628
0.016049
0.02451
0.089241
0.040747
0.096411
0.22015
0.017655
0
0.27797
0
0.25022
0
0.061688
0
0.010407
0
0.11324
0
0.35637
0
0
0
0
0
0
0.12461
0.29094
0.1959
0.15151
0
0
0
0
0.0068533
0.11392
0.31265
0
0
0
0
0
0
0
0
0
0.029467
0.024772
0
0
0
0.13791
0
0
0
0
0.606
0.26737
0
0.24765
0
0
0
0.26768
0.0051111
0
0.24462
0.12388
0
0
0.16737
0
0
0
0.14183
0.013074
0
0.26735
0
0.11582
0.12859
0
0
0.19962
0.032582
0
0.40432
0.049342
0
0
0
0
0
0
0
0
0
0
0
0
0.010083
0
0.13134
0
0
0
0
0
0.11382
0.052127
0
0
0.080171
0
0
0.076039
0.22996
0
0.12906
0
0.003124
0.01473
0.071706
0
0
0.02713
0.27353
0
0
0
0
0
0
0.12681
0.19184
0.13072
0.15282
0
0.34059
0
0.005697
0.21291
0
0.2465
0.17697
0
0.26383
0
0
0
0.14242
0.43957
0.01072
0.094051
0
0.064438
0.11091
0
0
0
0
0
0
0.20569
0
0.084961
0
0.23912
0
0.076496
0
0
0
0
0
0
0
0
0
0
0
0.066906
0.2866
0.23948
0.28069
0
0
0
0
0.12752
0.19296
0.076662
0
0.51762
0
0.0026214
0.095613
0.013659
0
0
0
0
0
0.08209
0
0
0
0
0
0.1287
0
0
0.38759
0
0
0
0
0.0034608
0.18996
0
0
0.23267
0.1413
0
0.042134
0
0
0.14408
0.10093
0
0.14455
0.19751
0.14156
0
0
0.63733
0
0
0.005921
0.13888
0.092473
0
0.1831
0.34187
0
0.28746
0.030777
0.08954
0.32732
0.044908
0.00082301
0
0
0.5062
0
0.21718
0.14663
0.47205
0
0.11605
0
0
0
0.092051
0
0
0
0.0986
0
0.34711
0
0.037257
0
0
0.15006
0.093304
0.52099
0.079494
0
0
0
0
0
0
0
0.40439
0
0
0
0.12315
0
0
0
0
0
0.19625
0
0.052792
0
0.4072
0.066176
0.043307
0.31235
0
0.20052
0
0
0.18384
0.061569
0
0.00067195
0
0.15596
0
0.18172
0.39774
0.3841
0.26588
0
0.047224
0
0.099732
0.15208
0.40218
0
0
0.078993
0.22534
0
0
0
0.22307
0.16179
0
0.02149
0.38355
0.06409
0
0.059939
0
0.0089465
0.092255
0.50667
0.15797
0.058588
0
0
0
0
0
0
0
0
0.20303
0
0
0.10315
0.076652
0.011756
0
0.1692
0.037316
0.10503
0
0.098094
0
0.099714
0
0.080427
0.31167
0
0
0.11662
0.28028
0
0.21061
0.10427
0
0
0
0.091519
0.11496
0
0
0
0
0.23753
0
0.068421
0
0
0.14406
0
0.0079059
0
0.19295
0.037305
0
0.08614
0
0
0.15505
0.17838
0.092
0
0
0.20769
0.11995
0
0.014666
0.11469
0.22845
0
0.26653
0
0.2218
0.038815
0.5513
0
0.19485
0
0
0.23985
0.16335
0.0083933
0.040198
0
0
0.056847
0
0.0045533
0.014927
0
0
0
0
0
0
0
0.24402
0
0.2376
0.49796
0.039051
0.2377
0.046885
0
0.014624
0.23161
0
0
0.040609
0
0.17094
0
0.093142
0
0
0
0.051597
0
0.040846
0.69102
0.1046
0.43697
0
0.24419
0
0
0.070183
0.035636
0.13497
0.39909
0.28841
0.11456
0
0
0.053563
0
0
0
0
0.19574
0.52445
0.26669
0
0.20449
0.044072
0
0
0.087382
0
0.13508
0
0
0.052623
0.029775
0
0.56498
0
0
0.1155
0
0
0.24292
0
0.38257
0
0.26909
0.4295
0
0
0
0
0.10059
0
0.14606
0
0
0.034599
0
0
0.11017
0.23208
0
0.11427
0
0
0
0
0.0066677
0.05098
0
0
0
0.26082
0.32839
0
0
0
0
0.77422
0
0.16545
0
0.059154
0
0.089317
0
0
0
0
0
0
0
0.027342
0.096168
0
0.25883
0.060641
0.10511
0
0.14923
0
0.14957
0
0
0.29538
0
0
0
0.35384
0.66864
0.098277
0.053011
0.083598
0
0
0.41446
0
0.15685
0
0.092664
0
0.34768
0.17006
0
0.037081
0.36139
0
0.3398
0
0
0
0
0.10385
0.21521
0.037037
0
0.24919
0
0.074659
0
0
0
0.065398
0
0.13301
0.46575
0
0.29599
0.051533
0
0.048911
0
0
0.12051
0
0
0.025654
0.42718
0
0
0
0.013708
0
0
0
0.13158
0
0.13554
0.37176
0
0
0
0
0
0.16065
0
0.083962
0
0.10169
0
0.1272
0
0
0
0.039788
0
0
0
0
0
0
0
0.061002
0
0.39077
0.29779
0
0
0.061247
0.19573
0.032751
0.084899
0.078044
0
0.22209
0
0
0
0.18267
0
0
0.068721
0.20761
0.19809
0.21227
0
0.38685
0
0
0
0.30652
0.30082
0
0.29277
0.50435
0.21789
0.0037144
0
0.19755
0.2122
0
0.24336
0
0
0
0.24363
0.52449
0
0.048737
0.10786
0
0.47099
0.054416
0
0
0.41504
0
0
0.029607
0.48847
0
0
0.081997
0.34248
0
0
0.17129
0
0.28129
0
0
0.11321
0
0
0
0
0
0
0.10746
0
0.3932
0
0
0.13439
0
0.057699
0
0.088717
0
0.38237
0
0.10058
0.18092
0.0070252
0
0
0
0.41494
0
0.076171
0.45625
0
0
0
0.36055
0.15816
0
0
0
0.19949
0
0
0.18178
0
0
0.20079
0
0.35856
0.45651
0.024394
0
0
0.39433
0
0
0
0
0.26218
0.20463
0.07828
0
0.1623
0
0
0
0
0
0
0
0
0.43111
0.12238
0
0
0
0.33238
0.051074
0
0
0.21801
0
0
0
0.019869
0.39057
0.00011436
0
0
0.38951
0
0.0089481
0
0.30014
0
0.2438
0.12331
0
0
0.13313
0.14371
0
0
0
0.081321
0.077731
0
0
0.065878
0.30926
0.62682
0.23204
0
0
0.015179
0.20796
0
0
0.1651
0.25818
0.14703
0.051596
0
0.13497
0
0.076708
0.0433
0
0
0
0.22175
0.05928
0.32015
0
0
0.16673
0
0.27658
0
0.1022
0
0
0
0
0
0
0
0
0
0.33413
0.54977
0.10812
0
0.097971
0
0.20076
0.069661
0.033866
0
0
0.35428
0
0
0.29491
0
0.24228
0.30799
0.25746
0
0.0052066
0
0.053661
0
0
0
0
0.098546
0
0
0.058246
0.20114
0.26425
0.061365
0
0
0.0073597
0.20698
0
0.060878
0.020964
0
0
0.13021
0.013505
0
0.30079
0.13723
0
0
0
0
0
0
0.086684
0.16527
0
0
0.0048697
0
0.066785
0
0
0.33712
0
0.24307
0
0.23029
0
0.025397
0
0
0
0
0.11852
0.17206
0.24978
0.45272
0
0
0.11348
0.30944
0
0
0.011664
0
0.051695
0
0
0
0.20193
0
0.074737
0.12606
0.25902
0.058936
0
0
0
0
0
0
0.081998
0.029306
0
0
0.0014707
0.11118
0
0
0.11702
0.12327
0.045386
0.062049
0.18985
0
0
0.25319
0.1791
0.2816
0.068136
0.29751
0
0.027627
0.041907
0
0
0
0
0
0
0
0.071803
0
0
0
0
0.038458
0.26106
0.074151
0
0
0
0.61369
0.42691
0.00097459
0
0
0
0
0
0
0
0
0.037581
0.10377
0
0
0
0
0.053975
0
0.13117
0.0048561
0.073507
0.22903
0.36073
0.14095
0
0
0.031962
0
0.060269
0
0
0
0.049971
0
0
0.075891
0.22482
0.23178
0.20934
0.089149
0
0
0
0.22728
0.058601
0.021018
0.26518
0.038747
0.23578
0.17622
0
0.11232
0
0.21658
0
0
0
0
0.44584
0
0
0.086776
0.040263
0.053
0.37767
0.44547
0
0
0.35177
0
0.073652
0.33796
0
0
0
0
0
0
0
0.0009105
0
0.069739
0
0
0.13231
0.18572
0.223
0
0.4644
0
0.28107
0.13992
0
0.12573
0.21673
0.40848
0
0
0.14079
0
0.14885
0
0.40573
0.041798
0
0.21674
0
0
0
0
0
0.085746
0.28185
0
0
0
0
0.18468
0
0.23192
0
0.18437
0.11566
0.016728
0.088088
0.049467
0.13763
0
0
0
0
0.076665
0.14701
0.27067
0.095756
0.059612
0
0
0
0
0
0
0.15099
0
0.31339
0
0
0
0.0090705
0.27447
0
0.20742
0.089034
0
0
0
0.36204
0
0
0
0.17868
0
0
0
0
0
0.17955
0.020551
0
0.52146
0.054584
0
0.15732
0
0.078416
0.10558
0.030704
0.16088
0.011429
0.11681
0
0
0.079328
0.040911
0
0
0
0
0
0.013437
0
0.0056219
0
0.21547
0.37705
0
0
0.092898
0.074759
0
0
0
0
0
0
0.30147
0
0
0
0
0
0.23832
0
0.27496
0
0
0.20124
0
0.62236
0
0
0.084985
0.031171
0.14112
0
0
0
0.070801
0
0.26543
0.13308
0
0.30778
0.21931
0
0
0.14441
0.40448
0
0.20811
0.4027
0
0
0.085166
0
0
0.005986
0
0.30195
0.64648
0
0
0
0.33575
0
0
0.00025932
0.1024
0
0
0
0.030794
0.65251
0.77207
0
0
0
0
0.045253
0.25449
0
0.021183
0
0.053694
0.23932
0
0
0
0
0
0.19596
0
0.17376
0.16595
0.26658
0.0070706
0
0
0
0
0
0.15392
0.074439
0.30759
0
0.11769
0
0.17842
0
0
0.52752
0
0
0.17282
0.094911
0.20223
0.11818
0
0
0
0.11074
0
0
0.3899
0
0
0
0
0
0.093806
0.23297
0
0.20414
0.17515
0.20122
0
0.13414
0
0.19723
0
0
0.2394
0
0
0
0.43154
0
0
0.018178
0
0.29528
0.015437
0
0
0.17542
0
0
0
0.052354
0
0.31253
0
0
0
0.17131
0
0.1681
0
0
0
0
0.04372
0.53556
0.12602
0
0.08438
0
0.029271
0.045816
0.27537
0
0
0
0.19134
0
0
0.011563
0.34943
0.057258
0
0.053293
0.02757
0.25874
0
0.049497
0
0.09407
0.51034
0.0067071
0.10111
0.0070482
0
0
0
0.47597
0
0.03409
0
0
0
0
0
0.21588
0
0
0.062227
0
0.26256
0.149
0
0
0
0.5428
0
0
0.2419
0
0
0
0
0
0
0
0
0
0
0
0.19585
0
0
0
0
0
0
0.17001
0.31571
0
0
0.020804
0.34558
0.17435
0
0.12255
0
0.0015029
0.084289
0.045427
0.2698
0.013373
0.13559
0
0
0
0
0.10943
0
0
0.18749
0
0
0
0
0.32334
0
0
0.18162
0
0
0.34082
0.32934
0.18723
0
0.4973
0
0
0
0
0
0
0
0
0.070248
0.47885
0.35646
0.20881
0.23545
0.039278
0.077838
0.16949
0.38421
0
0.31099
0
0
0
0
0.61031
0.0651
0
0.21873
0.073186
0
0
0.035019
0
0.1419
0.17789
0.19455
0.11858
0.072885
0
0
0.44034
0
0
0
0
0
0.12648
0.22076
0
0.11068
0.10465
0.25267
0
0.075317
0.25456
0.25844
0
0
0
0
0.014153
0.42373
0
0.18859
0.044406
0.1179
0
0.28212
0.043492
0.30315
0
0.12505
0
0
0
0
0
0.060233
0.39293
0
0
0.0065753
0.022592
0
0.025871
0.39626
0
0.049587
0.42769
0.51652
0.24507
0.14467
0
0.1088
0.16615
0
0
0.064953
0
0.67762
0
0
0.17465
0
0
0
0.0237
0
0
0.019052
0.038399
0.20803
0.4721
0
0.030849
0
0.0070553
0.16584
0.16051
0.095955
0
0
0
0
0.077276
0
0.05316
0.081433
0.017144
0
0.05308
0
0
0
0
0.18416
0.069101
0
0
0.082256
0
0.02091
0.37137
0.16103
0.03937
0
0
0.28064
0.43937
0.64197
0
0.45713
0.11703
0.77071
0
0.40025
0.012454
0
0
0.091574
0
0
0.2549
0.21112
0.18502
0.10571
0
0
0
0.11952
0.067888
0.14296
0.010366
0
0
0
0
0.036456
0.23306
0
0.35116
0.16186
0
0.35921
0
0
0
0.040457
0
0.027575
0.0073507
0.10795
0
0.15094
0
0.17162
0
0
0
0
0
0
0.076909
0
0
0.12206
0
0
0
0.36319
0
0
0.040114
0.042437
0
0
0
0
0
0
0.073084
0.1243
0
0
0
0
0.0015098
0.32909
0
0.14697
0.30547
0
0.26529
0
0
0.16255
0
0.25279
0.038674
0.19117
0
0.26707
0
0
0.085045
0
0.16383
0
0
0.069092
0.05244
0
0.04677
0.0034398
0.056002
0.071874
0.063341
0.056022
0
0
0
0
0.30996
0.071344
0.047171
0.15756
0.49694
0.22472
0.054957
0.20422
0.10899
0.43331
0
0.32294
0
0.32286
0
0
0
0.068627
0
0.16419
0.15012
0
0.09342
0.6269
0
0.39656
0.12314
0
0.01513
0
0.14808
0.044581
0
0.10339
0.0071896
0
0.13037
0.14741
0.081969
0
0
0
0.20521
0
0.3075
0.08959
0
0.011386
0
0.16561
0
0
0
0
0.21574
0.5606
0.29998
0.26913
0.20947
0
0
0
0.33209
0.2988
0
0
0.45584
0
0.31685
0
0
0
0
0
0
0
0
0
0
0
0.045242
0
0
0
0.065056
0.55917
0
0.085849
0
0
0
0
0.27855
0.20232
0
0
0
0
0
0
0.0020672
0
0
0.033113
0.15837
0
0
0
0.011273
0
0
0
0
0
0.18705
0.18354
0
0
0
0
0
0
0
0.21169
0
0
0
0
0.45624
0
0
0.0025333
0
0.14636
0
0.13759
0
0
0
0.44685
0
0.54005
0.27657
0.051033
0
0
0.029229
0
0.11183
0.063022
0
0.086598
0.043012
0
0
0.063877
0.24889
0
0
0.052855
0
0
0
0
0.17871
0.20796
0
0
0.43243
0.046908
0
0
0
0
0.23222
0
0
0
0
0
0
0
0.087864
0
0
0
0
0
0
0.095039
0
0
0
0.027905
0
0
0
0.26161
0.28428
0
0
0
0.43586
0.18398
0
0
0.1349
0
0
0.4293
0.041056
0.31291
0.072389
0
0
0.36278
0.84675
0
0
0
0
0.057196
0.24528
0
0.13063
0
0
0
0
0.51034
0
0.49768
0.041571
0
0.030107
0.29772
0
0
0.29087
0
0.20494
0.061125
0
0
0
0
0
0
0.12032
0.23432
0.030388
0.1759
0
0
0
0.48917
0.45706
0.3748
0
0
0
0.031562
0
0
0.28334
0.27948
0
0
0.019874
0
0
0
0.02298
0.031213
0
0.14168
0
0
0
0
0.40046
0
0
0.034461
0
0
0
0
0
0
0
0
0
0.063588
0.22633
0
0
0.1941
0
0.074125
0.026194
0.1276
0
0.044686
0.12978
0.025292
0
0.12176
0.0054254
0
0
0
0
0.28031
0.15167
0.14532
0
0
0.21408
0
0
0
0.018174
0
0.3081
0
0.81468
0
0
0.0578
0
0
0
0.50732
0
0.13806
0.06268
0
0.23018
0.068015
0.27226
0
0.37891
0
0
0.27868
0
0
0.23693
0.12419
0
0
0.25242
0
0.19141
0.065983
0.024528
0.25058
0
0.31969
0.05256
0.18375
0.33477
0.25883
0.175
0
0.27092
0
0.0074742
0.18326
0.071461
0
0.16987
0
0.33518
0.097014
0
0.099616
0
0
0.22093
0
0.13726
0
0
0
0.22978
0
0.19183
0
0
0.047811
0.07164
0
0
0.15946
0.0046404
0.047456
0.10835
0
0.11885
0.44194
0.10193
0.048259
0.44493
0
0
0
0
0
0.14972
0
0
0.2582
0.033867
0.12403
0.29494
0
0
0.28865
0.10111
0
0.10879
0
0
0
0.30507
0
0.084414
0.038684
0.039296
0.15781
0.032434
0.17483
0.30231
0.20556
0
0
0
0
0
0
0.043666
0.0070612
0.05056
0
0
0
0
0.27276
0
0
0.17747
0
0
0
0
0
0.019149
0.016495
0
0
0
0
0
0
0.088742
0
0.001281
0
0.33666
0
0.14495
0
0
0
0
0
0.060296
0
0.09026
0.2276
0.043544
0.21264
0
0
0.23024
0
0.0095542
0
0
0
0
0
0
0
0
0
0
0
0
0
0.060996
0
0.036737
0.02862
0.062894
0
0
0
0
0.080925
0
0
0
0
0.24082
0.012485
0
0
0.071029
0.034159
0
0.085297
0
0
0.19265
0.058425
0
0.17382
0.30803
0
0.53877
0.4922
0.12768
0.36837
0
0
0.19171
0.10718
0
0.053204
0.25113
0.35461
0.087977
0
0
0.23155
0
0
0
0
0.00038253
0.064414
0
0
0.092867
0
0.24069
0.12571
0
0.085222
0.097929
0
0
0
0.21354
0.16448
0
0
0
0.31006
0
0
0
0.057134
0
0.13144
0
0.080009
0.4341
0
0
0
0
0.023249
0.086973
0
0.23994
0
0
0.37355
0
0.067152
0
0.067357
0
0.17923
0
0
0
0.07855
0.054329
0.26914
0
0.36061
0.0078123
0
0.06961
0
0
0
0
0.45013
0
0
0
0
0
0
0.011918
0
0
0
0
0
0.41483
0
0.10229
0
0.087869
0
0
0.10667
0
0
0
0
0.050344
8.5605e-005
0.063645
0
0.2849
0
0
0.22824
0.30543
0
0
0.036684
0.16884
0.23451
0.0088924
0
0
0.14793
0.12183
0
0
0
0.10706
0
0.2515
0.28428
0
0
0
0
0
0
0
0
0
0.22213
0
0.060041
0.12897
0
0
0.82548
0.12519
0
0
0.11652
0
0.30151
0.12539
0
0.15487
0.083561
0
0
0
0
0
0
0
0
0.097715
0.32016
0.14212
0.26053
0
0
0.064162
0
0.15313
0.036048
0
0.042226
0
0
0.095454
0
0
0
0
0
0
0
0
0
0.18031
0
0
0.035727
0.13756
0
0.04201
0
0.42323
0
0
0.19016
0
0.0012004
0.36407
0
0
0
0
0.22442
0.36983
0
0
0
0
0.24733
0
0
0.15303
0
0
0.023681
0
0.028577
0
0.095493
0
0
0.12043
0.04168
0
0.34859
0
0.072814
0
0
0.35815
0
0
0
0
0.19647
0.11859
0.19076
0
0
0.084333
0
0
0
0
0
0
0
0.27072
0
0.21375
0.061472
0.13673
0
0
0.060494
0.094094
0
0
0.21453
0.016305
0.32555
0
0
0.46393
0.13637
0
0
0.3035
0.085782
0.36641
0
0
0
0.17335
0
0
0
0.081792
0.11228
0.32551
0
0
0
0
0
0
0
0.22582
0
0
0
0.020888
0
0.11347
0
0
0.054825
0
0.014538
0
0
0
0.39259
0.041144
0.11143
0
0
0
0
0
0.28216
0
0
0
0.091988
0
0.1231
0
0.2142
0
0
0.27035
0
0.12163
0
0.15862
0.095984
0
0
0.2129
0
0
0.1732
0.23608
0.076099
0
0
0.011759
0
0.19178
0
0.081384
0
0
0.06986
0
0.062823
0.21354
0.021249
0
0
0
0
0.20033
0.14161
0.06113
0
0
0
0
0.21202
0
0
0.17242
0.030669
0.20219
0
0.35583
0
0.043552
0.087296
0
0
0.15181
0.073971
0
0
0.011165
0.42903
0
0.052124
0
0.33464
0.033609
0
0
0
0
0
0.099589
0
0
0.052706
0
0
0
0.33926
0
0
0.038966
0.20955
0
0.053304
0
0.068334
0
0.17314
0.16838
0
0.09543
0
0.23911
0.38623
0.18715
0
0
0.22421
0.27841
0.15462
0
0
0
0.39092
0
0.17675
0
0
0
0
0
0
0
0
0
0.11873
0.037131
0.0017664
0.17893
0.011872
0
0.22073
0
0.11471
0
0.028149
0
0
0
0
0.17134
0
0
0.070378
0.12432
0.08268
0.61852
0.00049162
0.062782
0
0
0
0.25095
0
0
0
0
0
0
0
0.021894
0
0.10728
0.068402
0.21232
0
0.012301
0.28846
0
0
0.27335
0
0
0
0
0
0.05594
0
0
0.19006
0.13525
0
0.24333
0.13187
0.003583
0
0.16909
0
0.16068
0
0
0.093722
0
0
0
0
0
0.3476
0
0.17485
0
0
0.25786
0
0
0.22214
0.14066
0
0.20892
0
0
0
0
0
0.13418
0
0.17426
0.15975
0
0
0.1743
0.045051
0.1098
0
0.076109
0.36364
0.38969
0.17857
0.20802
0
0.41162
0
0
0
0.03338
0
0.46563
0
0
0.088215
0.035015
0.0018561
0
0
0.4141
0
0
0
0
0.16989
0
0.097434
0.19744
0
0
0
0.21295
0
0.041149
0.19726
0.10707
0.14772
0
0
0.028387
0
0
0
0.16761
0
0
0.0651
0.20916
0
0.088942
0
0
0
0
0.041179
0.14635
0
0
0.089
0
0
0.22525
0
0
0
0
0.1199
0
0
0.07293
0
0.061669
0.3405
0
0.13561
0
0
0
0.19483
0.32516
0
0
0
0.063964
0
0
0
0.46966
0.3359
0.091133
0.3214
0
0
0
0
0
0
0
0
0
0.2941
0.080035
0.051603
0.066085
0.66778
0.00074328
0
0
0
0
0
0
0.042222
0
0.54184
0
0
0
0
0
0.37226
0.23341
0
0
0
0.21575
0.039767
0.24885
0.071709
0.316
0
0.12097
0.26925
0.15813
0
0.57939
0.44266
0
0
0
0.25803
0
0
0.20608
0
0.067509
0.0039812
0
0.0085358
0.21211
0.26058
0
0
0
0
0
0
0
0.34258
0.036532
0.075891
0.086669
0
0
0
0
0
0
0
0.070156
0.05362
0.096293
0.052624
0
0
0.12321
0
0.11385
0
0.12762
0
0.015174
0.0857
0.3951
0
0.031825
0
0.085654
0.18014
0.43049
0
0.0032328
0
0.081028
0
0.18933
0
0
0
0.029613
0.25651
0
0.076797
0
0
0.073803
0.014791
0
0
0.019615
0
0.086363
0
0
0
0.31956
0
0
0
0
0
0.20124
0
0.096268
0
0
0
0
0.055948
0
0
0.32613
0
0.15847
0
0
0
0
0
0
0.29859
0
0
0
0
0.058664
0.064531
0
0
0.42662
0
0.082037
0
0
0
0.064893
0.3008
0.053158
0
0.1349
0.25952
0
0
0
0
0
0
0
0.04158
0.093539
0
0.045895
0.51894
0
0
0
0.012055
0.14672
0.054432
0.41804
0
0
0
0.5404
0.44652
0.13044
0
0.049642
0.21136
0.14105
0.13929
0.013142
0
0
0
0.17652
0.16913
0.027691
0.1253
0
0
0
0
0
0
0
0.094449
0
0.15124
0
0
0
0
0
0
0
0.031515
0
0
0.0020181
0.30031
0
0
0
0
0.065857
0
0
0
0
0.17353
0
0
0
0
0.13791
0
0.22753
0.35276
0
0
0
0.30659
0
0
0.65899
0
0
0.1699
0
0
0
0
0
0
0
0.15848
0.010837
0
0
0.35768
0
0.15273
0.31997
0
0
0.44899
0.25204
0
0.048977
0
0.031547
0.068625
0.10788
0
0
0.32661
0.056373
0.17793
0
0
0.18179
0.54223
0
0.057435
0
0.060618
0
0
0.012221
0
0
0.38275
0.20291
0.17642
0.17806
0
0.096842
0
0.015786
0.25775
0
0
0
0.24384
0.053353
0.12854
0.15802
0.099975
0.077557
0.19422
0
0.11579
0.26952
0.041759
0.26025
0
0
0
0
0.18565
0.19463
0
0.028401
0
0.016426
0.18105
0
0.077027
0
0
0
0
0
0
0.061037
0.19005
0.1877
0
0.42918
0
0.12418
0
0.32826
0
0
0
0.83197
0
0
0.032077
0.11945
0
0
0
0.2752
0
0.035586
0
0.32076
0
0.64461
0
0.17887
0.055289
0
0.014336
0.091352
0.35844
0.033092
0.094077
0.047199
0
0
0.27943
0.0756
0
0
0
0
0
0.024981
0
0.0026768
0
0
0.01591
0.075393
0.3191
0.22874
0.095538
0
0.11108
0.60644
0
0.061396
0
0
0
0.31278
0
0.075361
0.0012927
0
0.098138
0.16489
0
0
0.043031
0.3239
0.021868
0.055372
0
0.33918
0.41294
0.022774
0
0
0.33314
0
0
0
0.078414
0
0
0
0
0.17568
0.27118
0
0.079063
0
0
0
0
0
0.091258
0
0.11979
0.0079564
0
0.17413
0.099643
0
0.13815
0
0.27176
0
0
0.47262
0.066347
0
0.0090107
0
0
0
0.056397
0
0.1034
0
0
0
0.1809
0
0
0
0.27177
0.25781
0.13094
0.25222
0.28623
0.1129
0
0
0.068383
0.17595
0.26452
0.10939
0.14042
0
0.49104
0.0036506
0.13707
0.099828
0.039153
0.17662
0.24593
0
0
0.028842
0
0.045566
0.012117
0.1222
0.28251
0
0.45774
0
0
0
0.13439
0
0.0473
0
0.15742
0
0.23539
0.15521
0
0.049162
0.25636
0.25775
0.09241
0.35027
0
0
0
0.045444
0
0.04198
0
0.36271
0
0
0
0
0
0
0
0
0
0.0077156
0
0.44007
0
0
0
0.29234
0.069885
0
0
0.21144
0.40497
0.13259
0.21155
0
0
0.10568
0.07373
0
0
0.37977
0
0.047911
0
0
0.066635
0
0.26729
0.18276
0.44237
0.12386
0
0.12387
0
0
0
0
0
0.0084126
0.022465
0
0.12799
0.066092
0
0
0
0.22419
0
0.042195
0.0062817
0
0.13429
0.14749
0
0.17683
0.39765
0
0
0.089606
0.17519
0
0
0
0
0.2048
0
0
0.078334
0
0.035593
0.21654
0.17986
0
0.44684
0
0.098579
0.095351
0
0
0.30795
0.0055238
0.10391
0
0
0
0.065254
0
0
0
0
0.25238
0.31179
0.078285
0.44111
0.019374
0
0.42837
0.090768
0.37145
0
0
0
0.14075
0.016013
0.040067
0
0.76297
0
0
0
0
0.072502
0.16305
0
0
0.1628
0
0
0.018249
0
0.12024
0
0.12641
0
0
0
0
0
0
0
0
0
0
0
0
0.21274
0
0
0
0
0
0
0.14237
0
0
0
0
0.58519
0
0.3086
0
0
0
0.085827
0
0.36999
0
0
0.19359
0
0
0
0.057132
0
0
0.087737
0
0.02241
0.29455
0
0
0.286
0.12805
0.053943
0
0
0
0
0
0.19842
0.087842
0
0.26407
0.20972
0
0
0.35114
0.25641
0
0.031604
0.042539
0.055324
0
0
0.012396
0
0
0.10553
0
0
0.13437
0
0.094621
0
0
0
0
0
0
0.60379
0.18017
0
0
0
0
0.077778
0.27128
0.27068
0
0
0
0.21113
0
0.027267
0
0.090107
0.011743
0
0.15547
0
0
0.018826
0
0
0.1658
0
0
0
0
0
0.060907
0
0
0
0
0.35285
0
0.021869
0
0.18209
0
0.25994
0
0.16045
0.41195
0.2085
0.25237
0
0.15306
0
0.11541
0
0
0
0.029651
0.054679
0.021387
0.030694
0.71437
0
1.0809
0.053006
0
0
0.075162
0.21397
0.04546
0.034373
0.2793
0
0
0
0.066672
0.058001
0.33473
0
0
0.042181
0
0
0
0
0.16689
0.026545
0
0.053864
0
0.16633
0
0.024236
0
0
0.14982
0.26532
0.14928
0
0
0
0
0
0
0.084999
0
0.21511
0
0
0
0
0.21798
0.1032
0
0
0
0.53916
0
0
0
0
0.40659
0.123
0
0.056045
0.21697
0
0
0.14882
0
0
0.19612
0
0.015964
0
0
0
0.23271
0.32974
0.10991
0
0.48537
0.23034
0
0.38151
0
0
0.051242
0
0
0.020203
0.23392
0
0.23631
0
0.24511
0.46447
0
0.27617
0
0
0.3561
0
0
0.058742
0
0
0
0.07659
0.081983
0.1714
0.0075815
0
0.14792
0
0.25354
0
0
0.20778
0
0.15223
0.17904
0
0
0.032719
0
0.19709
0
0.18474
0
0.16694
0
0
0
0
0.24484
0.2932
0
0.22671
0
0
0.069828
0
0
0.61872
0.020646
0.039204
0
0
0
0
0
0.13647
0
0.37272
0.042114
0.10704
0.073443
0.33279
0
0.010605
0
0.04406
0
0.064472
0.22891
0.2838
0
1.0027
0.0035014
0.33046
0
0.059668
0
0
0.034773
0
0.14594
0
0
0.13221
0.37988
0
0.004156
0.19483
0
0
0
0
0.17288
0
0
0
0
0
0.11708
0
0.34377
0
0
0.27091
0.16589
0.19329
0
0
0
0.28922
0.0074241
0.025698
0.15132
0
0.061365
0.34738
0.18643
0.31617
0.035752
0.16186
0.030518
0
0
0
0.0021989
0.28351
0
0
0.10159
0.19184
0
0
0.0055
0
0
0
0
0.058213
0.34629
0
0.0069402
0
0
0
0
0.20576
0
0.23088
0
0.049014
0
0.03133
0
0.25446
0
0.101
0.1317
0.043097
0.033323
0.0030738
0.083729
0.26009
0
0
0
0.16577
0.026922
0.17148
0
0.22202
0
0.020756
0
0.0171
0
0
0.3917
0.085797
0
0
0
0.22547
0.18731
0
0
0
0.20403
0
0
0.2243
0
0.22062
0.19768
0
0.14212
0
0
0
0.091374
0.20845
0.31056
0.066694
0
0.097583
0
0
0
0.25617
0
0.022978
0
0.756
0.089782
0.073287
0
0
0
0.037575
0
0
0
0.28403
0.069849
0
0
0
0
0.3621
0
0.19783
0
0.25995
0
0.054206
0
0
0.013733
0
0.15888
0.034648
0
0
0
0
0
0.33884
0
0
0
0.064816
0.14396
0.079398
0.19348
0
0
0
0
0
0
0.35959
0.044836
0
0
0
0
0
0
0.20182
0.16515
0.63422
0
0
0.15467
0
0.0099891
0.26726
0
0.17898
0
0.46815
0
0.38509
0.12617
0.12337
0
0
0
0.15584
0.11019
0
0.064876
0
0.17295
0
0
0
0.091201
0
0.41439
0
0.39161
0
0
0.048323
0
0
0
0.15405
0
0.13936
0
0
0.052761
0.0080258
0.013132
0.24453
0
0
0
0
0
0.17847
0.018383
0
0
0.13542
0
0
0
0.22549
0.088345
0
0
0
0
0
0
0
0.2858
0.16649
0.28247
0.21912
0
0.50211
0.043326
0.22292
0
0
0.06043
0
0.018199
0.051168
0
0
0
0
0
0.1554
0
0
0
0
0.12458
0
0.095034
0.019466
0
0
0.072926
0.13741
0
0
0
0
0
0
0
0.041153
0
0.10987
0
0.16748
0.084128
0.094355
0
0
0.043841
0.27953
0
0
0
0
0.23862
0
0.18093
0.14948
0.080811
0
0
0.2636
0.076405
0
0
0.24026
0
0.23725
0
0.035477
0
0.069556
0
0.018068
0
0.18154
0.28182
0
0.41417
0
0.0047353
0.2489
0
0.1494
0.15593
0.024213
0
0
0
0
0
0.36807
0.01399
0
0.11934
0
0
0.090877
0.12088
0
0
0
0
0
0
0.080104
0
0.074123
0
0.4627
0
0.055483
0.0045248
0
0
0
0
0
0
0
0.0033361
0.097228
0
0
0
0
0.30046
0
0
0
0.092152
0.095458
0.11596
0
0
0
0.23533
0.31185
0
0
0
0
0
0
0
0
0
0
0.091402
0
0
0.068327
0
0.34553
0
0
0.11348
0.42827
0.096842
0.15139
0
0.10227
0.20794
0
0
0.55453
0.089163
0
0.038361
0
0.30582
0
0
0.0052101
0
0
0.34127
0.077233
0
0
0.06818
0
0.024762
0
0.3092
0
0.27453
0
0
0.15508
0.54043
0.00071229
0
0.093784
0.48117
0
0.070371
0.05043
0.028848
0
0.27808
0
0
0.2509
0.092004
0
0.037977
0
0.19877
0
0
0.45174
0
0.27124
0
0.23483
0.23228
0.02539
0.22993
0.10638
0
0
0.098764
0
0
0.095883
0.27446
0.0038715
0
0
0
0
0
0
0
0
0.37304
0.11011
0
0.083033
0
0.25346
0
0.19263
0.017715
0
0
0.010973
0
0.29986
0.46809
0
0
0
0
0
0
0
0
0.11934
0
0
0.11514
0.21814
0
0
0
0
0
0
0
0.0051953
0.06697
0
0.066372
0.20461
0
0
0.05646
0
0.18558
0
0
0.011035
0.11552
0
0
0.041276
0
0
0.039565
0
0
0.16506
0.038638
0
0
0
0
