10,[[ 0.663066, 0.619909, 0.426986, 0.623657, 0.555657, 0.66293, 0.443987, 0.534034],
[ 0.331507, 0.948715, 0.605955, 0.596084, 0.35748, 0.60189, 0.566393, 0.456552],
[ 0.590495, 0.619909, 0.628346, 0.657642, 0.261569, 0.583325, 0.649948, 0.354527],
[ 0.470834, 0.944388, 0.577007, 0.486244, 0.535966, 0.672916, 0.542697, 0.381655],
[ 0.470834, 0.60263, 0.382761, 0.429803, 0.70319, 0.63194, 0.769504, 0.287428],
[ 0.657162, 0.619909, 0.503517, 0.623657, 0.425158, 0.589461, 0.625125, 0.314774],
[ 0.264162, 0.939997, 0.572594, 0.531379, 0.481767, 0.609771, 0.528693, 0.477938],
[ 0.468403, 0.619909, 0.459898, 0.504974, 0.605452, 0.67968, 0.63355, 0.326983],
[ 0.500564, 0.91218, 0.500995, 0.599875, 0.447206, 0.746831, 0.715799, 0.195189],
[ 0.668009, 0.583624, 0.517602, 0.568729, 0.59774, 0.658778, 0.602247, 0.381655]]
20,[[ 0.559574, 0.948715, 0.474875, 0.650011, 0.218525, 0.656371, 0.566393, 0.496344],
[ 0.476533, 0.944388, 0.506132, 0.681638, 0.259586, 0.692572, 0.571671, 0.39075],
[ 0.56047, 0.583624, 0.613797, 0.832167, 0.28411, 0.562628, 0.524744, 0.440262],
[ 0.234814, 0.948715, 0.572594, 0.506609, 0.441571, 0.639085, 0.566393, 0.381655],
[ 0.651288, 0.60263, 0.205133, 0.560121, 0.728374, 0.60189, 0.589392, 0.405924],
[ 0.403239, 0.939997, 0.58146, 0.5172, 0.463157, 0.685047, 0.606453, 0.372809],
[ 0.32556, 0.939997, 0.600671, 0.542051, 0.463157, 0.672916, 0.542697, 0.381655],
[ 0.469212, 0.619909, 0.466887, 0.472731, 0.627301, 0.562628, 0.484686, 0.639356],
[ 0.70218, 0.619909, 0.466887, 0.551652, 0.488272, 0.673757, 0.554482, 0.549785],
[ 0.56857, 0.732108, 0.443868, 0.615892, 0.405307, 0.50655, 0.528402, 0.532745]]
30,[[ 0.99129, 0.476232, 0.762341, 0.822355, 0.109486, 0.899316, 0.721411, 0.242533],
[ 0.832881, 0.476232, 0.390187, 0.632381, 0.380824, 0.882087, 0.614907, 0.294648],
[ 0.489708, 0.948715, 0.695512, 0.578745, 0.403087, 0.685047, 0.584129, 0.338395],
[ 0.642533, 0.619909, 0.628346, 0.394099, 0.41462, 0.595648, 0.562699, 0.381655],
[ 0.443705, 0.583624, 0.551611, 0.605717, 0.525994, 0.638126, 0.615925, 0.539969],
[ 0.778856, 0.538347, 0.621399, 0.464577, 0.470633, 0.869278, 0.856913, 0.138547],
[ 0.661094, 0.583624, 0.696374, 0.772073, 0.19044, 0.760905, 0.778759, 0.203777],
[ 0.209459, 0.939997, 0.654807, 0.234628, 0.740694, 0.661693, 0.297473, 0.629422],
[ 0.531337, 0.948715, 0.610352, 0.623657, 0.366327, 0.60189, 0.589392, 0.456552],
[ 0.711389, 0.619909, 0.426986, 0.513204, 0.555657, 0.778944, 0.572733, 0.334204]]
40,[[ 0.390726, 0.948715, 0.368038, 0.945287, 0.138002, 0.672916, 0.518224, 0.496344],
[ 0.470834, 0.931015, 0.528402, 0.388722, 0.622221, 0.711633, 0.390554, 0.606748],
[ 0.616673, 0.635784, 0.510516, 0.403164, 0.714248, 0.556257, 0.721411, 0.367796],
[ 0.805059, 0.60263, 0.890303, 0.59698, 0.143536, 0.648026, 0.554911, 0.407068],
[ 0.564062, 0.939997, 0.688447, 0.852866, 0.0654275, 0.585719, 0.385305, 0.68556],
[ 0.681962, 0.619909, 0.466887, 0.58839, 0.488272, 0.855952, 0.916431, 0.0550823],
[ 0.307451, 0.650495, 0.489767, 0.496867, 0.655985, 0.583325, 0.508587, 0.667371],
[ 0.820573, 0.510274, 0.902722, 0.892256, 0.0455164, 0.778944, 0.603695, 0.334204],
[ 0.513259, 0.583624, 0.569502, 0.472731, 0.555657, 0.608188, 0.716864, 0.473566],
[ 0.574916, 0.948715, 0.542723, 0.586688, 0.524354, 0.656371, 0.542697, 0.496344]]
