modlinear
1
5 3 42
0
0.000000e+00 1.000000e+00 0 0 0.000000e+00 1.000000e+00 0 0 0.000000e+00 1.000000e+00 0 0 
3
1 1 1 1 1 1 
0
3
2 1 1 1 1 1 
0
3
2 3 1 1 1 1 
0
3
3 1 1 1 1 1 
0
3
3 3 1 1 1 1 
0
3
3 5 1 1 1 1 
1
3
3 7 1 1 1 1 
1
3
1 1 2 1 1 1 
0
3
1 1 2 3 1 1 
0
3
1 1 3 1 1 1 
1
3
1 1 3 3 1 1 
1
3
1 1 3 5 1 1 
0
3
1 1 3 7 1 1 
0
3
2 1 2 1 1 1 
1
3
2 1 2 3 1 1 
0
3
2 3 2 1 1 1 
1
3
2 3 2 3 1 1 
0
3
1 1 1 1 2 1 
0
3
1 1 1 1 2 3 
0
3
1 1 1 1 3 1 
1
3
1 1 1 1 3 3 
1
3
1 1 1 1 3 5 
1
3
1 1 1 1 3 7 
1
3
2 1 1 1 2 1 
0
3
2 1 1 1 2 3 
0
3
2 3 1 1 2 1 
1
3
2 3 1 1 2 3 
1
3
1 1 2 1 2 1 
1
3
1 1 2 1 2 3 
1
3
1 1 2 3 2 1 
0
3
1 1 2 3 2 3 
0
3
2 1 3 7 1 1 
1
3
2 3 3 7 1 1 
1
3
1 1 4 13 1 1 
1
3
1 1 4 15 1 1 
1
3
1 1 3 7 2 1 
1
3
1 1 3 7 2 3 
1
3
3 1 2 3 1 1 
1
3
3 3 2 3 1 1 
1
3
2 1 3 5 1 1 
1
3
2 1 2 3 2 1 
1
3
2 1 2 3 2 3 
1

modlinear
1
5 3 51
0
0.000000e+00 1.000000e+00 0 0 0.000000e+00 1.000000e+00 0 0 0.000000e+00 1.000000e+00 0 0 
3
1 1 1 1 1 1 
0
3
2 1 1 1 1 1 
0
3
2 3 1 1 1 1 
0
3
3 1 1 1 1 1 
0
3
3 3 1 1 1 1 
0
3
3 5 1 1 1 1 
1
3
3 7 1 1 1 1 
1
3
1 1 2 1 1 1 
0
3
1 1 2 3 1 1 
0
3
1 1 3 1 1 1 
1
3
1 1 3 3 1 1 
1
3
1 1 3 5 1 1 
0
3
1 1 3 7 1 1 
0
3
2 1 2 1 1 1 
1
3
2 1 2 3 1 1 
0
3
2 3 2 1 1 1 
1
3
2 3 2 3 1 1 
0
3
1 1 1 1 2 1 
0
3
1 1 1 1 2 3 
0
3
1 1 1 1 3 1 
1
3
1 1 1 1 3 3 
1
3
1 1 1 1 3 5 
0
3
1 1 1 1 3 7 
0
3
2 1 1 1 2 1 
0
3
2 1 1 1 2 3 
0
3
2 3 1 1 2 1 
1
3
2 3 1 1 2 3 
0
3
1 1 2 1 2 1 
1
3
1 1 2 1 2 3 
0
3
1 1 2 3 2 1 
0
3
1 1 2 3 2 3 
0
3
2 1 3 7 1 1 
1
3
2 3 3 7 1 1 
1
3
1 1 4 13 1 1 
1
3
1 1 4 15 1 1 
1
3
1 1 3 7 2 1 
1
3
1 1 3 7 2 3 
1
3
3 1 2 3 1 1 
1
3
3 3 2 3 1 1 
1
3
2 1 3 5 1 1 
1
3
2 1 2 3 2 1 
1
3
2 1 2 3 2 3 
1
3
2 3 2 3 2 3 
1
3
1 1 3 5 2 3 
1
3
1 1 2 3 3 5 
1
3
1 1 2 3 3 7 
1
3
2 1 1 1 3 5 
1
3
2 3 1 1 3 5 
1
3
1 1 2 1 3 5 
1
3
1 1 1 1 4 9 
1
3
1 1 1 1 4 11 
1

modlinear
1
5 3 61
0
0.000000e+00 1.000000e+00 0 0 0.000000e+00 1.000000e+00 0 0 0.000000e+00 1.000000e+00 0 0 
3
1 1 1 1 1 1 
0
3
2 1 1 1 1 1 
0
3
2 3 1 1 1 1 
0
3
3 1 1 1 1 1 
0
3
3 3 1 1 1 1 
0
3
3 5 1 1 1 1 
1
3
3 7 1 1 1 1 
1
3
1 1 2 1 1 1 
0
3
1 1 2 3 1 1 
0
3
1 1 3 1 1 1 
1
3
1 1 3 3 1 1 
1
3
1 1 3 5 1 1 
0
3
1 1 3 7 1 1 
0
3
2 1 2 1 1 1 
1
3
2 1 2 3 1 1 
0
3
2 3 2 1 1 1 
1
3
2 3 2 3 1 1 
0
3
1 1 1 1 2 1 
0
3
1 1 1 1 2 3 
0
3
1 1 1 1 3 1 
1
3
1 1 1 1 3 3 
1
3
1 1 1 1 3 5 
0
3
1 1 1 1 3 7 
0
3
2 1 1 1 2 1 
0
3
2 1 1 1 2 3 
0
3
2 3 1 1 2 1 
1
3
2 3 1 1 2 3 
0
3
1 1 2 1 2 1 
1
3
1 1 2 1 2 3 
0
3
1 1 2 3 2 1 
0
3
1 1 2 3 2 3 
0
3
2 1 3 7 1 1 
0
3
2 3 3 7 1 1 
1
3
1 1 4 13 1 1 
0
3
1 1 4 15 1 1 
0
3
1 1 3 7 2 1 
0
3
1 1 3 7 2 3 
0
3
3 1 2 3 1 1 
0
3
3 3 2 3 1 1 
0
3
2 1 3 5 1 1 
1
3
2 1 2 3 2 1 
0
3
2 1 2 3 2 3 
0
3
2 3 2 3 2 3 
1
3
1 1 3 5 2 3 
1
3
1 1 2 3 3 5 
1
3
1 1 2 3 3 7 
1
3
2 1 1 1 3 5 
1
3
2 3 1 1 3 5 
1
3
1 1 2 1 3 5 
1
3
1 1 1 1 4 9 
1
3
1 1 1 1 4 11 
1
3
2 3 3 5 1 1 
1
3
1 1 4 9 1 1 
1
3
1 1 4 11 1 1 
1
3
1 1 3 5 2 1 
1
3
3 1 3 7 1 1 
1
3
3 3 3 7 1 1 
1
3
2 1 4 13 1 1 
1
3
2 1 4 15 1 1 
1
3
2 1 3 7 2 1 
1
3
2 1 3 7 2 3 
1

