0.99074 0.95945 1.003
1.3404 1.133 1.1313
1.0079 1.1189 1.1255
1.0086 0.83006 0.93917
1.0406 0.95138 0.96714
0.93895 0.97378 0.99452
0.85585 0.98402 0.92294
0.7738 0.82969 0.90239
1.1791 0.88058 1.1038
0.95792 1.1107 1.0328
1.2152 0.94982 1.0619
0.77227 1.0351 0.90513
1.0399 1.0201 0.95165
1.0357 0.97761 1.2602
0.93518 0.87158 0.89631
1.0902 1.0495 1.0503
0.8703 0.87663 0.93122
0.95926 0.99004 1.0178
0.93792 0.9045 0.95126
0.90154 1.0094 1.0834
1.2437 1.0605 1.2098
1.084 1.0607 1.0755
1.028 1.096 0.92012
1.1323 1.2598 1.0093
1.0082 1.0612 0.97352
1.1504 0.95027 0.97079
0.8325 0.97432 0.93587
1.1306 0.95288 1.1669
1.0041 0.99318 1.2016
0.98633 0.89163 0.82856
0.98404 1.0477 1.0935
0.91163 0.98336 0.96764
1.2346 0.99525 1.0032
0.96955 1.0518 1.1683
0.97964 0.9637 0.88925
0.99075 0.96281 1.0892
0.94375 1.0336 0.87656
0.96887 1.0542 1.0096
1.0636 0.88572 1.0054
0.92552 1.0625 1.065
1.0841 0.83614 1.1318
1.0006 1.1103 0.88044
0.99113 1.1716 0.91624
0.85366 1.0977 0.9002
1.075 1.0666 0.9326
1.0876 0.97929 1.0321
1.1448 1.0721 1.1334
0.86407 0.99386 1.024
0.99495 0.93331 1.0118
1.0087 0.96624 0.97891
1.132 0.95228 1.064
1.1969 1.0645 1.0138
1.107 0.91899 0.99688
0.90939 0.90216 0.97424
0.95292 0.99968 0.98141
0.95927 1.214 0.98672
1.1146 1.0705 1.0706
1.2502 0.9499 0.98916
0.98978 0.94308 1.0365
0.98652 1.2207 1.1075
1.0392 0.96034 1.0875
1.1013 1.046 1.1383
1.031 1.0089 1.0774
1.0273 0.97624 0.99859
1.1808 0.98821 1.1971
1.0978 0.98434 1.0727
0.94019 0.85106 1.1113
0.88007 1.0732 1.031
1.0274 0.98631 0.86084
0.90054 1.0258 0.98213
1.0663 1.0838 0.88872
1.0859 1.0728 1.1747
1.1245 0.90259 1.1374
0.95142 0.86984 0.97723
1.0832 0.94763 0.9782
0.96276 1.0099 0.9538
1.0159 1.0428 1.0511
0.98769 0.97594 1.0595
1.1404 1.154 1.1047
0.87032 0.97827 1.0496
0.96111 0.9113 0.94414
1.0509 1.0716 1.1382
0.91939 0.87982 0.9538
1.0342 1.0338 0.99589
1.0797 1.0008 1.2218
1.0091 1.0505 1.1606
0.97388 1.108 1.074
0.9691 1.0579 1.0342
0.98047 0.97883 0.97733
1.1069 1.0095 0.9816
0.98263 0.93131 0.9193
0.88681 1.2072 0.92287
0.95577 1.089 1.1524
1.2133 1.2568 0.87286
1.0704 0.96924 0.95141
0.93492 1.1419 1.0843
1.0276 1.0375 1.0169
1.0367 0.87945 0.87639
0.98868 0.98324 1.0505
0.94203 0.87941 0.92651
1.1147 1.0408 1.0434
1.051 1.1624 1.0514
1.0611 1.0037 0.94476
0.98424 1.1841 0.95609
0.99712 1.0866 1.1359
0.7984 0.91749 0.94739
0.93474 0.84185 0.90377
0.93913 0.93707 1.0574
1.1255 0.97156 0.91753
1.0821 0.95284 0.832
0.83759 0.9966 0.91524
1.1887 1.0482 1.0503
0.98482 0.91743 0.88864
0.97471 0.95859 0.93129
1.0319 1.0671 1.156
1.0311 0.83925 0.91862
1.1141 1.168 0.92013
1.0748 1.1364 0.96087
0.94722 1.0984 0.91158
0.99548 1.1048 0.95839
1.0318 0.93656 0.99056
0.88643 0.8812 1.0477
1.1372 0.89995 1.0078
0.78682 1.141 0.92768
0.97514 0.97143 0.98262
0.86639 0.91952 0.92893
1.0082 1.1157 0.99122
0.95772 1.0508 0.91598
1.0706 0.9206 0.97064
0.91431 0.89567 0.9681
1.0214 0.96964 1.0428
0.9985 1.1946 1.1125
0.88678 0.90413 0.86861
0.98903 1.0589 1.0171
1.0165 0.86087 0.97959
1.0407 1.0751 1.1283
0.94199 0.94975 0.9331
0.98522 1.042 1.0705
0.93161 1.1299 0.96753
1.0716 0.90789 1.1383
1.0174 1.1135 1.0726
0.9417 0.87274 1.0597
1.0533 1.0608 1.0576
0.8097 0.93146 0.88107
0.79505 0.987 1.0834
1.0201 1.1098 1.0169
0.98954 1.0238 1.0414
1.052 0.93778 0.88069
0.88827 0.92194 0.88977
0.78159 0.98939 0.96155
1.1136 1.1579 0.97838
0.96196 0.99939 1.0516
0.9155 1.0758 0.95291
0.78554 0.99128 1.0007
1.026 0.91402 0.90136
0.88736 0.94977 0.95897
1.038 0.99202 1.0477
0.91157 1.0725 1.0394
0.98986 1.0006 0.87397
0.98034 0.99535 0.97797
0.95091 0.85595 1.116
1.1618 1.0492 0.99368
1.0349 0.94068 1.1125
1.0872 1.1826 0.89426
1.0088 1.0224 1.011
0.95188 1.0108 1.0223
0.89841 1.0792 1.1263
0.86364 0.99144 1.1436
1.114 1.0127 1.0598
0.92085 0.92752 1.0283
0.89486 1.0178 0.90259
1.0314 1.1325 0.9496
0.87688 0.9879 0.89416
1.0368 0.9114 0.97125
1.0419 0.9607 1.0691
0.9426 1.1048 1.0161
1.0104 1.0637 1.0298
0.92183 1.0454 0.9405
0.94618 1.0064 0.94231
0.91414 0.99754 0.93572
0.94132 0.88657 0.96909
0.92251 1.0326 1.0813
1.1659 1.0753 1.2424
0.9762 1.1864 1.0156
1.0218 0.91467 0.96276
1.039 0.88295 0.94585
0.95606 0.92458 0.93597
0.89105 1.0427 1.2762
1.0206 0.81067 0.95001
0.92941 1.0559 1.1894
1.127 0.97197 0.90811
1.0562 0.98478 1.0987
1.174 1.0255 1.0608
1.0035 1.0671 1.0001
1.1021 0.89373 0.88385
1.1549 1.1283 1.1219
0.94135 1.2475 0.83874
0.96369 0.85285 0.87759
0.78909 0.92832 0.92224
1.0471 1.1015 1.0749
1.1728 0.99111 0.88672
0.90319 0.96549 0.94044
0.8733 0.97602 1.0666
0.90422 1.0613 1.016
1.1839 1.0148 1.0843
0.87489 1.1253 1.1232
1.1485 0.90087 0.96608
0.9402 0.85428 0.95179
0.92971 0.98636 1.1009
1.0084 0.93095 1.0858
0.96756 1.0341 1.0228
0.99853 0.91197 0.90033
0.96251 0.82791 0.89894
0.98828 0.89975 1.0115
0.95741 1.0959 1.1164
1.1541 0.89443 1.2259
0.9019 0.94292 1.0173
1.021 0.91255 0.9493
1.1074 1.0145 0.97488
0.99111 1.0438 1.0036
1.0051 1.0538 1.206
1.051 1.129 0.95895
0.88603 1.0384 0.8797
1.1264 0.96635 1.1535
0.84055 1.0013 0.96603
0.9055 0.87594 1.1239
0.97118 0.93855 1.1135
0.96361 0.89252 0.96289
1.1755 1.0001 0.94581
1.0316 1.1064 1.0068
0.9035 1.0319 0.96026
0.92394 1.094 0.99775
0.99631 1.1149 1.0387
0.87093 0.99284 0.96711
1.0344 1.0605 1.032
0.93813 1.0588 1.0798
1.0263 0.95965 0.99507
1.0501 1.0352 1.0351
1.0346 0.86473 0.98646
1.029 0.91599 0.98588
0.93072 1.0729 1.024
0.99971 1.0335 0.94852
0.99657 1.1036 1.2239
0.99422 0.89474 0.94764
0.94729 1.0459 1.0102
1.0312 1.0003 1.0873
0.93488 0.96742 0.91945
1.0239 0.92286 1.1026
0.99742 1.1047 1.0842
1.1088 0.99191 1.0018
1.0639 0.95429 1.0413
0.97229 0.97849 1.0122
0.9888 0.81041 0.89878
1.058 0.97669 0.9857
0.99469 1.0002 0.90448
0.85338 1.0707 1.0051
0.97776 0.98612 1.064
1.0308 0.9673 0.95607
1.094 1.1245 0.82073
1.1505 1.0952 0.91361
1.0714 0.94808 0.92853
0.91339 1.067 0.94912
1.1717 1.0509 1.1942
1.0383 0.87379 0.89232
1.0349 1.0589 0.94312
1.0339 0.97948 1.1249
1.0524 1.0057 0.89675
0.95356 1.2445 0.87026
0.91183 0.9669 0.94084
0.87306 0.94768 1.0227
1.0195 0.82118 0.95111
0.9679 1.0189 1.0085
0.99981 1.0135 0.96647
1.2235 1.2998 1.1372
0.97974 1.0359 0.93808
1.0575 0.95512 1.035
0.86081 1.0634 0.85386
1.1809 1.0456 1.1433
0.91587 0.99976 1.1072
0.99435 0.88486 0.82309
1.0559 0.98311 1.1358
1.0265 1.0103 0.83431
1.0556 0.95967 1.0797
1.068 1.1257 0.86582
0.87425 0.928 1.0289
1.0782 1.1072 1.1329
0.99294 1.1235 1.0055
0.85952 0.91341 0.97258
0.82511 0.99759 0.93895
0.90679 1.1774 0.95682
0.99462 0.97229 0.99577
0.98035 1.0148 1.0224
1.092 0.96901 0.86349
1.1163 1.0291 0.99928
1.0087 0.91522 0.99722
0.96688 0.93965 0.95677
1.0157 1.0784 1.0658
0.97365 0.9481 0.90449
1.0399 0.94807 0.98003
0.99587 0.93662 1.0389
1.0516 0.94477 0.94641
1.0194 1.0066 0.98596
1.0104 0.99053 0.9803
0.94538 0.9586 1.0986
0.999 0.94164 0.9847
1.0886 1.0095 1.0745
0.8186 0.92867 0.92673
1.0308 0.9847 1.0287
0.91771 1.0363 0.88595
0.97374 1.0736 1.1446
1.018 0.95004 0.9897
1.0106 1.1719 1.1562
1.1362 0.95609 0.99814
1.1072 1.1176 1.0162
1.0338 0.98322 0.96087
1.0873 1.0996 1.1075
0.88333 1.0463 0.96406
0.92588 0.97155 0.93491
1.0315 0.92464 1.1049
0.99617 1.0148 0.89706
1.035 1.0531 0.95389
0.86855 0.90449 1.0057
0.92622 0.89124 0.96432
0.98565 0.97822 0.8524
1.0259 1.0822 0.98658
0.9371 0.96103 1.003
1.0992 1.0728 1.0591
1.0326 1.1067 1.0221
1.2111 0.86108 0.97083
0.9754 1.0142 0.91616
1.0738 1.039 0.93303
0.93251 1.0656 0.96992
0.96243 0.88394 1.0181
0.7845 0.95502 0.75888
1.1286 0.89075 1.0628
0.94652 1.1972 1.0808
0.90762 0.9662 1.075
1.131 1.0228 0.91835
0.99171 0.94496 1.0823
1.0224 0.90818 1.0798
1.0775 0.92633 0.98639
1.1152 1.0128 0.92775
1.0037 1.0198 0.8768
0.95826 0.98894 1.0535
1.1257 0.94544 1.1236
0.97527 0.89589 0.97858
0.9915 1.1775 0.92628
1.0454 0.9356 0.97525
1.0011 0.87367 1.3056
1.178 0.93997 1.0205
1.0159 1.0416 1.0954
0.83384 0.7587 0.94543
1.0316 1.0201 0.95911
0.80132 0.88921 1.0029
1.1016 1.1651 1.0388
0.97246 0.97036 1.0796
1.015 1.0515 1.0249
0.93988 0.93259 0.99442
1.0417 1.0381 1.0566
1.0432 1.0176 1.0522
1.0205 1.0894 0.9299
1.0042 0.98477 1.105
0.95922 0.94481 0.87404
1.017 1.0315 1.0242
1.0864 1.0742 0.95861
1.027 0.99008 1.0037
0.86973 1.0574 0.83937
1.0217 0.96853 1.123
1.0095 0.96473 1.1362
0.89801 1.0052 1.0413
1.1014 1.0036 0.99615
0.99705 0.94366 0.89857
0.9829 0.94228 1.0964
0.90012 1.0641 0.83112
1.2149 0.98993 1.1109
1.0179 1.0654 1.055
1.0557 1.004 0.88117
1.099 0.9266 0.92263
0.93221 0.94158 1.1251
1.1635 0.86959 1.0489
0.98821 0.84562 0.93503
0.92141 0.86977 0.92569
0.89056 0.95891 0.90433
1.1548 0.9076 0.97519
0.91497 0.98413 1.1279
0.90422 0.97296 0.96882
0.99103 1.156 0.9454
0.9531 0.92571 1.0481
1.0579 1.0201 0.93561
1.0396 1.03 0.96472
0.89454 1.0145 1.0369
0.96281 0.95963 0.99004
1.0816 1.0148 1.0184
1.0002 0.94205 0.87036
0.95245 0.9337 1.0317
1.0762 0.91908 1.002
1.0205 0.92593 1.1757
1.0366 1.1042 0.95734
0.83519 0.99567 0.87726
1.024 0.92841 1.0496
1.0314 1.0563 0.94523
1.0472 0.89453 1.0591
0.94243 0.97349 1.0449
0.89676 1.0775 0.89695
0.87953 0.89972 1.0518
1.0189 1.0418 1.0083
0.76064 0.90665 1.005
0.95964 1.2089 0.96659
1.1443 0.75276 0.90909
0.94439 0.96452 1.0998
0.98731 1.1032 0.9301
1.0591 0.98904 1.1125
0.97067 1.2005 1.0334
0.93341 0.87325 1.0929
0.94043 0.99522 0.80264
0.87517 0.98147 0.85898
0.92208 1.0108 1.0445
0.80677 0.92166 0.96974
1.0772 1.0254 1.0086
1.0733 0.81264 0.95438
0.96329 1.0925 1.0794
1.0507 0.84424 1.1058
0.78013 0.92321 1.003
1.01 1.0167 0.86447
1.0417 0.85658 0.97751
1.0105 1.088 1.0649
0.99005 1.0528 1.0269
1.0383 1.0386 1.1186
0.86017 0.96446 0.91809
0.89676 0.95437 0.95729
1.0137 1.0867 1.0194
0.95511 0.96173 0.92629
1.1502 0.9744 0.91817
0.94671 1.0151 1.063
1.0868 1.2035 0.97269
1.0472 1.1437 0.89616
1.1467 1.0381 0.97889
0.9976 0.99873 1.0581
0.96075 0.93221 1.0065
0.99974 1.0945 0.85933
1.1509 1.1082 0.98765
1.0511 0.9678 0.99998
0.93595 0.91991 0.90325
0.94989 0.9883 1.0139
0.99575 0.99942 1.3541
1.1097 0.97706 1.0652
1.0067 0.95558 0.78385
1.0479 1.1188 0.89222
1.2062 1.0849 0.92488
0.90367 0.91744 1.148
0.90839 1.0513 1.1116
1.0206 0.93253 0.84352
1.085 0.95295 0.94565
1.0833 1.0464 0.92607
1.0746 1.0456 1.0858
1.1919 0.96177 0.99317
0.97804 0.85581 1.0437
1.07 0.91978 0.87932
0.88289 0.94103 1.0214
0.9507 1.0504 1.0147
0.90016 1.0552 0.92756
1.0789 0.85466 0.94366
0.83324 1.0188 0.92752
1.0029 1.0342 1.1629
0.96361 0.99569 1.0693
1.0269 1.0653 0.88842
0.92681 1.0021 1.1546
0.95969 1.1653 0.93009
1.0496 1.0235 0.94377
0.94996 1.1806 1.1249
1.0155 0.95823 0.96882
1.0468 0.87577 0.95213
1.0144 0.90418 0.94066
1.103 0.88688 0.98617
0.91461 0.9512 0.99917
1.1609 1.009 0.89725
1.1179 0.99284 0.97988
1.0373 1.0727 0.97129
0.95537 1.1119 0.92103
0.95816 1.0872 0.93928
0.96039 0.90707 1.0031
1.2192 0.9425 1.0358
0.9821 1.043 0.99377
0.84412 0.90669 0.93104
0.94135 0.83092 1.0694
0.95907 0.98068 1.1342
0.95765 0.96429 1.0439
1.0981 1.018 1.0532
1.0614 1.0115 0.95769
0.89563 1.0555 0.90624
1.1169 1.1319 0.79318
1.03 1.0017 1.1516
0.93742 0.90061 0.95978
1.0658 1.0527 1.1171
1.0295 0.99286 0.99394
0.99453 0.89565 1.0024
1.0348 0.87637 0.91304
0.9956 1.2107 1.098
1.0154 1.0978 0.9638
1.0165 0.90326 0.87277
0.98435 1.1522 0.86758
1.0056 1.0529 0.84954
1.1503 0.88427 1.1096
0.96946 0.93463 0.83378
1.0258 0.93713 0.92686
1.2288 1.0949 1.0776
1.089 1.0376 1.0044
0.96425 0.97684 0.98691
1.0017 0.99696 0.98554
0.99408 0.86476 1.037
1.0503 1.0687 1.0553
1.0637 0.99919 1.018
1.0108 1.0244 0.93893
1.0682 1.0348 1.0097
1.0981 0.86091 1.0663
1.1264 1.1028 0.96943
0.95386 1.0469 0.85463
1.0158 0.91756 1.085
1.081 1.1932 0.92477
0.99972 1.0312 1.0126
1.1373 0.97607 0.93583
0.855 0.87729 1.1334
0.96023 0.94859 0.91985
0.92768 1.1131 0.89685
1.0709 1.0332 1.0425
1.0717 1.1076 0.95305
1.0723 0.93643 1.1505
1.0082 1.0963 1.0456
0.90532 1.0962 1.052
1.048 0.97657 0.85299
0.96871 1.0214 1.0738
1.0773 1.1668 1.0845
0.97119 0.99293 1.2055
1.0894 1.0163 1.0739
0.9989 1.1147 1.2402
1.0643 1.1165 1.1375
1.2228 0.96869 1.0174
0.95053 1.0507 0.94153
0.9572 0.91217 0.85193
0.99471 0.85051 0.98654
0.96199 1.1363 0.91778
0.96556 0.99536 0.93735
0.92402 1.2355 1.0807
1.1147 1.0139 1.0742
1.0027 1.0595 0.97768
1.0728 1.1199 0.88446
0.91852 1.1368 0.92764
1.0645 1.185 1.1537
1.0471 1.0699 0.95912
0.98984 1.002 0.88138
1.1023 1.0632 1.0104
1.1215 0.92779 0.96947
0.93034 0.93977 1.043
0.99355 1.0162 0.9623
0.87283 1.0145 1.0245
0.99556 0.86632 1.1556
1.0166 1.0851 1.0347
1.0065 1.0828 0.942
1.0756 1.0288 1.1183
1.0248 1.0023 1.0627
0.93284 0.82376 0.87486
1.0313 1.152 0.9923
1.0745 0.92186 0.99682
1.0833 0.83605 1.05
1.2087 1.1048 1.0342
0.87851 1.0787 0.91611
0.86132 0.89741 0.99659
1.0197 0.91103 1.112
0.91879 0.97658 1.0582
0.9876 0.99066 0.98741
1.1031 0.94937 1.1034
0.9081 0.96684 0.92901
1.0833 0.9917 1.1818
0.8971 1.0658 1.1085
0.88169 0.92339 1.0908
1.0089 1.0567 0.92321
0.94573 1.048 1.0148
0.95983 1.2603 1.0682
0.98654 1.0401 1.1779
0.93804 1.0303 1.0009
0.90082 0.98739 0.88003
0.8142 0.95515 0.95108
1.0326 1.022 1.1398
0.92372 1.1076 0.99638
0.93654 0.88722 0.99704
1.0772 0.91169 0.87443
0.94487 0.98592 0.89497
1.1071 0.94416 0.88689
1.052 1.0341 0.96732
1.0548 0.92381 1.0339
0.92035 0.9092 1.0086
1.0629 0.98351 1.0939
1.0008 1.1349 1.0334
1.1416 1.0998 1.1151
1.0303 1.0501 0.91064
1.1701 1.0296 0.85682
0.98561 0.94554 0.92072
1.1197 0.98554 1.0613
1.0679 0.96801 0.87443
1.0261 1.039 0.90944
1.0433 0.89294 1.1355
1.1451 1.1231 0.96935
0.9022 0.94315 0.90562
1.019 1.0083 0.91122
1.1085 1.0801 0.91847
0.97483 1.0809 0.96266
1.0325 1.044 1.0587
1.0157 0.88224 1.0963
0.9313 1.0996 1.0717
0.79837 0.83673 1.0665
0.88379 0.98934 0.93056
1.0934 0.9037 0.83577
1.041 1.0398 1.0648
0.98701 1.2278 1.184
1.0245 0.91719 0.85559
0.92532 0.90111 1.0957
1.0259 1.0457 1.05
1.0834 1.1021 1.1408
0.97678 0.97569 0.87682
1.0719 1.0274 1.1012
0.95474 0.88351 0.98096
1.1251 1.0225 0.93534
1.0317 0.96425 1.0332
1.1788 0.86448 1.2638
0.93364 0.96866 0.84235
1.163 1.0679 1.0579
1.0118 1.0596 1.0449
0.95113 1.0641 1.0159
0.9807 0.99075 0.80095
0.99484 0.95912 1.2315
1.0666 0.90318 1.2066
0.9771 1.1335 0.97992
1.1094 1.0131 0.96758
1.0251 0.80006 0.98678
1.0443 0.98585 1.1135
1.0338 0.94818 0.91326
0.99206 1.0439 1.0002
1.0726 1.044 1.0061
0.9631 1.1715 1.2198
0.94859 1.1816 1.003
1.0529 0.99346 1.1943
1.0461 1.0104 1.0206
1.0013 0.91341 0.862
0.88641 0.83011 1.0687
1.1704 0.93278 0.93765
1.1467 0.93412 0.98546
1.1359 1.1268 1.1131
0.91912 0.95762 1.1102
1.1015 0.97583 1.142
1.048 1.0591 0.93031
1.0402 1.028 0.93198
1.166 1.0566 0.81252
1.0351 1.1152 0.85478
1.0539 1.2623 0.96715
1.1958 1.1259 1.0627
0.93742 0.9982 0.98421
1.0349 1.0486 0.99429
0.92463 0.96863 0.88957
0.92446 1.0259 1.1012
1.0616 0.96104 1.0576
0.92431 0.98714 0.85754
0.89607 0.93222 0.93474
0.94004 1.0116 1.067
0.92787 1.0739 0.98981
1.0909 0.93115 0.9099
0.98399 1.0538 0.84687
1.1033 1.1081 1.0473
0.94316 1.0378 0.87799
1.0662 0.98501 0.96723
1.0419 0.9832 0.98335
1.1154 1.0513 1.072
1.2478 1.0899 0.85128
0.92482 1.0431 0.97533
1.2297 1.0595 0.98212
0.94275 1.0204 0.94029
0.83427 1.0157 0.92476
1.0801 0.88844 0.95193
0.84465 0.90302 0.85078
0.97645 1.0085 1.0556
0.90386 0.96019 0.89071
1.1259 0.8666 1.1833
0.91005 1.078 0.92405
1.0394 0.83514 0.94319
1.0423 0.94448 0.9268
1.1091 0.97826 0.9271
1.0083 0.97544 1.0633
0.91394 0.94945 1.0212
1.0469 1.1622 0.99864
1.0421 0.88799 0.87063
0.93435 0.99023 0.96001
0.9625 0.98387 1.0956
0.98544 1.0693 1.0379
0.91148 1.0643 0.96155
1.0948 1.0071 1.0062
1.0194 1.2393 1.1111
0.88912 0.90582 0.96678
0.86615 1.1992 1.1223
0.99948 0.88287 1.0802
0.93761 1.057 1.0454
0.94424 0.96372 0.95316
0.97944 0.8765 0.96536
1.0961 0.99016 0.91593
0.92094 0.88177 1.0298
1.089 1.0626 0.96899
0.88361 0.9601 1.0129
0.90326 1.0315 0.87134
0.934 1.0594 1.0601
1.0372 0.94378 1.0036
1.0121 1.1323 1.0392
1.1318 0.94471 0.93281
0.9625 1.0967 0.9364
1.1617 0.92929 1.0496
1.0507 1.0757 0.90654
1.0433 1.0044 0.98292
1.0535 1.1154 0.86405
1.036 0.94372 1.024
0.93314 0.94396 0.92702
0.85855 0.94927 0.84621
0.88196 0.95685 0.97055
1.1082 1.022 0.96956
0.96249 0.94338 1.0276
1.1088 1.011 0.91419
1.0179 0.96319 0.88569
0.97053 0.97116 1.1312
1.0574 1.0704 0.82654
1.0251 1.0477 1.0412
1.207 1.0439 1.0753
0.92939 1.0348 0.987
1.0089 0.98497 0.99466
1.0095 0.9921 0.92399
1.0116 0.92023 0.98924
0.87614 0.91665 0.99762
1.1387 1.0834 0.98812
1.08 1.0289 1.1381
0.98777 0.95887 1.0356
1.1215 1.0282 1.0155
0.94539 0.95045 0.83799
0.9613 0.96662 1.0583
1.0662 0.90198 0.98474
0.98625 1.056 1.0579
1.0438 1.0213 1.0535
0.85692 1.0227 1.1671
1.0963 1.1503 0.93191
0.95817 0.99769 1.0052
0.92469 0.89984 0.89731
0.90517 1.0801 1.0478
1.0054 1.1742 0.9235
1.0309 1.1204 1.074
0.95417 1.027 0.97685
0.90755 0.93366 0.94394
0.913 1.1415 1.0468
0.86521 0.84538 0.98035
1.1489 1.1422 1.0655
1.0856 0.99195 1.0339
1.0311 0.9366 0.82564
1.1785 0.94291 0.89136
0.93392 1.0474 1.1258
1.0301 1.126 0.95531
0.97575 1.1238 0.99854
0.97031 0.96748 0.88191
1.1445 1.3032 1.1336
1.0223 1.1511 1.0233
0.98933 1.0272 1.0001
0.97686 0.89915 1.0421
1.0747 1.0752 1.0984
1.0837 1.0158 1.1648
0.95713 1.0812 0.91555
0.95249 1.1384 1.0445
0.84344 0.77658 1.0046
0.88804 0.86175 1.0255
1.0236 0.89605 1.0598
1.0155 1.0716 1.0496
0.9778 0.922 1.0514
0.84494 1.0714 0.94471
0.92905 0.96558 0.98821
1.1608 1.0122 0.99334
1.1129 1.0709 0.96589
0.96175 0.91904 0.98131
1.0402 1.062 1.0181
1.0095 0.91881 1.121
1.1317 1.0075 0.90589
0.80835 1.0115 1.062
0.89781 1.0403 0.90076
1.0618 1.116 0.94814
0.99624 0.85138 0.90513
1.0162 0.97196 0.99134
1.0718 0.94761 1.0543
0.97354 1.1879 1.2257
1.0329 0.89769 1.1226
1.0272 1.0328 0.95352
0.96614 1.0895 1.0519
0.96679 1.0553 1.1508
1.0474 1.0931 1.0655
1.049 1.1392 1.0113
1.0748 1.0712 0.96901
0.94461 0.87111 1.0553
1.1335 0.9399 1.1025
0.876 0.8488 0.9573
1.1298 1.0411 1.1143
1.061 0.97057 0.89993
0.97105 1.0715 0.83873
1.0448 1.0038 0.99632
1.0279 1.066 1.1353
1.0595 1.05 0.94403
1.0577 0.98386 1.1013
1.0898 0.97872 1.0038
1.0141 1.0957 0.98145
1.0519 0.95223 0.97473
0.83971 1.0209 0.89511
1.0335 0.98495 0.97383
1.121 0.96109 0.98444
1.0491 1.0449 1.1949
1.0526 0.90936 1.1212
1.0675 1.2865 1.0017
1.0634 1.0283 1.0918
0.8878 0.87473 1.0569
0.9658 0.96681 0.83494
0.9356 1.0342 1.091
1.0563 1.0083 0.93845
0.97414 0.96482 1.0069
0.89307 0.88944 0.97908
1.0683 1.0583 0.98363
1.0707 0.96922 0.9236
1.0666 1.0323 0.97678
1.0238 1.2639 0.92945
0.75053 0.85836 0.9507
0.94128 0.98199 1.0315
0.97749 1.0919 0.8914
1.1074 1.1718 1.014
0.83324 1.0112 1.0238
0.90373 0.96841 0.95395
0.96482 1.1221 1.0516
1.044 1.0715 1.0905
1.1056 1.0248 1.1414
1.0894 1.0079 1.0062
0.97034 0.9468 0.95052
1.0825 0.9727 1.0669
1.1649 1.1847 1.0073
1.024 0.99028 0.96712
1.039 1.126 0.97183
0.95272 0.9179 0.93834
0.80035 0.93676 0.96922
1.0723 1.1327 0.99332
0.98081 0.81902 1.0811
0.98714 1.2168 0.97208
1.0852 0.95129 1.0055
1.0468 0.85574 0.93584
0.90888 1.1645 0.98088
1.0891 1.1091 0.9768
0.97311 0.94256 0.84491
0.95543 1.0073 1.0136
1.001 1.043 0.9829
1.0302 0.90442 0.88944
1.2313 0.98113 1.0348
0.96834 1.0744 0.95733
1.0585 1.1135 1.0471
1.0368 0.86611 1.134
0.93046 0.89611 0.94869
0.95169 1.0465 1.0983
1.1071 1.0715 1.1112
0.96818 1.016 1.0643
0.97747 0.99665 0.93585
1.1876 1.0191 0.9548
1.0746 0.80436 0.81856
1.0101 0.98658 1.0023
1.0407 0.88048 1.1598
0.88855 1.1469 1.1187
0.82686 0.82614 1.0115
1.0772 1.0364 0.96714
0.91187 1.1207 1.2029
1.0319 0.98685 1.0943
0.88615 1.0096 1.0094
1.1773 1.048 1.0619
0.91642 1.0551 1.0325
0.95274 1.0175 1.0206
1.0127 0.89993 1.0294
0.80802 0.9918 0.96195
1.0151 0.81537 1.0586
1.1188 0.989 1.0669
0.95991 1.012 1.1603
1.0463 0.88283 1.116
1.0192 1.0196 0.97232
0.93287 0.90012 1.1348
1.1142 1.0458 0.92923
0.86006 1.0614 0.89814
0.92525 0.95016 0.91549
1.1066 1.3125 1.0241
0.90079 1.0307 0.96889
1.1741 0.95094 1.1273
1.1385 1.0512 0.91827
0.92136 1.1369 0.99764
1.0413 1.0746 1.1973
0.89348 1.0338 0.85898
0.94449 1.0823 1.1324
0.96522 1.0474 1.1345
0.97092 1.0357 0.91944
1.1525 1.0136 0.7606
0.88499 0.95946 0.96967
0.93212 1.0822 1.0041
1.0455 0.89686 0.90362
1.0405 0.97097 0.98888
1.0651 0.95328 0.9194
0.98405 1.1451 1.0429
1.0574 1.0032 1.107
0.96032 0.99973 0.9113
1.0849 1.1411 1.0486
0.95967 0.97394 0.97691
1.0572 1.0425 0.95772
0.91172 1.0197 0.98658
0.98385 0.97798 1.0285
0.8917 1.1041 1.0211
0.98227 1.1097 0.98371
0.93656 1.0401 0.97785
1.1291 1.0775 1.0843
1.1717 0.88685 1.0683
0.87944 0.95021 1.0727
0.99419 1.0657 1.2582
0.97264 0.96464 1.1434
0.96599 1.0118 0.92511
1.0764 0.9974 1.0464
0.98107 1.0533 1.0277
0.98381 0.98578 0.95139
0.89907 1.0597 1.2229
0.90449 1.0342 0.97905
1.0648 0.91081 0.91552
1.1399 1.0129 1.0545
1.0109 0.87528 0.99613
1.0248 1.0569 1.0486
0.86409 0.90526 1.0677
1.0125 0.998 0.83716
0.92796 0.98036 0.91705
1.1694 1.0723 0.93145
0.91803 0.99537 1.0483
1.0908 0.92179 0.91616
1.0319 1.0116 0.81381
0.90624 0.93334 0.92528
1.0587 1.0285 1.0469
1.0433 1.0255 0.8272
1.0371 0.89937 0.86176
0.99856 1.0085 1.0029
0.99331 0.90648 0.90309
1.0986 1.0593 1.0377
1.0354 0.94432 0.97588
1.0002 1.1258 1.0013
1.014 0.95481 1.0661
0.89571 1.0501 0.94767
0.99125 1.0035 1.0569
1.1324 0.90118 1.0895
0.91794 1.0005 1.0046
1.1892 0.94865 1.0208
1.0874 1.0185 0.91172
0.80755 0.9136 1.0211
0.98893 1.0779 0.9935
0.8736 0.95169 1.1157
1.0041 0.96772 1.1627
0.82451 1.0625 1.0128
0.92423 0.99521 0.9574
0.92958 0.86779 1.0729
1.0849 1.018 1.007
0.96998 0.78049 1.0054
1.0801 1.1051 1.0232
1.0132 1.0596 1.264
0.95331 1.1368 1.151
1.0668 1.1466 1.0827
1.0328 1.0575 0.88304
1.0252 0.85938 0.95243
0.99057 0.75158 0.97932
1.105 0.99996 1.0583
1.0381 1.0947 0.90166
1.0633 0.93797 1.1251
0.997 1.0499 1.1322
1.1258 1.0873 1.1296
1.0127 0.88023 0.92682
0.98222 1.133 0.91611
0.90722 0.89433 0.97003
1.1132 1.0005 1.0129
1.0515 0.96824 1.0339
1.0003 0.84097 0.97096
0.99826 1.0091 0.9718
1.1177 0.99395 1.0375
1.0087 0.97616 0.93299
0.95604 0.95796 0.92409
0.95536 0.80525 1.0254
1.0303 0.96877 0.85911
1.0507 1.0026 1.1036
0.95238 0.89139 1.1524
0.85701 0.8604 0.86428
1.0706 1.1155 1.067
0.82601 1.0167 1.0004
0.95989 1.0409 0.99136
1.022 1.0334 0.96717
1.192 0.9174 0.96743
0.89287 1.1488 1.0138
1.1412 1.0401 1.0245
1.1813 0.97317 1.4009
1.1036 1.091 1.0454
0.97041 0.96336 0.89413
0.96931 1.0356 1.0695
0.9477 1.1397 0.93029
1.0677 1.0951 0.84859
0.9409 0.91741 1.1536
0.96022 0.90965 1.0506
0.86113 1.0179 1.0001
1.0806 1.1744 1.0625
1.0257 0.89938 0.99515
0.97154 1.0697 0.93761
1.1605 1.032 0.89476
0.96543 1.023 0.94918
1.0186 0.98149 0.99799
1.0625 1.1902 1.0301
0.90563 0.93467 0.90988
0.76032 0.97967 1.0466
1.0937 1.0574 1.0736
1.0177 1.0209 0.96509
0.98405 1.2023 1.0561
1.0484 1.0056 0.78092
0.9954 1.0586 0.95484
0.91895 1.0061 0.88775
0.90449 0.87623 0.91273
1.1676 0.93514 1.0749
1.0646 0.91687 1.096
1.2124 1.0429 1.0796
0.9281 1.0063 1.1132
1.1063 0.95775 0.9238
1.1041 0.9745 0.99373
1.0895 1.0857 1.161
1.1748 1.0674 0.99899
0.89982 0.89537 1.2221
1.1054 1.1702 0.87315
0.9746 0.89279 1.1123
1.0053 0.99553 0.94376
0.8326 0.91164 0.88914
0.89874 0.94847 0.9955
0.96719 0.9092 1.0186
1.1449 0.98354 1.0613
1.2009 1.0039 1.0073
1.0874 0.92894 0.97035
1.0589 1.117 1.0457
1.1011 0.99787 1.0571
0.97455 0.90451 1.1306
0.86681 0.93426 0.97731
0.98347 1.0748 0.91396
1.0849 0.95715 0.96304
1.1048 1.0127 1.0482
1.1609 0.94018 1.062
0.85205 1.0174 0.91789
0.88382 0.98637 1.2446
1.2001 1.0314 1.0632
0.95958 1.0913 1.0197
0.95966 0.91275 0.97508
0.9749 1.0318 1.0044
0.9868 1.0763 0.8537
0.99354 0.96304 0.98396
1.0202 1.0344 1.0121
0.95094 0.98428 1.1615
1.1342 0.99928 1.0992
1.0011 1.1033 1.0159
0.84571 0.98249 0.95624
1.049 1.0453 1.0013
0.96991 0.83726 1.0719
0.91115 1.0269 1.0938
1.079 1.0463 0.89641
1.0434 1.1057 1.0437
0.87279 0.96261 1.0042
1.0474 0.86865 0.93044
1.1665 1.0708 1.1583
0.97979 1.0742 0.91263
0.97384 1.0908 0.94856
0.82151 1.2547 0.94711
1.0292 1.0513 1.0857
1.003 0.88812 1.03
1.099 1.1729 1.1181
1.1175 1.0235 1.06
1.0068 1.1007 1.0307
1.0424 1.056 1.1632
1.1446 1.1075 0.99111
1.048 1.1302 1.111
0.86661 0.95981 0.9263
1.0362 0.94608 1.0387
1.1399 0.89948 1.0494
0.99517 0.97381 1.0022
0.97102 0.90254 1.053
0.98386 1.0916 1.0315
1.0031 1.1043 0.89479
1.0271 0.99197 1.1122
1.0242 0.9319 1.093
0.88249 1.1066 0.89023
1.1164 1.1126 0.96148
0.936 1.0281 1.0078
0.86013 0.91744 0.95105
1.0632 0.88701 1.0893
0.96571 1.1233 0.9429
1.1464 0.96869 1.0242
0.87302 1.0911 0.86237
1.2052 1.07 1.022
1.0974 0.98494 0.9995
0.94204 1.02 0.87674
0.96166 1.0679 1.1005
1.0391 1.1322 0.88066
1.0194 0.90512 0.9418
1.157 1.096 1.0397
1.0241 0.91745 1.0766
0.94818 0.84597 1.0522
1.0207 0.9628 0.99386
0.91441 0.78877 0.86528
1.1038 1.0507 0.97365
0.96552 0.85257 0.9704
1.0205 0.88844 0.95798
0.9622 0.88951 1.0457
1.1714 1.0689 1.0471
0.99941 1.0414 0.86508
0.90953 0.92468 0.97438
1.0115 1.0572 0.86554
1.2131 1.0564 0.98043
0.93327 0.90551 0.97719
1.0652 0.96756 1.0883
1.0786 0.98247 0.95318
1.0665 1.1465 1.0518
0.9357 0.92894 0.97696
1.0939 1.1525 0.93102
1.1196 0.96491 0.96905
1.0189 1.0732 0.99937
0.90631 0.93016 0.96924
0.97944 1.1714 1.0572
0.97691 0.94864 1.0521
1.0032 1.159 1.0291
1.0457 1.1054 1.1391
1.1095 0.8019 0.94893
1.1146 0.97483 0.91087
1.1023 0.98225 1.0658
1.0313 0.99096 1.1354
0.83625 1.1402 1.0151
0.96851 0.93016 1.01
1.0422 0.97007 0.93327
1.1223 0.98845 1.0177
1.1792 0.89695 0.92193
1.0655 0.98119 1.0261
1.126 1.0402 1.0994
1.0175 1.088 0.95003
1.0333 0.95756 1.1048
0.91338 1.1946 1.0058
0.96705 1.1247 0.9391
1.115 1.0474 1.0951
0.89154 1.1961 0.97993
0.98412 0.88107 1.0561
1.0422 0.93977 1.0446
1.133 1.0595 1.067
0.97183 0.92801 0.84994
0.9124 1.0633 1.0015
0.87939 0.99263 1.1513
1.0136 1.067 1.0848
0.98379 0.86972 0.92416
1.0848 0.97338 1.0223
1.1117 1.0037 1.0178
1.0315 0.81617 1.0123
1.0407 0.98327 1.0686
0.92637 1.0793 0.92624
1.0781 0.98938 0.98905
0.98982 1.01 1.043
1.0497 0.99606 1.0689
1.0398 0.95739 0.9161
0.96751 1.0588 1.0419
1.1292 1.1761 0.94578
1.1459 0.96791 0.95043
0.96162 1.0324 1.0542
0.86274 1.0398 1.1456
1.0068 0.98897 0.93326
0.98463 1.1257 1.0106
1.0531 1.0131 1.0363
1.0197 0.88845 0.9621
0.95188 0.74088 1.1489
1.0867 0.9569 1.2551
1.0364 1.0367 1.1832
1.0381 0.85063 0.9462
0.95343 1.0015 0.90532
0.98478 0.89145 1.129
1.0141 1.0863 0.99108
1.0572 1.0267 1.0384
1.0058 1.07 1.0206
0.8705 0.92026 0.96369
0.9789 1.0188 1.0811
1.1586 0.99303 1.0137
0.79913 0.98359 0.98121
1.0721 0.94708 1.006
0.90052 0.95456 1.0118
0.92169 0.98234 0.92134
0.93262 0.94701 0.90677
1.0652 1.0442 1.1574
0.97602 1.1414 1.0278
1.0653 0.96898 0.97047
0.99499 1.0558 0.88038
1.0376 1.0386 0.98482
0.93977 0.98265 0.96869
0.96369 0.82052 0.88722
0.88298 0.93084 1.0396
0.97075 0.96401 0.96776
1.0133 0.86925 1.0733
1.036 1.0404 1.0523
1.0373 0.89163 0.80609
0.93013 0.93192 0.99857
1.0458 1.0803 1.2372
0.95945 0.94917 0.88875
1.0094 0.98003 1.1938
0.96963 0.92874 0.89368
1.082 0.92807 0.96074
0.97468 1.0826 1.1119
1.0137 1.0831 1.0336
0.94179 1.097 1.0884
0.98646 0.97596 0.88602
0.91059 1.0014 0.86235
1.0682 1.0287 0.95936
0.96956 0.89116 0.93783
0.97677 0.84699 0.89121
1.0468 0.86871 1.0278
1.0709 1.0171 0.95303
0.91747 0.97369 0.90785
0.97147 1.0903 1.0829
1.0554 1.2122 1.0054
1.0424 0.81478 1.022
1.0701 0.90197 0.99885
1.0065 0.97206 0.90089
1.0423 0.93309 1.0213
1.0612 1.0862 0.84915
1.1301 1.0241 1.0817
1.038 0.97802 1.2063
1.0191 1.1206 1.1396
0.96409 0.98239 1.0544
1.0896 0.86041 0.91437
1.028 1.1105 1.1375
0.96256 1.016 1.0945
0.91042 1.0343 0.91796
0.94686 1.0198 1.2233
0.90455 1.0062 0.9792
0.93018 0.94943 1.0725
1.0352 1.1255 1.0907
1.1412 0.9297 0.90773
1.0887 0.9567 0.87848
0.96572 0.98765 1.0278
0.97527 0.88119 0.86288
1.1946 0.99951 0.93762
1.1118 0.99118 0.94358
1.1005 1.0114 0.91259
0.89477 0.9462 0.97682
1.0116 1.0605 0.99229
1.0257 1.085 1.0623
0.9623 0.99153 0.97276
1.0583 0.93971 1.2233
0.95192 0.8707 0.83044
0.93776 0.88196 1.0656
0.8862 1.114 0.99928
0.962 1.0025 1.1693
1.0238 1.0662 0.9284
1.009 0.91772 1.0137
1.0473 1.0226 1.0723
1.064 0.91147 0.91028
1.127 0.89835 1.021
0.93956 0.96219 1.0483
0.94994 1.061 0.92785
0.9981 1.1091 0.99189
1.1394 1.0826 1.0074
0.92266 0.94527 0.95763
1.065 0.97598 0.9673
0.99088 1.0385 0.92144
0.89127 1.1877 1.0579
1.0283 0.9199 0.99647
0.97169 0.97276 1.0567
0.914 0.91251 1.0928
0.94561 1.0036 1.2031
1.0276 0.98291 1.21
0.87228 0.98765 0.85032
1.0593 1.0488 1.0424
1.0712 0.96454 0.97602
0.94528 0.91195 0.88092
0.99261 1.145 0.95485
0.89167 0.89503 0.98255
0.9858 1.0087 0.97768
1.0255 1.0399 1.0048
0.91722 1.0446 0.96833
0.94 0.8748 0.94806
0.85018 1.0382 1.0203
0.97628 0.92126 0.94337
1.0316 0.95246 0.88972
1.0951 0.93237 1.0597
1.0224 1.1193 1.047
0.81623 0.87931 0.9148
0.96924 0.94825 1.028
0.77967 1.204 1.0221
1.0771 1.0267 1.3496
1.1339 0.89497 0.994
1.0029 0.93783 1.0489
0.89289 1.1496 0.87444
0.9641 1.0917 1.096
0.95025 0.95302 0.94024
1.0808 1.0121 0.99869
1.0208 1.0415 0.98182
0.98217 1.0574 1.0465
0.93753 0.9985 0.96178
1.1359 1.037 0.94317
1.0667 0.97012 0.84409
0.84328 0.86713 0.85359
1.0695 1.1113 1.0801
0.99042 0.98283 0.9184
1.118 1.0065 0.88195
0.89262 0.97539 1.1349
0.94205 0.90587 0.92231
0.80794 1.0597 0.8142
0.98283 0.98862 1.0118
1.03 0.8994 1.0501
1.1397 0.93315 0.85777
0.94819 1.1229 0.96567
1.2063 1.1737 0.88174
1.0433 1.0415 1.1988
1.0592 0.98238 1.0746
0.98441 1.1365 0.90165
0.94611 0.96324 1.0286
1.039 1.073 1.0867
1.061 0.89569 1.0221
1.0631 1.017 1.1538
1.0666 0.85368 0.97659
1.0455 1.1011 0.85879
0.87697 1.0965 0.97193
0.96051 1.2137 1.0495
1.0513 1.0861 0.93562
0.86134 0.92265 0.87246
0.91848 1.0524 0.9978
0.99711 0.99132 1.0561
0.96312 0.84026 0.93039
1.0012 0.90597 1.0159
1.0581 0.90758 1.0123
1.0843 0.93102 1.0695
1.0635 0.89045 0.95098
1.1913 1.02 1.0281
1.0668 1.0099 1.0364
1.0262 0.97921 0.94167
1.0252 0.93982 1.1017
0.89296 1.0483 0.97267
1.1233 1.0364 1.0817
1.072 1.0351 1.0004
0.95571 0.95241 0.91742
0.93267 1.0537 0.94565
1.0648 0.87629 1.0543
0.89367 1.0533 1.022
1.0113 1.0493 1.0477
0.93636 1.0058 0.94861
1.0184 0.88367 1.0378
0.96612 1.0128 1.0789
1.0119 0.93387 1.0312
0.91248 0.94558 1.0545
1.0344 0.95342 0.91513
0.97394 1.0885 1.0363
0.92293 1.0802 0.94697
0.9348 1.0969 1.0061
1.0681 1.1658 0.89685
1.1939 1.1992 1.0855
1.1389 1.1092 1.0309
0.83201 0.97378 0.92483
1.2939 1.0782 1.1419
1.0149 1.039 1.0151
1.0375 0.80423 0.91817
0.94726 1.1309 1.0213
1.0778 0.99348 1.0712
0.98354 0.90961 0.84057
0.92402 1.161 0.89899
1.0381 1.1435 1.0133
1.0213 0.94431 1.0655
1.0726 1.1123 1.043
1.1028 1.0993 0.98057
0.8386 0.83705 0.93843
1.0109 0.99501 0.95648
0.97962 0.95022 0.92739
0.8288 1.0961 0.9878
1.0768 0.98168 0.97531
1.1345 0.92337 1.1378
1.1383 1.0157 0.91819
0.80555 0.99283 1.0476
0.97353 0.99787 1.0127
1.0267 1.0076 1.201
1.0467 1.0448 0.95931
0.9512 1.2411 0.94785
1.0307 0.91177 1.1285
0.96185 0.93885 0.95674
1.0422 0.91506 0.83411
0.88171 0.93024 0.83991
0.86236 1.0168 1.0193
1.0698 0.98793 1.0224
0.88002 0.9843 0.93501
0.89667 1.0805 1.0853
1.0218 1.0875 1.1564
1.0573 0.87882 1.0124
1.0216 0.75716 1.0211
0.96948 1.0505 1.0479
1.0538 1.0468 1.0189
1.0234 0.90789 0.99958
0.89489 0.98844 1.0091
1.1072 1.0837 0.90348
1.0683 0.93343 1.0594
0.98116 1.0452 0.81936
0.92688 1.0504 0.9706
0.97646 0.89596 1.091
1.181 1.1064 0.93263
0.96413 0.93625 0.9597
0.87867 0.94157 0.91945
1.0865 1.0525 1.0138
0.87323 0.99963 1.0452
0.86754 0.9952 1.0121
1.1006 1.1251 1.007
1.0413 1.0153 0.96752
0.987 1.2121 1.1321
1.1037 0.97584 1.1076
0.97587 1.0024 1.0738
1.0544 0.98766 0.8453
0.88276 1.0623 1.08
0.87956 0.96106 0.89998
0.99492 1.0976 1.0278
1.1437 0.91797 1.0892
1.0076 0.80147 1.0997
0.90913 0.99928 0.97585
0.98235 0.93173 0.97002
1.128 1.1409 0.91012
0.95413 1.105 1.0003
0.80359 1.0643 0.95533
0.8889 1.0406 0.95663
1.0305 0.84549 1.0218
1.0037 0.99202 0.96205
0.97338 1.0148 1.1062
0.8756 1.011 1.1604
0.98741 1.1123 0.8969
1.0538 1.0367 0.93883
0.93426 1.0684 1.1847
1.1468 0.91403 0.99142
0.94362 0.87346 1.0665
1.0709 1.0831 0.93834
1.0534 0.9023 1.018
0.91631 0.98825 0.95651
1.1635 1.0481 0.94014
0.94975 0.97458 1.0209
1.0293 0.92847 1.0725
0.94536 0.9102 1.1194
1.0739 0.90586 1.0877
0.89708 1.1149 1.0678
0.9136 1.0786 0.9546
1.0923 0.88838 0.90917
1.0333 0.88581 1.044
1.1606 0.91353 0.86868
1.0309 1.037 1.0687
1.0172 0.96453 1.0893
1.0264 0.99139 1.0572
0.87077 1.0427 1.0404
0.96945 1.0325 0.88433
1.0714 0.99305 1.0002
0.99821 1.054 0.93747
1.1279 1.0875 1.0301
0.83217 1.0569 0.91859
1.0471 0.88447 0.97855
1.0473 0.96503 0.86645
0.9446 0.90834 1.051
1.0892 0.99914 1.0548
1.083 0.9352 1.1565
1.0102 0.89848 1.0942
0.99181 0.96127 1.1834
0.96069 1.0527 1.0871
0.96562 0.96797 0.99642
1.1736 0.97151 0.92892
1.023 0.89532 1.0021
1.1723 1.1254 1.003
0.91586 0.99658 0.9947
1.0018 0.9657 1.0072
1.0287 1.0539 1.0901
1.0016 0.85603 1.0314
0.99072 0.99851 0.99735
1.1008 1.0564 0.95469
0.89496 1.1731 1.156
1.0117 0.99118 0.95952
1.045 0.99641 0.89114
1.0363 0.98076 1.1114
0.92213 0.96147 0.94994
0.76209 1.0049 0.89043
0.99987 0.9851 0.83656
0.90151 1.0531 0.96769
1.0728 1.0934 1.0714
0.94752 1.1086 1.0128
0.90228 0.87018 0.88993
1.0456 1.1641 1.0356
1.0548 0.97973 1.1352
0.95594 1.0264 0.93747
0.93974 0.92331 1.1478
0.90366 1.01 0.89147
1.0411 0.91456 1.0522
0.91846 0.9138 1.1086
0.94379 0.95645 1.0751
1.0824 0.94623 0.94402
0.89602 0.90726 0.92482
1.0386 0.97265 0.84859
0.9473 0.8639 1.0721
1.0046 0.84915 1.0572
1.0256 1.0193 1.0217
1.0532 1.1456 1.0319
0.91479 0.96415 0.87206
1.0669 1.0599 1.0781
0.94311 0.92234 0.94391
0.87953 1.087 0.99846
0.84507 1.0574 1.0224
0.95022 0.8659 0.99447
0.93074 1.0516 1.0526
0.95771 0.92379 1.1275
0.95802 0.94705 1.1439
0.84691 0.92223 1.1221
0.89965 1.1324 1.2229
0.94569 0.9239 0.81936
0.9673 1.0611 0.95086
1.0264 1.0001 1.1525
0.98502 0.96925 1.0221
1.0119 1.1628 0.95051
0.91041 1.137 1.2599
1.0706 1.1471 1.1167
1.0728 0.9833 0.90259
1.0026 1.0275 0.98306
1.0792 0.96538 1.0092
0.96038 0.92609 1.1067
0.93697 0.97675 1.1344
0.92717 1.123 1.0168
1.0672 0.90545 0.9749
1.1506 1.0142 1.0342
0.87711 0.98457 0.97941
1.1387 0.99664 0.99864
1.0538 1.0257 1.0743
1.0031 0.87812 0.94235
1.0491 0.95502 0.97303
1.0004 1.0065 0.85066
1.1519 0.97722 0.92613
0.93144 0.96173 0.99416
1.1155 0.98364 0.96355
1.0183 0.9628 0.96924
0.99083 1.0387 1.1685
0.86789 1.0009 0.9128
1.1139 1.0474 0.95658
0.95872 1.0729 0.99293
1.0867 1.05 0.96452
1.0424 0.93959 1.0385
0.92033 1.0276 0.98227
1.0017 0.98284 0.96515
0.86077 1.1872 0.84593
1.2247 1.0023 1.0803
0.94427 0.92769 1.0038
0.85535 1.0402 1.1874
1.0402 1.0342 0.95577
0.93855 0.99228 1.0354
0.97707 1.0158 0.87094
0.90563 0.93144 1.0529
0.92764 0.99196 0.9957
0.99741 1.0417 1.0085
1.0986 1.0229 1.0563
1.1685 0.93842 1.1114
0.95479 0.89847 0.89612
1.0877 1.1719 0.839
1.1041 0.85991 0.9291
1.0864 1.0459 1.0075
0.9126 0.97264 0.97036
0.98642 1.078 1.0484
1.0481 0.84057 1.2243
0.84886 1.0082 0.82347
1.1904 0.94252 1.0406
1.1607 1.0418 1.0887
0.92375 1.1354 0.98654
0.91844 0.85772 0.96018
1.0534 1.0753 1.0491
0.9374 1.029 0.90391
1.1422 1.0559 1.0985
1.0151 0.92764 1.0338
0.82982 0.87166 0.89935
0.81762 1.0323 1.0465
1.1023 1.0429 0.98628
0.91425 1.0082 0.90154
0.94968 0.95476 0.96227
0.99714 0.86754 0.94806
0.97416 0.90625 0.97124
1.114 1.0583 0.92787
1.059 0.82233 0.9479
0.96455 0.96364 1.028
0.93922 0.97348 0.90516
1.0276 1.0509 1.1377
0.98012 1.0743 1.0115
0.92709 0.96725 1.0114
0.90778 1.2102 1.0173
1.0148 1.0674 0.81164
0.94896 1.0981 0.95773
1.0441 1.0161 0.97545
1.0381 0.98431 0.98732
1.0739 1.0924 1.0749
0.9502 0.94502 0.91588
1.0268 1.0112 0.99688
0.91601 1.016 1.0701
0.90102 1.0268 1.1236
1.0427 1.1916 1.0354
1.0779 0.98128 1.0258
1.0013 1.0364 0.94927
1.1306 1.1731 0.99915
1.0979 1.0067 1.0523
0.88701 0.95415 0.86511
0.98687 1.0205 0.8701
0.95367 1.1351 1.0023
1.1523 1.0065 1.128
1.0706 0.92887 0.94391
0.97319 1.1775 0.97098
0.98782 1.1275 1.1157
1.0808 1.1077 1.1023
0.92418 0.97302 1.0427
0.94692 0.91529 0.86743
1.0208 1.0353 0.99421
0.86097 0.97459 0.97851
1.1404 1.0135 1.0509
0.97476 0.8997 0.8815
1.1342 1.0661 0.85795
0.94205 0.94359 1.067
1.0461 1.1124 0.9644
0.93837 0.99854 1.0061
1.1354 1.0299 0.97543
0.92668 1.2816 1.0106
1.0955 1.0418 1.0363
0.92564 0.90666 1.1699
1.1029 1.1129 1.0751
0.85879 0.90405 0.98092
0.90278 1.0531 1.0439
0.9549 1.1244 0.94028
1.0474 1.1124 0.91095
1.1206 0.95195 0.97277
0.93853 0.99258 1.0619
0.95617 0.95045 1.0643
1.1035 1.1773 0.93535
0.98442 1.0129 1.0732
0.97312 1.1182 0.96607
1.0428 0.99372 0.94128
1.0974 0.94157 0.90309
1.1539 1.1855 0.97766
0.98354 0.9496 1.0321
0.81575 1.0714 0.9496
1.0365 1.0676 0.84381
1.0989 1.1959 1.1374
1.028 0.93462 0.82002
0.95015 1.0535 1.2325
1.1231 1.1165 1.0463
0.99838 0.9032 0.91027
0.99163 1.0041 0.90484
0.90236 0.88868 0.8951
0.99025 1.0484 1.049
1.2222 1.0998 1.0706
1.1108 1.0215 0.97395
1.1529 0.98259 0.98222
1.0989 0.8707 1.0105
1.0583 0.96439 0.95024
0.99967 1.0126 0.94212
0.89383 1.1198 0.89786
1.0482 1.0538 1.0282
0.85164 0.99506 1.1242
0.97358 0.89811 1.1046
1.0899 1.0339 1.1435
0.94859 1.0014 0.96856
1.0428 0.92721 0.91795
0.92458 0.9567 1.0603
1.0764 0.93292 0.98034
0.99742 0.93802 1.0289
1.0765 1.0239 1.0685
0.95622 1.0297 1.0222
0.86971 0.93383 1.0225
0.9988 0.98558 1.0141
1.1038 0.987 0.99655
1.2396 1.0731 1.0593
0.96765 0.99754 0.86927
1.0754 1.2158 1.0028
0.94306 0.99549 0.95337
1.0486 1.0438 0.90002
1.1178 0.98622 1.01
0.92929 0.98746 1.0961
1.032 1.0535 0.9697
0.95217 1.1311 1.0448
0.87646 0.97481 1.0803
1.0666 0.95579 1.0381
1.0166 0.92995 0.97714
1.0528 0.7757 0.93423
1.0476 1.1265 1.0686
0.98123 1.0915 0.94541
1.0892 1.0264 1.0329
0.91534 1.0946 1.0521
0.81005 0.81142 0.89736
0.84145 0.92105 0.98269
0.90524 0.96461 0.79926
1.0566 0.90778 0.96944
0.99996 0.85356 0.9877
0.97857 0.99818 1.0955
1.0818 1.0544 0.88482
0.97715 1.0249 1.1221
1.0139 1.07 0.94812
1.019 0.90949 1.0303
0.96094 0.9661 0.98658
0.96538 1.0154 0.8382
0.85318 0.91451 1.1015
1.0114 1.0431 0.94212
1.0254 0.96007 1.0171
0.9844 0.96385 1.0125
1.0055 1.1314 0.97685
1.1111 1.0014 0.86837
0.89607 0.95845 1.0978
1.0188 0.99901 1.0035
0.97934 1.131 1.1652
0.96417 0.9844 1.1031
1.0118 0.82303 0.92946
1.0021 1.0825 1.0416
0.95772 0.95782 0.9978
1.0533 1.1665 1.0864
0.90421 0.87779 0.93062
1.0114 1.0074 0.97515
1.0271 1.0136 1.0803
0.90205 0.79828 0.86219
0.93591 0.98897 1.0709
1.0533 0.95557 1.0458
0.93276 1.0947 0.88034
1.1112 0.83621 0.94875
1.0091 0.95197 1.15
1.0167 1.077 1.0686
1.0041 0.933 1.0216
0.96552 0.94768 0.95614
0.96534 0.94943 1.0352
0.93012 0.98986 1.0965
0.98861 0.96539 0.90971
1.1985 1.1118 1.1307
0.88228 1.0025 0.95287
0.89822 1.0697 0.99672
0.80358 0.99972 0.95741
1.0112 0.9982 1.1329
1.1023 1.1999 0.8868
0.97903 0.88249 1.1733
0.90834 0.87496 1.045
0.96257 1.0525 1.1367
1.0057 0.94609 0.79676
0.966 1.043 1.1035
0.89987 1.1572 0.94756
1.1375 1.0919 0.95456
0.88702 0.93977 0.8808
0.98702 1.0044 1.2781
0.96689 1.0216 0.97138
1.1693 1.0618 0.98665
1.0776 0.96029 1.0625
1.0162 1.056 0.99311
1.0029 0.95178 1.1068
0.98395 1.0928 1.0173
1.0231 0.91274 1.091
0.84167 1.0101 0.95522
1.0582 0.87388 0.94713
1.0569 1.1732 1.0061
1.0049 0.94572 0.9208
1.2271 0.88702 0.9388
0.86504 0.8802 0.94503
1.0394 0.89024 0.99912
0.95009 1.0674 1.0683
1.005 1.0213 0.90757
1.1457 1.0421 0.92814
1.0594 0.92679 1.0614
1.0652 1.2304 0.97445
0.94318 1.012 1.0485
0.94608 0.99576 1.0842
1.2105 0.93658 1.0262
1.0359 1.133 0.86434
1.1741 0.91707 1.0113
0.90876 0.89205 1.0007
0.94342 1.0408 0.89629
1.1591 1.0585 0.97563
1.0145 1.0951 0.95991
1.1284 0.9922 1.1098
0.97164 0.8571 0.91768
0.86694 0.90877 1.1137
1.0431 0.90264 0.86649
1.0764 0.97245 1.0144
0.96713 1.0127 1.0665
1.0455 0.96435 0.94181
1.0266 1.0882 0.94291
1.0127 1.082 0.98305
0.96482 0.88272 0.97923
0.99726 1.0256 1.0075
1.0334 0.95588 0.96584
0.93271 0.93408 0.90809
0.81962 1.0758 0.95905
1.0638 1.3029 1.0599
1.1919 1.1024 1.0988
0.96362 0.91836 0.94973
0.79416 0.89183 1.09
1.0221 0.95432 0.90649
1.0953 0.9384 1.0136
0.99569 1.0472 1.1086
0.98201 0.94257 0.96431
1.1534 0.94175 0.93415
1.128 1.0035 0.95934
1.0232 0.95688 0.89107
1.075 0.97813 1.0366
0.89979 0.95063 0.90696
0.9094 0.99988 1.1266
0.81637 0.91219 0.91903
0.98164 1.0093 0.91253
0.88125 1.0453 0.80663
1.0224 0.99241 1.047
0.97932 1.0192 1.062
1.0039 1.1434 0.9908
1.0256 0.84388 1.0138
1.0962 1.121 0.9935
1.0807 1.174 1.2977
0.97267 1.0319 0.98074
1.0127 0.9856 1.1135
0.88518 1.1904 0.99606
0.89657 0.89027 0.97558
1.1083 1.0261 0.98169
1.1221 0.91423 1.0499
0.90606 1.1518 1.0163
0.94945 1.0475 1.0343
0.96302 1.1037 0.93411
1.0331 1.0405 1.0174
0.86324 1.2351 0.96888
0.92147 1.1119 0.97677
0.98979 0.95528 0.98102
0.87867 0.9984 0.97991
1.01 1.0975 0.97443
1.0249 1.0462 1.0419
0.9649 0.97264 0.96649
1.0276 1.0849 0.89946
1.0544 1.0176 1.0718
1.0648 1.0653 1.1362
1.0229 1.1153 0.92383
1.048 0.95173 0.83747
0.95342 0.89361 1.0095
0.92031 0.90989 1.1103
1.1231 1.0271 1.0762
1.0451 0.93759 0.98477
0.96487 0.99783 0.9025
1.0725 0.88638 0.83294
1.2001 1.0159 1.0033
0.9322 0.99909 0.97222
1.0098 0.93472 0.98089
1.0226 0.99999 0.97436
0.99113 1.0258 0.99929
0.91171 1.1108 1.0017
0.81393 1.0288 0.98791
0.96368 0.85951 0.94097
0.8752 0.99688 1.0569
1.2015 0.94806 1.0936
0.91158 1.0281 0.91003
0.97517 1.0273 1.0783
1.0431 0.9346 0.99537
1.1028 1.0196 0.97317
0.94351 1.1566 0.92641
0.87814 0.92491 0.90765
0.92034 1.0626 0.88483
1.1643 0.8942 0.85885
1.0184 1.1908 1.024
0.9182 0.93129 0.81647
0.93365 0.933 0.84613
1.0364 1.0382 0.95319
0.98028 0.96781 0.895
0.92512 0.94506 1.0501
1.0374 0.93752 0.9901
1.0342 0.93574 1.0783
0.97701 0.98683 1.0234
1.1122 0.97407 1.1655
0.93282 1.0328 1.0236
0.83442 0.94312 1.0949
0.87366 0.99924 1.0284
0.95824 0.96145 1.0067
0.92227 0.84935 0.98016
1.0078 0.97051 1.0184
1.0317 0.9975 0.9643
0.9757 1.0644 0.92721
0.97747 0.9615 1.043
0.96373 0.93038 0.96237
1.1114 1.0182 1.1427
1.0152 1.1008 1.0808
1.0818 1.1989 1.0225
1.0528 1.0152 1.0865
0.99597 0.89348 1.0547
1.1119 1.0216 1.1537
1.0307 1.0354 1.1479
0.88974 1.0042 1.0638
1.0832 1.035 1.1895
1.0867 0.95229 1.0433
0.98893 1.071 1.0494
1.0422 0.9031 1.153
1.1735 0.91872 1.1056
0.97913 0.86787 0.85209
1.1021 0.98644 1.02
0.98381 0.95208 0.93114
0.91157 1.042 1.1005
1.0198 1.1838 1.078
1.0306 1.1094 0.87972
1.1299 0.96608 0.86994
0.95788 1.0718 0.98589
0.96718 1.1052 1.0234
0.96446 1.0109 0.96491
1.0368 0.97638 1.0658
1.0145 1.1341 0.94641
0.98736 1.1989 0.96587
1.0764 1.0139 1.073
1.1317 1.2053 1.2625
0.97531 1.2264 1.0575
0.86068 0.99272 0.96088
1.0366 1.0491 1.0863
1.0524 0.93573 0.87894
1.0464 1.0317 1.2846
1.0361 0.853 0.96042
0.97756 1.0631 0.9119
1.0701 0.86396 1.0652
0.93162 0.93435 0.99967
1.0317 1.036 1.041
0.80664 0.9562 1.0929
1.0272 1.0742 0.96385
0.9794 0.87617 0.8818
1.2308 1.0907 1.1369
1.0434 0.86299 1.0794
0.95907 1.0664 1.0426
1.1641 1.0836 0.92216
1.1895 1.0136 1.0486
1.0064 1.0526 0.91558
1.031 1.0091 0.95709
0.9188 1.0569 1.2113
0.94738 0.91022 1.0925
0.92189 1.1291 0.93853
0.8162 1.0522 1.0667
1.0322 0.95056 1.0667
0.86858 1.1493 1.0115
0.95672 1.0286 0.99748
1.0636 0.95554 1.0398
0.90932 1.0498 0.94129
0.97875 0.89032 0.98626
1.0592 1.1341 0.95324
1.0184 1.1463 0.90413
1.0518 1.0946 1.0067
1.0288 0.88714 1.0374
1.1189 1.078 1.0004
1.0247 0.93731 0.93848
1.0814 1.0922 0.99869
0.96628 0.8883 0.94933
0.94504 1.0649 0.90047
0.92356 0.90135 0.93509
0.97844 0.99619 1.0941
0.92342 0.92096 0.98436
1.0473 0.92144 0.97199
0.99407 1.0724 1.0462
0.91516 0.9052 1.0114
1.1262 1.0996 0.99581
1.0204 0.94537 0.84986
1.0331 1.2194 0.98832
1.0397 0.97095 0.99027
0.88503 1.109 1.0151
1.0897 1.0064 1.0267
1.035 1.0318 1.0108
1.135 0.86107 1.1022
0.84972 0.8977 0.90283
1.0041 1.0837 0.93206
0.94857 1.05 1.1009
1.2383 1.1866 1.06
0.80384 0.94758 1.0256
0.84085 0.98399 0.96275
0.97958 1.0606 0.84812
1.0295 1.0284 0.93703
0.9411 1.0594 1.0395
0.88968 0.91472 1.0092
1.0615 1.0676 1.0262
0.96594 1.154 1.1599
0.96674 1.029 1.1056
0.93359 1.0247 1.0046
0.95904 0.97564 1.0067
1.0245 1.0565 1.0199
0.92964 1.0576 0.98788
0.99586 0.90674 1.0689
0.95153 1.017 0.99003
1.1271 1.0016 0.93073
0.99718 1.0502 0.94421
1.0955 0.91214 1.0351
1.0535 1.163 1.0417
0.92501 0.83343 1.0002
0.94683 1.11 0.96163
1.0319 1.0202 0.97115
1.0044 0.98226 0.91791
0.88391 0.91179 0.89196
0.98178 1.0156 1.0959
1.0955 1.1081 0.87584
1.0434 0.99276 1.043
1.1066 0.99207 0.93742
1.047 1.0024 0.94077
0.92638 1.0094 0.80491
1.0647 1.0142 0.93189
0.89501 1.1714 1.0818
0.91662 0.93757 0.88612
0.91925 0.97052 1.0713
0.98938 0.8835 1.0574
0.99207 0.91748 0.95066
1.0102 0.93599 1.1418
0.99648 0.94993 1.1107
1.0584 0.83026 0.96393
0.96092 1.0879 1.0446
1.2229 1.1663 1.0798
0.83498 0.91309 0.98712
1.1258 0.88636 0.98302
1.0733 1.1096 1.141
1.0981 1.1195 0.91974
0.87124 0.94928 1.063
1.0892 0.92905 0.87964
0.8984 1.0569 1.0319
1.0163 0.88752 0.95448
1.1633 0.91575 0.98342
0.97203 1.1348 1.0831
0.98817 1.0077 0.9821
1.031 0.95634 1.0197
0.9582 0.99529 0.87699
1.0806 0.98486 0.90817
1.0221 0.97012 1.1643
0.97875 0.99881 0.89693
0.93799 0.94915 0.9376
0.89307 0.94539 0.9711
1.0795 0.97195 1.0843
0.9501 1.1478 1.0762
0.9151 0.9139 0.91514
1.0701 1.2282 0.95096
0.9049 0.9073 1.0037
1.0873 0.98724 0.8525
0.97711 0.89333 1.0791
1.0572 1.0003 1.0402
0.94847 0.87173 0.88919
1.0729 1.1151 0.95053
1.1168 1.095 0.93606
0.82941 0.95658 0.79992
0.98066 1.0785 1.0172
1.0161 1.0971 1.056
1.0382 1.1205 0.95344
1.0863 0.94816 0.92201
1.0902 0.98165 1.0807
1.0874 1.1035 1.1364
1.0036 0.91375 1.0724
1.0005 1.0511 0.95333
0.9556 0.87588 0.95796
1.144 1.0864 1.0072
1.0085 1.1067 1.1118
1.0426 1.046 1.1704
1.0122 1.0494 1.0523
1.2165 1.1444 1.1465
1.1433 0.88199 1.0328
1.0589 1.0362 0.96203
0.89068 1.0061 0.96307
0.95234 1.2012 1.0096
1.1075 1.0798 1.0761
0.83267 1.0465 1.1054
1.1523 1.2213 0.99553
1.0185 0.87766 1.0045
0.93919 1.0608 1.0044
0.81393 1.0295 1.0614
1.1535 1.0359 1.0502
1.1462 0.94111 1.0029
0.96098 0.99025 0.90099
0.95669 0.92447 0.97771
1.0335 0.94158 1.0432
1.0183 1.0189 0.90833
1.0107 1.0976 1.0886
1.0584 0.94 1.0677
1.0035 1.1381 1.0407
1.137 1.03 1.1458
1.0277 1.1048 1.0133
1.0905 1.0057 0.84463
0.8824 0.97368 0.99259
1.0225 1.1572 0.88059
0.88542 0.98157 1.0446
1.0927 0.8939 0.93879
1.129 1.0427 1.1604
1.1363 1.0702 0.98336
1.0801 1.0236 1.1071
1.2013 0.88381 0.96902
0.98588 0.96908 0.95994
0.98213 1.138 1.0198
1.0783 0.91293 0.96248
0.95671 0.92536 0.9559
0.95719 0.97761 0.95083
0.97878 1.1632 0.93928
1.1262 1.2269 1.0175
1.1268 0.8822 1.0493
1.0784 0.97284 0.89581
0.98899 1.1725 1.1534
0.97055 0.89904 0.93686
0.95288 1.0069 0.94954
1.1286 0.96841 0.97161
1.0633 0.9019 1.0174
1.0053 0.95214 0.98379
0.89335 0.9521 0.96746
1.1147 1.0574 1.0967
0.98596 1.0883 0.89217
1.0475 1.0917 0.83537
1.0421 1.0226 0.90237
0.92387 1.0447 1.049
1.109 0.99862 0.94085
0.9078 1.0186 0.95333
0.98232 0.97659 0.97143
0.89809 1.0482 1.0338
0.91623 0.87984 1.0918
0.91462 0.94505 0.934
1.0566 1.1683 1.0034
0.94272 1.0877 1.0384
0.97141 1.0031 1.0933
0.88643 0.96695 1.0124
0.87259 0.94564 0.82028
1.0024 0.85983 0.89888
1.0055 0.91455 1.0587
1.1536 0.98967 1.0269
0.91596 0.99839 0.98059
1.1314 0.94339 0.94998
1.0061 0.97106 1.0981
0.99855 1.0404 0.95522
1.0605 1.0524 1.1983
0.92968 0.84556 0.99063
1.0229 1.0324 1.0029
1.0275 1.1102 1.0523
1.1323 0.93897 1.2471
1.0651 1.022 0.97346
0.90475 0.96756 1.0403
1.0816 1.0493 1.0297
0.97606 1.1039 0.91411
0.8895 0.83192 1.0382
0.9495 0.98282 0.81813
0.87397 1.1955 0.8504
0.97066 1.0694 0.96157
0.93205 1.012 1.2144
0.96363 1.0496 1.0569
1.1045 1.1957 1.1426
0.97617 0.83019 0.98709
1.0525 1.0179 0.99833
1.0337 1.2049 1.0305
1.0417 1.0865 0.91855
0.76833 1.0153 0.84725
0.95735 1.1025 1.055
1.0821 1.0399 0.95672
0.98312 1.0879 1.1066
1.0046 0.95292 1.1132
1.0349 1.0388 1.0763
0.95842 0.93272 1.1701
1.0765 1.144 1.0348
1.1459 1.0331 1.0569
1.0871 1.0412 1.0831
0.96255 1.0048 1.0435
0.89415 1.0537 0.91349
0.97594 1.0673 0.8748
1.2372 0.96802 0.99991
1.1886 1.0807 1.1174
1.0052 1.069 1.0685
0.95074 0.98653 0.9389
0.9337 0.9459 0.88901
1.032 0.83808 0.98102
1.085 0.91512 0.9566
0.96767 0.9042 0.89691
0.91248 1.0653 0.97024
1.1099 1.0148 1.1478
1.0678 1.084 1.04
0.98204 0.99244 1.038
1.062 1.0697 1.0969
0.98819 1.0527 1.0205
0.94424 0.98625 1.1599
0.96825 0.96856 0.85292
0.95753 0.82042 0.92976
0.86094 1.0453 0.97727
0.93955 0.98778 0.96867
0.85131 1.0593 0.95634
1.0413 1.0517 0.99786
1.0111 0.95694 1.0253
1.2564 0.95345 1.215
0.9907 1.052 1.0769
0.97796 0.92457 1.1366
1.0738 0.99329 1.1142
1.058 1.0173 1.0474
0.97008 1.0185 0.86657
0.86453 1.09 0.89859
0.98187 0.91761 0.90705
1.0789 1.0127 0.95573
1.0706 1.2679 0.99892
0.99406 0.90391 0.96761
1.0985 0.97763 1.0046
1.0962 0.92507 0.98315
0.80604 0.97533 0.81298
1.1433 1.0518 1.0422
0.8975 0.83033 0.95266
0.92519 1.1005 1.015
0.95219 0.92031 0.99678
1.0785 1.1367 1.0262
0.99289 1.0828 0.91416
0.92854 0.99555 1.1476
1.082 1.0502 0.91952
0.87223 0.98144 0.94077
0.87062 1.0878 0.97883
1.0466 1.0013 0.99805
1.1101 0.99811 1.0879
1.068 1.0304 1.1315
0.88219 1.1521 0.94608
0.98013 1.1046 1.0999
0.93673 1.076 1.0734
1.186 1.2702 0.93214
0.94699 1.0349 1.0595
1.0891 0.93751 1.099
1.0643 1.074 1.0867
1.0137 0.86766 1.0489
1.0314 1.193 1.1423
0.92656 1.0996 1.0037
0.92359 0.96361 1.03
0.9035 0.9894 1.0957
1.0716 1.0347 0.97285
0.87865 0.86355 0.9391
1.1254 0.90604 1.1875
0.92068 0.98822 1.1629
1.0476 1.0115 0.99921
0.9367 1.0499 1.1942
0.90865 0.92018 1.0939
1.0021 0.91522 1.132
0.93283 1.1166 1.2254
1.0198 0.96993 1.1227
0.97567 1.1524 0.91978
0.95408 0.89558 1.0366
1.2139 1.062 0.90863
0.86143 0.91803 1.0619
1.0069 0.9542 1.0578
0.99401 0.9779 0.93496
1.0659 1.0708 0.96988
0.9531 1.1055 1.0631
0.96455 0.97971 0.86142
0.9905 0.93188 0.91369
1.0795 0.93981 1.0643
1.1545 1.1064 1.0678
1.1299 0.87221 1.0121
0.91846 1.0596 0.85385
1.002 1.0382 0.82097
1.0009 1.0419 0.91236
0.9576 0.92036 1.2829
0.99945 1.1792 0.88618
0.94999 0.9779 1.0432
1.0855 0.9489 0.89788
1.1868 1.0113 1.0545
0.99781 0.94617 1.0199
1.0466 1.0327 1.0761
0.96911 1.0386 0.89681
0.96209 0.90666 0.90203
0.98287 1.1745 1.1304
0.96578 1.0233 1.1187
1.0474 0.94183 0.96371
0.99953 1.0082 1.03
0.86617 0.95402 0.97875
1.0713 1.1099 0.99136
1.0493 1.0982 0.95322
1.0874 1.034 1.1544
1.1171 1.1007 0.90607
1.1142 1.0535 1.0517
1.0752 0.82922 1.0701
1.0188 0.91379 0.99901
0.96569 1.063 1.0947
1.0526 1.1219 1.081
1.03 1.0309 0.86757
0.90081 0.93155 0.9808
0.91403 0.89206 0.90418
0.97172 0.96265 0.98401
0.99291 1.2108 0.9528
1.0122 1.0619 0.98533
0.99109 1.1347 1.1151
1.1498 1.0269 0.82362
1.046 0.98097 1.0626
1.3079 0.97203 1.248
1.1056 0.9298 0.85076
0.93604 1.1107 0.90122
1.1437 1.063 1.0823
1.143 1.0423 0.95204
1.0785 0.96175 0.98878
0.91203 0.93075 1.0213
0.97094 0.89709 1.0723
1.0448 0.97045 0.94796
0.9588 1.0969 1.053
1.035 1.0094 0.93264
1.2134 1.0426 1.0523
1.0477 0.96332 1.0377
0.99099 0.91428 0.88063
0.79964 0.81018 0.96973
0.97979 0.91374 0.9894
0.93405 0.98648 0.98949
1.0128 0.96408 1.0589
0.92971 1.0854 1.1263
0.95677 1.0845 1.0837
1.0195 1.0871 1.0738
1.0559 1.085 1.0915
1.0449 0.92205 1.008
0.97599 1.0104 1.1116
1.025 1.058 1.0647
1.007 1.1489 1.0005
0.94243 1.1214 1.0609
0.9252 1.0342 0.97553
1.0583 1.0557 1.103
0.91823 0.99636 0.92809
1.1913 1.0346 0.96631
0.96401 0.99892 1.0357
1.0613 0.98988 1.0338
0.98611 1.0655 1.0858
0.86061 0.94023 1.083
0.84895 1.0288 1.0871
1.0872 0.94936 0.81918
0.9848 0.91626 1.0784
1.077 0.92824 1.0473
0.96768 0.9612 0.98185
1.0923 1.1219 1.0511
0.98541 0.84426 1.025
1.0498 0.98925 0.97137
1.0571 0.81123 0.9618
0.9025 0.97271 1.1044
0.93504 1.0071 0.99109
1.0673 1.0021 1.1483
0.97942 0.94694 1.2062
1.0319 1.0723 1.033
0.84392 0.96475 1.1151
1.0167 1.0816 0.96998
1.0053 0.9601 0.97369
1.134 1.1204 1.0644
0.89579 0.94991 0.95993
1.1306 1.0252 0.94995
1.2074 1.0432 0.91743
0.86012 0.93461 0.94846
0.91205 0.92334 0.97259
0.98641 1.0162 0.96848
0.93377 1.2558 1.0653
1.0644 1.0762 0.99797
0.93581 1.1358 1.0363
0.89881 0.95459 1.0535
1.0008 1.1652 0.93207
1.1413 0.88817 0.9749
1.0844 0.94897 0.84508
0.88937 1.0954 0.8587
1.0988 1.1976 0.99128
0.99176 1.0267 0.95942
0.96001 1.0397 1.2171
0.97393 1.1425 1.0888
1.0803 1.102 0.90992
0.9828 1.1586 0.91344
1.1292 1.171 0.92296
1.0143 0.95054 0.95359
1.0935 0.99494 0.94689
0.98957 0.98352 1.0904
0.97091 0.99799 0.94382
0.96047 0.9555 0.98918
0.9036 1.0465 1.0806
0.92938 0.95989 1.0868
1.0576 1.0381 0.86022
1.017 0.89708 0.93556
0.9599 0.86109 0.86901
1.0052 0.99006 1.173
1.025 0.9613 0.96376
0.91292 1.2347 0.98113
0.92171 1.0092 1.1087
1.0206 1.1069 1.0117
0.84003 0.99609 1.186
0.91991 0.96528 0.85524
0.95834 0.8587 0.9989
1.0163 0.95594 1.1016
1.1379 0.92614 1.0311
0.9264 0.94922 0.97985
1.3401 0.80507 1.0392
0.9788 1.0298 0.97155
1.0649 1.1295 1.0004
0.97974 0.93751 1.038
0.8758 1.0905 1.016
0.89131 0.98105 0.92027
0.91132 0.94527 0.97331
1.1312 1.0284 1.1716
0.84341 0.95324 0.95479
0.99163 0.96517 0.95609
1.0673 1.0326 1.0082
0.91606 0.99006 1.0919
0.89217 1.077 0.92255
0.9953 0.92079 0.94608
1.1394 0.9883 1.0982
1.0969 0.879 1.0303
0.87446 1.1311 0.9189
0.93779 0.90844 0.90792
1.0553 0.94262 1.0501
1.0083 1.1151 0.94713
0.84814 1.0388 0.87529
1.0487 0.99441 1.0557
0.82946 0.98961 1.0354
1.0083 1.0778 0.88243
0.93443 1.0444 0.96828
1.0302 1.1102 1.1661
0.86569 1.0573 0.97747
0.97968 1.1583 0.98685
1.0063 1.0924 0.9709
1.0894 0.9409 0.98246
0.86136 1.1052 1.0532
1.0031 1.0156 1.0926
0.85784 1.2026 0.88616
0.96957 0.96384 1.0066
0.94403 1.1207 0.96787
1.0917 0.9085 0.97144
0.8665 0.95394 1.0897
1.0902 1.0752 0.94139
0.93079 0.94745 1.0432
0.95693 1.0211 0.91237
0.94627 1.1295 1.0809
0.95889 1.0466 0.95206
1.0261 1.1232 0.97907
1.0256 0.8997 1.0381
0.98225 1.0671 0.89731
0.90549 0.94514 0.85807
1.2088 1.1763 0.94207
1.0584 0.99129 1.0432
1.2188 0.95452 1.0501
0.97634 1.0737 0.79509
1.0078 1.0341 1.0037
1.0354 1.1286 0.9773
0.9955 1.021 0.98316
0.98018 0.99851 0.98555
1.1436 1.0824 0.91201
1.0861 1.0475 1.2041
1.0007 0.93722 0.99982
0.97339 0.9401 1.0099
1.1044 1.0579 1.0316
0.87659 0.85568 1.0259
1.1944 0.96261 1.0691
1.0972 1.1703 1.0033
0.93356 0.96041 1.0058
1.0733 1.0529 1.0195
1.1482 0.99809 0.92316
0.90662 0.98384 0.98496
1 1.0895 1.0133
1.0463 0.89985 0.99617
0.9555 1.0232 0.99449
0.977 0.96988 0.91008
0.84435 0.97931 1.0173
0.98717 1.0004 1.1561
1.0947 0.99995 1.0504
0.87818 1.1593 1.0475
1.0496 0.8388 0.8893
1.0677 0.93656 0.9333
1.1016 0.82657 1.0043
1.0586 0.9905 1.0462
0.84926 0.872 1.0656
1.08 0.88072 1.193
0.98942 0.93647 1.0242
1.1356 1.111 1.026
0.98343 0.97381 1.0568
0.99832 0.8782 0.89891
1.0134 0.85559 1.0144
0.87327 1.0473 0.992
1.0456 0.93973 1.0274
1.0676 1.0438 0.8843
1.1073 0.96425 1.1818
1.0009 1.0799 1.11
0.94571 0.92639 1.0641
1.1879 1.0573 0.90879
0.90118 0.97809 1.0775
0.94508 1.0494 0.92663
1.0176 0.90178 0.8738
0.99184 0.92189 1.0835
0.91231 0.81124 0.84527
0.9324 1.0374 1.1345
0.99894 0.88336 0.88365
0.93934 1.0326 1.0128
0.89166 0.87781 1.0372
0.97606 0.98698 1.0625
1.0668 0.87375 0.94191
0.79866 0.91867 0.92058
1.1375 1.1005 1.033
0.99759 1.0588 1.1438
1.0465 1.0919 0.81763
1.0409 1.0573 1.0222
1.0833 1.222 0.97652
0.89372 1.1034 0.90584
0.89104 0.96881 0.95924
0.97269 0.94796 1.0099
1.0716 1.1787 0.96394
0.98495 0.97647 1.1022
1.1305 1.0063 1.1928
1.014 0.85463 0.9714
0.98045 0.9282 0.88054
0.93048 1.019 1.1179
1.0534 1.129 0.91663
1.0109 1.0931 1.0604
1.1464 0.9829 1.1453
1.1038 1.1082 1.0383
1.0743 0.90302 0.98662
1.0405 1.0625 1.0306
1.0493 1.0864 0.86375
1.0625 0.8838 0.88274
0.87543 1.0249 0.8998
1.1617 1.0287 1.0841
1.0969 1.0669 0.97688
1.2101 1.0192 0.9427
1.0766 1.0786 1.0376
0.8694 0.91927 0.91413
1.216 0.95681 0.97559
1.0866 0.92939 0.9502
1.1662 0.98393 1.122
1.087 0.91397 1.1564
0.99664 1.0084 0.95598
1.0451 0.97127 0.93918
0.97801 1.137 0.99581
0.98052 0.94353 0.93406
1.0347 1.0403 0.90197
1.051 0.96193 1.0486
1.0797 1.1657 1.105
0.97149 1.0591 0.90016
1.0183 1.0452 0.93795
1.0277 1.1152 1.1114
0.97821 0.99047 1.1835
1.083 0.97185 1.0075
0.96425 1.0946 1.0653
1.022 0.92672 0.99278
1.0589 0.9875 0.98624
1.0509 0.96102 1.1673
0.99776 0.98436 0.98376
0.86886 0.80655 0.92295
0.82739 0.84241 0.95262
0.95681 1.038 1.0722
0.96072 0.92798 0.98887
1.0078 0.9414 1.1039
1.122 1.089 1.0006
0.95112 0.95929 1.0312
0.97235 1.0383 0.91998
1.1023 1.1649 1.224
0.91678 1.1383 1.0408
0.95368 1.0631 1.1367
1.3499 0.96495 1.0769
1.0432 1.0187 0.98598
0.98609 1.1309 0.89388
1.0384 1.3123 1.0086
1.0013 1.0517 1.0997
1.0817 0.9173 1.042
1.0132 1.1636 0.8867
0.91951 1.0364 0.88003
1.0802 1.038 0.83774
0.92161 0.92717 1.0261
1.0815 1.1242 0.91903
1.1561 0.97127 1.0322
1.0695 1.0877 1.0325
1.0334 1.0895 0.97648
0.915 0.83902 1.085
0.94683 1.0991 1.0785
1.0168 0.99168 1.0452
1.1382 1.0219 0.98064
1.0553 0.97077 0.95092
1.016 0.99217 1.1364
1.1011 0.98453 0.97083
0.99887 0.87632 0.99943
1.0387 0.84627 0.82086
1.2257 1.081 0.95558
1.1079 1.1717 1.1089
0.89793 0.98174 1.0212
1.0206 1.1832 0.97774
0.91537 1.0261 0.84698
0.91967 0.87331 0.86344
0.88724 1.0977 1.2479
1.0169 1.1257 0.99296
1.0519 0.87514 1.0537
0.89172 0.91869 0.92413
1.0832 0.92092 1.0757
0.971 1.0918 0.85356
0.8866 0.93064 1.0984
0.90819 0.89189 1.0393
0.85018 0.99542 1.0755
0.98003 1.1793 0.97302
0.86306 0.90764 1.0122
1.0237 0.92221 1.0163
0.96094 1.0404 0.97611
0.95891 1.1186 1.0099
0.91575 0.95615 1.023
1.1652 1.0019 1.0708
1.0318 0.96091 0.95779
0.97182 0.89738 0.93891
0.99226 0.89241 0.95846
1.0432 1.0376 0.96701
0.96528 1.1373 0.89734
1.0348 0.96678 1.0022
0.94577 1.1137 1.0273
0.95213 0.91626 1.0448
1.1539 0.95253 1.0394
1.0004 0.9738 0.91411
0.92587 0.9777 0.93408
0.93249 1.0624 1.0918
0.92669 1.0196 1.0381
1.0734 0.96697 1.1802
1.0166 0.96596 1.1892
0.98766 0.92561 0.85783
0.99856 0.98664 1.1131
0.92023 0.93971 0.90782
0.87731 0.90139 0.77461
1.1656 1.0779 1.003
1.0845 1.1745 1.1271
0.90262 1.0805 1.003
0.91803 0.99072 1.0527
1.0906 1.1104 1.1033
1.1037 0.91928 1.0001
1.1764 1.309 0.99476
0.86628 0.87928 1.0024
0.96924 0.96784 1.037
1.0051 0.96311 1.112
0.93516 1.0139 1.0745
1.059 0.95843 0.89893
0.96437 1.0808 0.99042
1.0566 0.98104 1.08
0.99351 1.0399 1.0873
0.87525 0.8348 0.89838
1.0805 1.0084 0.96737
1.0451 1.0393 1.0831
0.94323 1.009 1.1095
0.97346 0.96538 1.2286
1.0532 1.0636 0.91647
0.96244 0.99332 1.0164
1.0358 0.87153 1.0441
0.99335 0.96291 1.0356
0.78768 1.0612 0.93706
0.9904 1.0158 0.92019
0.95983 0.99218 0.94878
1.0252 1.1131 0.96198
1.0616 0.8856 0.94274
0.97061 0.96177 0.84142
0.99699 0.97572 0.89283
1.0459 1.0161 0.8883
0.95259 1.0937 0.86946
1.1027 0.88215 1.0507
0.95866 0.99759 1.0382
0.995 1.098 0.83015
1.1366 0.99985 1.0173
1.0308 0.99247 0.99908
0.88926 0.89964 0.91081
0.91586 1.0016 0.91899
0.94321 0.93548 1.0363
0.98738 1.2102 1.0212
0.9518 1.0462 0.96492
1.019 0.9671 0.92476
0.99367 1.0583 0.89822
1.0533 0.9264 0.95627
0.98707 1.0522 0.99725
1.0013 1.082 0.89969
1.0257 1.0849 0.98803
0.94606 0.93465 1.1876
1.0784 0.83784 0.95089
1.0589 0.87483 0.97001
1.0083 0.96824 1.0496
1.035 1.1363 1.0618
1.0908 1.1545 1.1073
1.0424 0.94031 0.85027
0.94378 0.94425 0.90822
0.98514 1.0333 0.94565
0.93316 1.0638 0.9885
1.1202 1.0229 0.97397
1.0551 1.0366 0.99405
0.94415 0.96704 0.93623
1.0426 0.9552 1.0997
0.90727 1.0787 1.1387
0.91347 1.0717 0.96419
1.0996 1.1286 0.96984
1.1321 1.0594 1.0648
0.98784 1.1944 0.9812
0.94508 0.90151 0.90673
0.98786 0.86816 1.0538
1.0769 0.97234 0.91032
0.99076 1.0751 0.95025
1.0559 1.0625 1.0464
0.95916 1.0252 1.0705
0.98455 0.97085 0.99635
1.0735 1.0829 1.0262
0.9773 1.0595 0.96604
1.0121 0.95468 0.89991
1.1055 1.1271 0.94048
1.0193 1.0431 0.95479
1.052 1.0681 0.93269
1.1351 1.1713 1.2517
1.0276 0.97807 0.8938
1.1237 1.1092 0.90314
1.1735 0.83803 1.0797
1.0593 1.0003 0.95961
0.91313 0.94463 1.0335
1.0284 1.1865 0.9989
1.0393 1.0091 0.97352
1.0525 0.96996 0.91964
0.88111 1.0843 0.9818
0.95367 0.96405 1.003
1.0381 1.0431 0.88761
0.96157 1.1039 0.85864
0.95748 0.91318 0.86091
0.90918 0.94229 0.86062
0.97317 0.96026 0.88008
0.90222 1.0287 0.88913
1.0186 0.88081 1.1271
0.99008 0.96665 1.0332
1.138 1.1046 1.152
0.89142 0.94746 0.91362
1.0041 0.88212 1.0904
0.96108 0.97843 1.0435
0.89945 0.90813 0.9325
0.98186 0.92259 0.97917
1.0931 1.0974 1.0165
0.9128 0.8515 0.99063
1.1415 1.1364 1.0459
1.074 1.0702 0.85779
1.1044 0.91822 1.018
0.96248 0.92607 0.97607
0.85946 0.9838 0.95129
1.042 1.0459 0.90113
1.1162 1.0194 0.96098
1.0379 1.001 1.0149
0.98022 1.0633 1.1557
1.1396 0.97659 1.0428
1.0089 0.93133 0.9767
1.095 0.99805 0.99188
0.97719 1.0143 0.94244
0.91727 0.99188 1.0439
1.0024 0.89187 1.1975
1.0392 0.88911 1.0444
0.98596 1.0392 0.84169
1.0484 1.0926 1.0344
0.83242 1.1225 1.0451
1.1715 0.98642 1.19
0.91149 0.92753 0.86012
0.96969 1.0021 0.95665
0.96271 1.1616 1.0305
0.95876 1.0267 0.904
0.93793 1.0766 0.91112
1.0828 1.0374 1.0356
0.90046 1.0608 1.03
1.0291 0.973 1.0076
0.97004 1.2692 1.148
1.0616 0.93363 0.9336
0.96305 0.95691 0.83861
0.90411 1.0486 1.137
1.1559 1.0075 0.92278
0.89681 0.9318 0.89949
1.0049 1.12 1.003
1.0479 1.0386 0.9633
0.99845 1.0074 0.91216
0.84752 0.96946 1.0882
1.0737 0.93077 1.071
1.0433 1.2189 0.97925
1.1399 1.0844 1.1338
0.99981 0.90208 1.0617
1.0358 1.0492 0.96574
0.96172 1.1592 0.88664
0.96552 0.99555 1.0376
1.0235 0.99387 0.9383
0.92535 1.0692 0.87749
0.85529 1.002 1.141
0.84567 0.96326 0.97871
1.1545 0.96138 0.98115
1.068 1.027 1.1069
1.0167 1.0261 0.88422
0.9156 0.97255 1.1003
1.0911 1.0713 1.006
0.96524 1.0566 0.93181
1.0727 0.94323 0.91666
0.92081 0.8919 0.98674
1.055 0.91428 0.95013
1.1371 0.91088 0.88234
1.0126 1.0296 1.1013
0.99823 1.0108 0.97882
0.99295 1.0293 0.92155
0.90949 0.95682 1.1096
0.90012 0.99481 1.0923
1.037 0.8929 1.1112
0.99483 0.93992 0.98532
1.1748 1.0062 1.0589
1.0448 1.1056 1.2497
1.0585 0.97953 1.0368
0.87485 1.0634 0.9805
1.0745 1.0823 0.92876
0.83488 0.93034 0.94762
0.91951 1.0311 0.99265
0.94942 1.0851 0.95318
1.1234 0.99685 1.0099
0.91835 0.93147 1.0489
0.97324 1.0101 0.92952
0.8953 1.0804 0.81442
1.1039 1.1428 1.004
1.1172 1.0634 0.97138
1.0437 1.0209 0.92504
1.0091 0.90432 1.0762
0.98604 1.0104 0.93129
1.0024 0.97918 0.89969
0.97862 1.048 1.0127
1.0456 0.97802 1.1905
0.87778 0.98719 1.0176
0.93522 1.1031 0.89779
0.95109 0.88989 1.1059
1.0111 1.0537 1.0191
1.1393 1.0304 1.0821
1.0346 0.96962 1.0613
1.1081 0.96459 0.91319
0.9691 0.86682 0.90351
1.0004 1.0593 0.82812
0.98573 1.0355 1.0135
1.0555 1.1263 0.95156
1.0738 0.97185 0.96548
1.0376 0.94158 0.88892
0.95367 1.0328 1.0017
1.0172 1.0467 1.1709
1.029 1.0634 1.0453
1.0587 0.88776 1.0812
0.92891 0.94055 0.99835
0.93821 1.0332 1.1255
0.90255 0.96095 1.0723
0.90132 1.0371 0.9404
0.91735 0.9907 0.94715
1.1864 1.2402 1.0212
1.0084 0.96933 0.99508
1.0161 0.97765 1.082
0.99271 0.8925 1.0374
0.99877 1.0109 0.92005
1.0529 1.0602 0.95834
0.8612 1.2252 0.95437
1.0303 1.0684 1.1267
1.1772 1.0057 1.1072
1.0738 0.88646 0.98738
1.1468 0.89411 1.0505
1.0006 1.0595 1.0506
1.0306 1.1773 1.1345
1.1346 1.1369 0.9336
0.98129 0.9853 1.085
0.93777 0.99345 1.1533
1.0882 0.92993 0.99329
1.0137 0.90931 1.147
1.126 0.95677 0.96509
1.1967 1.3375 0.96399
1.12 1.0744 0.93101
0.98788 1.0598 1.0592
1.0716 0.93475 0.97367
1.0534 0.97139 0.89457
0.98698 1.0452 0.93136
1.0056 0.99551 1.0528
0.91379 0.95821 0.96608
1.0205 1.1062 0.99815
0.99615 0.95747 0.90466
0.94523 0.85572 1.1079
1.0556 1.028 0.8946
1.1239 0.99767 1.0127
1.0924 1.0044 1.1098
1.184 0.98624 1.4687
1.0271 0.98592 1.0483
1.0387 0.99642 0.98126
1.0076 0.98442 0.91819
1.001 1.0183 1.1248
0.99479 1.1009 0.90316
1.0455 0.99847 1.1421
1.12 1.1595 0.96094
0.98344 1.0482 1.0561
0.78803 0.85594 0.92092
0.8685 0.91033 0.97932
0.85004 1.0677 1.0149
1.052 1.0324 1.1136
1.1258 1.0324 1.0944
1.0544 0.86619 1.0088
0.95585 1.0022 1.0674
1.1245 0.99318 0.90489
0.94399 1.0369 1.0615
1.1136 1.0106 1.0514
0.82027 0.92441 0.95779
1.0034 0.92353 0.92053
1.0251 1.2002 0.94477
1.0933 0.91912 0.95396
0.92267 1.0739 0.9639
0.96737 0.97466 1.013
0.95054 0.98072 0.87936
0.97194 0.90909 0.9137
0.97078 0.98737 1.1503
1.2093 1.1164 1.0824
1.0078 0.97158 0.93467
0.88757 0.824 0.90855
1.1147 0.99623 1.0589
0.81202 0.89363 1.1428
1.0002 1.1963 1.0763
0.97084 1.2065 0.95738
1.1044 1.0011 1.057
1.0754 0.99283 1.018
0.88805 1.0327 0.96189
0.933 0.91197 1.1579
0.91477 1.0045 1.0231
1.1225 0.96094 0.9658
1.2003 0.95423 0.9932
1.006 1.0838 0.87993
1.1537 0.90954 0.86778
1.0375 1.1696 0.93377
0.95737 0.89873 0.99302
0.9298 0.91259 1.0095
0.90364 0.83 1.0277
0.9852 0.95358 0.94826
0.87293 1.0073 0.94514
0.97657 0.96642 0.90706
0.97125 1.0904 0.87382
0.96491 0.84616 1.1146
1.0332 1.1237 1.1039
1.0208 1.0452 1.0156
1.1048 0.96286 1.0656
1.0089 0.84329 0.98562
0.99013 0.91211 0.97843
1.0972 1.0942 0.93899
0.96311 0.96372 1.0163
1.0042 1.0657 0.88372
1.1214 1.0666 1.0801
0.9231 1.0966 0.86781
0.99854 0.98376 1.1887
1.16 1.1572 1.1384
0.95795 0.95216 1.0177
1.0336 1.0142 0.92798
0.94598 1.1574 1.049
1.0028 0.98119 0.91767
0.90556 1.0102 0.96844
1.0885 1.0754 1.0301
1.2056 1.0008 1.1368
0.92552 0.91336 1.0183
0.81621 0.88854 1.0632
1.1071 1.0802 0.98982
0.98212 0.94497 1.2165
0.91061 0.90229 0.87546
1.2082 1.1161 1.2989
0.97052 0.97894 0.94609
0.85556 0.89987 0.90249
0.96231 0.90455 0.92374
0.95536 1.0034 1.0088
1.0252 1.029 1.134
1.0878 0.93554 1.0116
1.0023 1.0895 0.91209
0.95658 1.0263 0.95163
0.94613 0.96012 1.0565
1.0638 0.95337 0.87088
0.93856 0.90896 0.91493
0.9616 0.96801 1.0626
0.96272 1.0691 0.99892
1.0335 0.93723 1.0039
1.149 1.0089 0.96376
0.91506 1.0008 1.127
0.99679 1.0642 1.0457
0.92868 0.98595 1.1101
1.0178 1.0734 0.98255
1.0247 1.0729 0.98811
0.98807 0.92831 1.0184
0.99474 0.96615 0.82917
0.90371 1.1646 1.0562
1.0082 0.90996 1.0279
0.96628 0.94998 0.89345
0.84008 1.1302 1.0486
1.0272 0.92893 0.90116
1.0844 1.1146 0.99022
1.0384 1.1298 1.0402
0.9027 0.94294 0.98708
1.0509 1.1185 0.92603
1.1139 1.1902 1.1142
1.023 1.0189 1.1647
0.89873 1.1023 1.0534
0.9911 1.0911 0.97148
1.1548 1.0241 1.0131
1.1917 0.94986 0.91438
1.0576 0.99236 1.0289
0.92196 0.96145 1.0898
1.0378 1.0778 1.0755
0.8725 0.78726 0.94998
1.0647 0.86557 1.1209
0.91402 0.9787 0.92164
1.1598 1.0876 1.0161
0.97537 1.0126 0.96684
0.99507 1.0114 0.8708
0.95724 0.93504 0.9352
1.1322 1.0033 1.0547
1.0329 1.0228 0.98734
0.97058 0.98456 1.0238
1.0057 1.0415 0.92548
1.0368 1.0062 0.94338
1.08 1.0253 1.0322
1.077 0.9388 1.0827
0.99323 1.0687 1.1091
1.2598 0.92698 1.0754
1.0697 1.0328 1.1301
0.96754 1.1272 0.97644
0.8915 0.96273 0.7822
1.0956 1.0725 1.0016
0.95505 0.9628 1.0663
0.93917 0.89157 0.89078
0.94626 0.97313 0.95737
1.0254 0.87514 1.0545
0.9668 0.98824 1.0321
1.0676 1.1238 0.91713
1.0175 0.96739 0.93671
1.0184 0.85984 1.0804
1.2079 1.0656 1.3171
1.2213 1.0048 1.0143
0.96698 1.061 1.2184
1.0389 1.0659 1.0804
0.87864 1.0363 0.89743
0.90559 1.1126 1.121
0.95862 0.95233 0.91043
0.95032 0.78558 1.0092
0.80949 0.92905 0.98479
1.0918 1.0673 0.99277
0.92678 0.96151 0.90965
1.0591 1.0217 0.97388
0.97936 0.98732 1.0525
0.97401 1.0271 0.97784
0.999 1.0621 1.0279
0.92599 1.1117 0.9532
1.082 1.0611 0.89582
0.95695 0.92444 1.0883
1.0133 1.0127 1.1058
1.1001 0.98683 1.0485
0.96547 0.90728 0.9247
