10,0.334795
20,0.537381
30,0.543815
40,0.627513
50,0.67011
60,0.666667
70,0.666717
80,0.667288
90,0.666835
100,0.666667
110,0.666667
120,0.666667
130,0.666667
140,0.666667
150,0.666667
160,0.666667
170,0.666667
180,0.666667
190,0.666667
200,0.666667
210,0.666667
220,0.666667
230,0.666667
240,0.666667
250,0.666667
260,0.666667
270,0.666667
280,0.666667
290,0.666667
300,0.666667
310,0.666667
320,0.666667
330,0.666667
340,0.666667
350,0.666667
360,0.666667
370,0.666667
380,0.666667
390,0.666667
400,0.666667
410,0.666667
420,0.666667
430,0.666667
440,0.666667
450,0.666667
460,0.666667
470,0.666667
480,0.666734
490,0.666902
500,0.66707
510,0.668867
520,0.669657
530,0.668262
540,0.666868
550,0.666986
560,0.666835
570,0.666835
580,0.666885
590,0.666919
600,0.666902
610,0.666986
620,0.668027
630,0.669136
640,0.67011
650,0.668733
660,0.668363
670,0.669942
680,0.668615
690,0.668145
700,0.66754
710,0.667758
720,0.668061
730,0.667758
740,0.666935
750,0.667053
760,0.667187
770,0.667087
780,0.667305
790,0.667137
800,0.667036
810,0.666969
820,0.667103
830,0.66754
840,0.667943
850,0.667994
860,0.668128
870,0.668548
880,0.670597
890,0.673268
900,0.672898
910,0.673201
920,0.670379
930,0.668632
940,0.668531
950,0.667977
960,0.667523
970,0.668783
980,0.669707
990,0.670496
1000,0.669757
1010,0.671034
1020,0.671958
1030,0.673956
1040,0.674242
1050,0.671555
1060,0.671504
1070,0.67137
1080,0.671907
1090,0.673537
1100,0.67787
1110,0.679667
1120,0.701033
1130,0.710473
1140,0.721811
1150,0.728815
1160,0.753456
1170,0.744234
1180,0.755287
1190,0.742639
1200,0.755942
1210,0.750315
1220,0.75873
1230,0.757907
1240,0.762963
1250,0.763097
1260,0.766087
1270,0.769967
1280,0.773007
1290,0.771143
1300,0.774486
1310,0.773226
1320,0.766356
1330,0.768086
1340,0.763702
1350,0.765953
1360,0.769531
1370,0.764105
1380,0.757218
1390,0.756127
1400,0.754279
1410,0.759637
1420,0.75186
1430,0.748971
1440,0.737768
1450,0.725271
1460,0.733098
1470,0.735819
1480,0.722919
1490,0.733031
1500,0.739011
1510,0.741009
1520,0.738473
1530,0.737045
1540,0.737852
1550,0.730679
1560,0.72643
1570,0.728597
1580,0.7226
1590,0.740489
1600,0.742958
1610,0.744654
1620,0.754044
1630,0.756009
1640,0.756278
1650,0.757806
1660,0.763517
1670,0.758512
1680,0.771143
1690,0.771949
1700,0.76948
1710,0.771697
1720,0.771765
1730,0.772016
1740,0.77672
1750,0.776098
1760,0.77724
1770,0.777543
1780,0.778332
1790,0.778265
1800,0.778601
1810,0.778382
1820,0.778668
1830,0.779189
1840,0.779138
1850,0.778668
1860,0.778534
1870,0.779642
1880,0.780432
1890,0.781322
1900,0.781742
1910,0.781154
1920,0.781238
1930,0.781204
1940,0.781171
1950,0.781708
1960,0.781389
1970,0.781137
1980,0.781137
1990,0.780969
2000,0.781003
2010,0.7807
2020,0.78102
2030,0.781322
2040,0.781288
2050,0.781406
2060,0.780902
2070,0.781557
2080,0.781372
2090,0.781859
2100,0.781826
2110,0.782027
2120,0.781843
2130,0.782095
2140,0.782111
2150,0.782263
2160,0.782195
2170,0.782061
2180,0.781994
2190,0.782027
2200,0.782061
2210,0.781943
2220,0.781523
2230,0.781859
2240,0.78191
2250,0.781675
2260,0.781927
2270,0.78196
2280,0.781843
2290,0.781826
2300,0.781456
2310,0.781826
2320,0.781809
2330,0.78196
2340,0.78191
2350,0.782263
2360,0.782212
2370,0.782195
2380,0.781876
2390,0.782027
2400,0.781372
2410,0.781137
2420,0.781456
2430,0.781725
2440,0.781238
2450,0.781826
2460,0.781809
2470,0.781792
2480,0.781742
2490,0.782212
2500,0.782263
2510,0.782548
2520,0.7828
2530,0.782598
2540,0.782531
2550,0.7828
2560,0.782901
2570,0.783002
2580,0.782951
2590,0.782951
2600,0.782867
2610,0.782934
2620,0.783035
2630,0.783102
2640,0.782733
2650,0.782649
2660,0.782867
2670,0.782733
2680,0.782699
2690,0.782531
2700,0.782682
2710,0.782733
2720,0.782783
2730,0.782766
2740,0.782783
2750,0.78275
2760,0.782666
2770,0.782766
2780,0.7828
2790,0.782985
2800,0.78317
2810,0.783287
2820,0.78327
2830,0.783489
2840,0.783589
2850,0.783875
2860,0.783976
2870,0.783909
2880,0.783875
2890,0.783875
2900,0.783707
2910,0.783606
2920,0.783506
2930,0.783489
2940,0.783422
2950,0.783522
2960,0.783455
2970,0.783556
2980,0.783506
2990,0.783506
3000,0.783489
3010,0.78327
3020,0.783556
3030,0.783472
3040,0.783573
3050,0.78364
3060,0.783556
3070,0.783657
3080,0.78369
3090,0.783539
3100,0.783623
3110,0.783539
3120,0.783573
3130,0.783909
3140,0.784026
3150,0.783657
3160,0.783673
3170,0.783606
3180,0.783825
3190,0.78364
3200,0.783657
3210,0.783589
3220,0.783623
3230,0.783623
3240,0.783606
3250,0.783573
3260,0.783606
3270,0.783741
3280,0.783657
3290,0.784009
3300,0.784093
3310,0.78411
3320,0.784261
3330,0.784312
3340,0.784127
3350,0.784144
3360,0.784144
3370,0.784194
3380,0.784144
3390,0.784228
3400,0.783942
3410,0.783976
3420,0.784194
3430,0.784093
3440,0.784077
3450,0.784077
3460,0.784026
3470,0.78406
3480,0.784144
3490,0.784043
3500,0.784077
3510,0.784144
3520,0.784211
3530,0.783942
3540,0.783808
3550,0.78369
3560,0.783825
3570,0.783724
3580,0.783959
3590,0.783959
3600,0.783942
3610,0.783909
3620,0.784026
3630,0.784043
3640,0.784009
3650,0.783959
3660,0.783993
3670,0.784211
3680,0.784362
3690,0.784278
3700,0.784295
3710,0.784261
3720,0.784278
3730,0.784077
3740,0.784077
3750,0.78411
3760,0.784093
3770,0.784043
3780,0.78411
3790,0.784177
3800,0.784144
3810,0.784245
3820,0.784211
3830,0.784345
3840,0.784362
3850,0.784329
3860,0.784345
3870,0.784261
3880,0.784715
3890,0.784715
3900,0.784782
3910,0.784698
3920,0.784631
3930,0.784681
3940,0.7849
3950,0.784765
3960,0.784597
3970,0.784832
3980,0.785068
3990,0.785034
4000,0.785084
4010,0.784984
4020,0.785068
4030,0.785437
4040,0.785437
4050,0.78537
4060,0.785269
4070,0.785135
4080,0.785135
4090,0.785118
4100,0.785
4110,0.784916
4120,0.784832
4130,0.7849
4140,0.784782
4150,0.784816
4160,0.785034
4170,0.785219
4180,0.785084
4190,0.785101
4200,0.785
4210,0.78495
4220,0.785252
4230,0.785252
4240,0.785034
4250,0.784933
4260,0.784782
4270,0.784732
4280,0.784816
4290,0.784799
4300,0.784816
