10,0.6
20,0.7
30,0.8
40,0.7
50,0.9
60,0.7
70,0.7
80,0.6
90,0.8
100,0.7
110,0.6
120,1
130,0.8
140,0.8
150,0.9
160,0.7
170,0.8
180,0.7
190,0.9
200,0.3
210,0.4
220,0.9
230,0.7
240,0.7
250,0.7
260,0.8
270,0.4
280,0.8
290,0.8
300,0.7
310,0.5
320,0.5
330,0.5
340,0.9
350,0.5
360,0.8
370,0.6
380,0.7
390,0.6
400,0.7
410,0.5
420,0.9
430,0.7
440,0.5
450,0.4
460,0.7
470,0.6
480,0.4
490,0.5
500,0.6
510,0.5
520,0.5
530,0.8
540,1
550,0.7
560,0.9
570,0.7
580,0.7
590,0.7
600,0.8
610,0.7
620,0.5
630,0.6
640,0.4
650,0.8
660,0.6
670,0.6
680,0.8
690,0.8
700,0.8
710,0.7
720,0.6
730,0.8
740,1
750,0.7
760,0.6
770,0.7
780,0.6
790,0.5
800,0.7
810,0.8
820,0.7
830,0.4
840,0.7
850,0.4
860,0.5
870,0.5
880,0.6
890,0.6
900,0.7
910,0.8
920,0.9
930,0.8
940,0.4
950,0.5
960,0.7
970,0.6
980,0.6
990,0.6
1000,0.9
1010,0.6
1020,0.7
1030,0.6
1040,0.8
1050,1
1060,0.7
1070,0.8
1080,0.5
1090,0.6
1100,0.5
1110,0.6
1120,0.7
1130,0.7
1140,0.6
1150,0.5
1160,0.8
1170,0.7
1180,0.7
1190,0.8
1200,0.7
1210,0.7
1220,0.5
1230,0.9
1240,0.6
1250,0.7
1260,0.7
1270,0.9
1280,0.7
1290,0.8
1300,0.6
1310,0.8
1320,0.9
1330,0.4
1340,0.8
1350,0.6
1360,0.9
1370,0.6
1380,1
1390,0.7
1400,0.7
1410,0.7
1420,0.8
1430,0.7
1440,0.8
1450,0.7
1460,0.6
1470,0.6
1480,0.8
1490,0.8
1500,0.6
1510,1
1520,0.6
1530,0.8
1540,0.8
1550,0.6
1560,0.9
1570,0.6
1580,0.8
1590,0.7
1600,0.9
1610,0.7
1620,0.7
1630,0.8
1640,0.9
1650,0.6
1660,0.6
1670,1
1680,0.5
1690,0.8
1700,0.9
1710,0.6
1720,0.8
1730,1
1740,0.7
1750,0.8
1760,0.8
1770,0.9
1780,0.6
1790,0.8
1800,0.8
1810,0.7
1820,0.8
1830,0.7
1840,0.7
1850,0.6
1860,0.8
1870,0.8
1880,0.7
1890,0.9
1900,0.7
1910,0.8
1920,0.8
1930,0.8
1940,0.9
1950,1
1960,0.9
1970,0.7
1980,1
1990,0.9
2000,0.6
2010,0.7
2020,0.9
2030,0.8
2040,0.7
2050,0.7
2060,0.9
2070,0.5
2080,0.8
2090,0.7
2100,0.7
2110,0.7
2120,0.8
2130,1
2140,0.8
2150,0.6
2160,0.7
2170,0.7
2180,1
2190,0.8
2200,0.8
2210,0.7
2220,0.8
2230,0.9
2240,0.7
2250,0.8
2260,0.7
2270,1
2280,0.9
2290,0.6
2300,1
2310,0.7
2320,0.6
2330,0.9
2340,0.7
2350,0.7
2360,0.8
2370,0.7
2380,0.9
2390,0.6
2400,0.7
2410,0.9
2420,0.8
2430,0.8
2440,0.8
2450,0.8
2460,0.9
2470,0.7
2480,0.9
2490,0.5
2500,0.8
2510,0.9
2520,0.7
2530,0.9
2540,0.9
2550,0.6
2560,0.6
2570,0.9
2580,0.7
2590,0.7
2600,0.9
2610,0.7
2620,0.8
2630,0.8
2640,0.9
2650,1
2660,0.7
2670,1
2680,1
2690,0.9
2700,0.9
2710,0.9
2720,0.5
2730,0.4
2740,0.9
2750,0.8
2760,0.8
2770,0.7
2780,0.5
2790,0.8
2800,1
2810,0.9
2820,0.7
2830,0.5
2840,0.7
2850,0.7
2860,0.9
2870,0.7
2880,0.9
2890,0.7
2900,0.9
2910,0.9
2920,0.8
2930,0.9
2940,0.7
2950,0.8
2960,0.6
2970,0.7
2980,0.9
2990,0.5
3000,0.9
3010,0.9
3020,0.7
3030,0.9
3040,0.9
3050,0.8
3060,0.7
3070,0.7
3080,0.8
3090,0.8
3100,0.9
3110,0.7
3120,0.8
3130,0.5
3140,0.8
3150,0.5
3160,0.9
3170,0.9
3180,0.8
3190,0.6
3200,0.7
3210,0.9
3220,0.9
3230,0.7
3240,0.8
3250,1
3260,0.8
3270,0.8
3280,1
3290,0.7
3300,0.9
3310,0.7
3320,0.9
3330,1
3340,0.9
3350,0.8
3360,0.7
3370,0.7
3380,0.6
3390,1
3400,0.7
3410,0.9
3420,0.8
3430,0.8
3440,0.7
3450,0.8
3460,0.8
3470,0.9
3480,0.8
3490,0.7
3500,0.8
3510,0.8
3520,0.8
3530,1
3540,0.9
3550,1
3560,0.8
3570,0.9
3580,0.9
3590,0.8
3600,0.7
3610,0.6
3620,0.8
3630,0.8
3640,0.6
3650,0.7
3660,0.8
3670,0.6
3680,0.8
3690,0.8
3700,0.8
3710,0.7
3720,0.7
3730,0.6
3740,0.9
3750,1
3760,0.9
3770,0.9
3780,0.7
3790,0.7
3800,0.9
3810,0.7
3820,0.9
3830,0.8
3840,0.8
3850,0.9
3860,0.8
3870,0.7
3880,0.8
3890,0.9
3900,0.8
3910,1
3920,0.9
3930,1
3940,0.6
3950,0.8
3960,0.7
3970,0.7
3980,0.8
3990,0.7
4000,0.9
4010,1
4020,0.7
4030,0.7
4040,0.9
4050,1
4060,0.7
4070,0.5
4080,0.8
4090,0.7
4100,0.9
4110,0.9
4120,0.9
4130,0.7
4140,0.8
4150,0.9
4160,0.8
4170,0.7
4180,1
4190,0.9
4200,1
4210,0.9
4220,0.7
4230,0.6
4240,0.9
4250,0.7
4260,0.6
4270,0.7
4280,0.9
4290,0.8
4300,0.7
