10,0.334972
20,0.572508
30,0.577884
40,0.642331
50,0.669421
60,0.666667
70,0.666681
80,0.667311
90,0.666737
100,0.666667
110,0.666667
120,0.666667
130,0.666667
140,0.666667
150,0.666667
160,0.666667
170,0.666667
180,0.666667
190,0.666667
200,0.666667
210,0.666667
220,0.666667
230,0.666667
240,0.666667
250,0.666667
260,0.666667
270,0.666667
280,0.666667
290,0.666667
300,0.666667
310,0.666667
320,0.666667
330,0.666667
340,0.666667
350,0.666667
360,0.666667
370,0.666667
380,0.666667
390,0.666667
400,0.666667
410,0.666667
420,0.666667
430,0.666667
440,0.666667
450,0.666667
460,0.666667
470,0.666667
480,0.666689
490,0.66681
500,0.667131
510,0.668522
520,0.669089
530,0.668044
540,0.666825
550,0.667002
560,0.666773
570,0.666773
580,0.66684
590,0.666873
600,0.666836
610,0.666943
620,0.667804
630,0.668574
640,0.669295
650,0.668265
660,0.66804
670,0.669229
680,0.668257
690,0.667841
700,0.667396
710,0.667558
720,0.667812
730,0.667524
740,0.666888
750,0.666998
760,0.667068
770,0.666994
780,0.667164
790,0.667072
800,0.667024
810,0.666969
820,0.667101
830,0.667374
840,0.667731
850,0.667804
860,0.667959
870,0.66839
880,0.669881
890,0.671578
900,0.671416
910,0.671519
920,0.669719
930,0.66832
940,0.668242
950,0.667782
960,0.667388
970,0.668412
980,0.669167
990,0.669796
1000,0.66917
1010,0.670142
1020,0.670853
1030,0.671994
1040,0.672237
1050,0.670507
1060,0.67051
1070,0.670323
1080,0.670731
1090,0.671703
1100,0.675392
1110,0.676681
1120,0.695523
1130,0.70401
1140,0.714826
1150,0.720989
1160,0.743595
1170,0.734862
1180,0.745472
1190,0.733724
1200,0.745933
1210,0.740524
1220,0.748554
1230,0.747928
1240,0.75246
1250,0.752663
1260,0.755144
1270,0.758859
1280,0.761363
1290,0.759779
1300,0.762684
1310,0.761561
1320,0.755074
1330,0.756783
1340,0.752685
1350,0.754625
1360,0.75827
1370,0.753134
1380,0.746654
1390,0.745506
1400,0.743742
1410,0.748745
1420,0.74122
1430,0.738639
1440,0.728309
1450,0.717404
1460,0.724034
1470,0.726541
1480,0.715375
1490,0.724093
1500,0.729586
1510,0.731401
1520,0.728971
1530,0.727775
1540,0.728511
1550,0.721678
1560,0.718214
1570,0.720176
1580,0.71504
1590,0.730613
1600,0.73308
1610,0.73449
1620,0.743613
1630,0.745745
1640,0.745697
1650,0.74721
1660,0.752515
1670,0.747818
1680,0.759529
1690,0.760346
1700,0.758215
1710,0.759978
1720,0.760092
1730,0.760453
1740,0.765243
1750,0.764716
1760,0.765681
1770,0.766123
1780,0.767135
1790,0.766848
1800,0.767504
1810,0.767275
1820,0.767529
1830,0.768255
1840,0.768181
1850,0.7675
1860,0.767485
1870,0.768682
1880,0.7693
1890,0.770482
1900,0.770891
1910,0.770129
1920,0.770438
1930,0.770478
1940,0.770338
1950,0.770861
1960,0.770618
1970,0.77053
1980,0.77053
1990,0.770338
2000,0.770162
2010,0.769926
2020,0.770129
2030,0.770349
2040,0.770423
2050,0.770416
2060,0.770022
2070,0.77053
2080,0.770232
2090,0.770824
2100,0.77088
2110,0.771204
2120,0.770887
2130,0.771377
2140,0.771645
2150,0.771745
2160,0.771366
2170,0.771159
2180,0.770968
2190,0.771001
2200,0.771019
2210,0.770835
2220,0.770372
2230,0.770843
2240,0.77071
2250,0.770574
2260,0.770828
2270,0.770931
2280,0.770618
2290,0.770707
2300,0.770397
2310,0.770865
2320,0.770799
2330,0.771134
2340,0.771056
2350,0.771667
2360,0.771373
2370,0.771373
2380,0.771008
2390,0.771137
2400,0.770327
2410,0.770158
2420,0.770416
2430,0.770651
2440,0.770228
2450,0.770758
2460,0.770732
2470,0.770703
2480,0.770769
2490,0.771347
2500,0.771388
2510,0.771837
2520,0.772238
2530,0.771918
2540,0.771966
2550,0.772279
2560,0.772338
2570,0.772533
2580,0.772411
2590,0.772441
2600,0.772404
2610,0.772426
2620,0.772511
2630,0.772577
2640,0.772275
2650,0.771955
2660,0.772187
2670,0.772025
2680,0.771995
2690,0.771936
2700,0.772032
2710,0.77201
2720,0.772249
2730,0.772209
2740,0.772036
2750,0.772025
2760,0.771815
2770,0.772047
2780,0.772282
2790,0.772415
2800,0.772511
2810,0.77279
2820,0.772893
2830,0.773313
2840,0.773387
2850,0.773578
2860,0.773759
2870,0.773729
2880,0.773788
2890,0.773597
2900,0.773405
2910,0.773383
2920,0.77328
2930,0.773089
2940,0.773232
2950,0.773295
2960,0.773258
2970,0.773313
2980,0.773317
2990,0.773354
3000,0.773173
3010,0.772897
3020,0.77321
3030,0.7731
3040,0.77324
3050,0.773453
3060,0.773379
3070,0.773523
3080,0.773483
3090,0.773309
3100,0.773129
3110,0.773147
3120,0.773372
3130,0.773589
3140,0.773608
3150,0.773361
3160,0.773368
3170,0.773413
3180,0.773501
3190,0.773291
3200,0.773284
3210,0.773265
3220,0.773276
3230,0.773055
3240,0.773214
3250,0.773243
3260,0.773125
3270,0.773505
3280,0.773335
3290,0.773578
3300,0.773744
3310,0.773788
3320,0.77384
3330,0.773891
3340,0.773766
3350,0.773799
3360,0.77377
3370,0.773836
3380,0.773873
3390,0.773821
3400,0.773689
3410,0.773622
3420,0.77381
3430,0.773788
3440,0.773803
3450,0.773795
3460,0.77377
3470,0.773788
3480,0.773818
3490,0.773652
3500,0.773689
3510,0.773784
3520,0.773792
3530,0.773541
3540,0.773321
3550,0.773324
3560,0.773424
3570,0.77339
3580,0.773438
3590,0.773483
3600,0.773556
3610,0.773483
3620,0.773545
3630,0.773737
3640,0.773556
3650,0.773538
3660,0.773505
3670,0.773899
3680,0.773972
3690,0.773965
3700,0.773943
3710,0.773968
3720,0.773943
3730,0.77356
3740,0.773538
3750,0.7736
3760,0.773667
3770,0.773457
3780,0.773582
3790,0.773674
3800,0.773681
3810,0.773887
3820,0.773751
3830,0.773998
3840,0.773968
3850,0.77398
3860,0.774002
3870,0.773928
3880,0.774348
3890,0.774278
3900,0.774274
3910,0.774223
3920,0.774189
3930,0.774248
3940,0.774337
3950,0.774241
3960,0.774145
3970,0.774304
3980,0.77444
3990,0.774535
4000,0.774524
4010,0.774432
4020,0.774558
4030,0.774963
4040,0.774985
4050,0.774944
4060,0.774859
4070,0.774598
4080,0.774572
4090,0.774539
4100,0.77434
4110,0.774311
4120,0.774193
4130,0.774274
4140,0.774241
4150,0.774267
4160,0.774359
4170,0.774554
4180,0.774403
4190,0.774407
4200,0.774348
4210,0.774326
4220,0.774664
4230,0.774709
4240,0.774385
4250,0.774337
4260,0.774164
4270,0.77409
4280,0.774138
4290,0.774127
