13,0.8
14,0.8
15,0.9
16,0.9
17,1
18,1
19,1
20,0.9
21,0.9
22,0.9
23,0.9
24,0.9
30,0.9
31,0.9
35,0.8
36,0.8
50,0.6
51,0.6
52,0.7
53,0.6
54,0.7
55,0.8
56,0.9
57,0.9
58,0.9
59,0.9
60,0.8
61,0.7
62,0.7
63,0.8
64,0.7
82,0.4
83,0.4
86,0.5
87,0.6
88,0.6
89,0.7
90,0.7
91,0.7
92,0.7
93,0.8
94,0.7
95,0.8
96,0.8
97,0.8
98,0.8
99,0.7
110,0.7
111,0.7
112,0.7
113,0.7
114,0.7
115,0.7
116,0.7
117,0.7
118,0.6
119,0.6
130,0.5
131,0.5
132,0.7
133,0.6
134,0.6
135,0.6
136,0.8
137,0.6
138,0.9
139,0.6
140,0.6
141,0.6
143,0.7
144,0.7
145,0.7
147,0.7
149,0.8
150,0.7
151,0.7
152,0.7
153,0.7
154,0.7
155,0.8
156,0.8
157,0.8
158,0.9
159,0.9
160,0.9
161,0.9
162,0.9
163,0.9
164,0.9
165,0.9
166,0.8
167,0.8
168,0.9
169,0.9
170,1
171,1
172,0.9
186,0.6
190,0.6
191,0.6
192,0.6
193,0.6
194,0.7
195,0.7
196,0.7
197,0.7
198,0.7
199,0.7
200,0.7
201,0.7
202,0.7
203,0.8
204,0.8
205,0.9
206,0.8
207,0.9
208,0.9
209,0.9
210,0.9
211,0.9
212,0.9
213,0.8
214,0.8
223,0.8
224,0.8
225,0.8
226,0.8
227,0.8
228,0.8
230,0.7
240,0.7
241,0.8
242,0.7
243,0.7
244,0.7
245,0.8
246,0.8
247,0.8
248,0.8
249,0.8
250,0.8
252,0.8
253,0.7
266,0.5
267,0.6
268,0.7
269,0.8
270,0.8
271,0.7
272,0.8
273,0.8
274,0.8
275,0.8
276,0.8
277,0.8
278,0.8
279,0.8
281,0.8
284,0.8
290,0.7
296,0.6
297,0.6
299,0.6
303,0.6
304,0.6
306,0.6
307,0.6
308,0.7
309,0.6
310,0.7
311,0.8
312,0.9
313,0.8
314,0.9
315,0.8
316,0.8
317,0.8
318,0.8
319,0.8
320,0.8
323,0.8
325,0.9
326,0.8
327,0.8
328,0.8
331,0.7
336,0.8
337,0.8
338,0.9
339,0.9
340,1
341,1
342,0.9
343,0.9
344,0.9
345,0.8
355,0.8
356,0.9
357,0.9
358,0.9
359,0.9
360,1
361,1
362,0.9
363,0.9
364,0.8
378,0.5
379,0.5
380,0.5
381,0.6
382,0.7
383,0.7
384,0.8
385,0.8
386,0.8
387,0.9
388,0.9
389,0.9
390,0.9
391,0.9
392,0.9
393,0.9
394,0.9
395,0.9
396,1
397,1
398,0.9
399,0.9
400,0.9
401,0.9
414,0.7
415,0.8
416,0.9
417,0.9
418,0.9
419,0.9
420,0.9
421,0.9
422,0.9
423,0.9
424,0.9
425,0.9
436,0.9
437,0.9
438,0.9
439,0.9
440,0.9
441,0.8
442,0.9
443,0.9
444,0.9
445,0.8
451,0.8
459,0.7
464,0.7
465,0.8
466,0.7
467,0.7
468,0.7
469,0.9
470,0.8
471,0.7
472,0.7
473,0.7
474,0.8
475,0.8
476,0.9
477,0.8
478,0.8
480,0.8
481,0.9
482,0.9
483,0.9
484,0.8
485,0.8
487,0.9
488,0.9
489,0.9
490,0.9
491,0.9
492,0.9
493,0.9
494,1
495,1
496,1
497,1
498,1
499,1
500,0.9
501,0.9
502,0.9
503,0.9
510,0.9
511,0.9
514,0.9
515,0.9
516,0.9
517,0.8
533,0.5
536,0.5
539,0.5
540,0.4
541,0.4
542,0.6
543,0.7
544,0.6
545,0.7
546,0.7
547,0.7
548,0.7
549,0.7
550,0.8
551,0.9
552,0.9
554,0.9
555,0.9
556,0.9
557,0.9
558,0.9
559,0.9
561,0.9
563,0.9
573,0.9
574,0.2
575,0.9
577,0.9
579,0.8
580,0.2
582,0.3
584,0.2
586,0.3
588,0.4
590,0.3
591,0.8
593,0.7
594,0.3
596,0.4
597,0.7
600,0.5
602,0.5
604,0.5
605,0.6
608,0.5
610,0.5
611,0.6
612,0.6
613,0.6
614,0.6
615,0.6
616,0.6
617,0.6
618,0.5
629,0.4
630,0.4
631,0.3
637,0.2
641,0.3
642,0.3
643,0.4
644,0.4
645,0.4
646,0.5
647,0.5
648,0.5
649,0.5
650,0.5
651,0.4
652,0.5
653,0.4
654,0.5
655,0.6
656,0.6
657,0.7
658,0.7
659,0.7
660,0.7
661,0.7
662,0.6
663,0.7
664,0.7
665,0.7
666,0.7
680,0.4
681,0.4
682,0.4
684,0.4
685,0.4
686,0.3
687,0.3
688,0.3
689,0.4
693,0.4
696,0.4
697,0.4
698,0.3
700,0.3
701,0.4
702,0.4
704,0.3
705,0.3
708,0.3
709,0.4
