13,0.64837
14,0.64837
15,0.64837
16,0.64837
17,0.64837
18,0.64837
19,0.64837
20,0.64837
21,0.64837
22,0.64837
23,0.64837
24,0.64837
30,0.64837
31,0.64837
35,0.64837
36,0.64837
50,0.64837
51,0.64837
52,0.64837
53,0.64837
54,0.64837
55,0.64837
56,0.64837
57,0.64837
58,0.64837
59,0.64837
60,0.64837
61,0.64837
62,0.64837
63,0.64837
64,0.64837
82,0.64858
83,0.648686
86,0.648528
87,0.64837
88,0.64837
89,0.64837
90,0.64837
91,0.64837
92,0.64837
93,0.64837
94,0.64858
95,0.648423
96,0.64837
97,0.64837
98,0.64837
99,0.64837
110,0.64837
111,0.64837
112,0.64837
113,0.64837
114,0.64837
115,0.64837
116,0.64837
117,0.64837
118,0.64837
119,0.64837
130,0.64837
131,0.650368
132,0.692744
133,0.709306
134,0.704784
135,0.712934
136,0.709516
137,0.712986
138,0.72734
139,0.713933
140,0.714353
141,0.705783
143,0.667192
144,0.65531
145,0.685226
147,0.692061
149,0.705047
150,0.711514
151,0.703523
152,0.687171
153,0.67061
154,0.659253
155,0.65184
156,0.650841
157,0.650315
158,0.669716
159,0.658097
160,0.677129
161,0.661251
162,0.655047
163,0.653207
164,0.652103
165,0.651209
166,0.650526
167,0.650053
168,0.649527
169,0.648948
170,0.648791
171,0.648633
172,0.648896
186,0.651945
190,0.652103
191,0.690168
192,0.681546
193,0.695426
194,0.690168
195,0.705415
196,0.696425
197,0.706414
198,0.703102
199,0.71041
200,0.70673
201,0.702103
202,0.700105
203,0.695899
204,0.690379
205,0.682597
206,0.666193
207,0.660147
208,0.69143
209,0.664458
210,0.657939
211,0.651525
212,0.651104
213,0.652997
214,0.652103
223,0.651314
224,0.651104
225,0.653417
226,0.65184
227,0.65142
228,0.651104
230,0.678233
240,0.655889
241,0.653523
242,0.663512
243,0.658412
244,0.653943
245,0.652156
246,0.651157
247,0.65021
248,0.64979
249,0.652787
250,0.650789
252,0.65142
253,0.658307
266,0.715878
267,0.708885
268,0.694637
269,0.687119
270,0.680967
271,0.694269
272,0.684858
273,0.677497
274,0.690589
275,0.681283
276,0.676446
277,0.671609
278,0.663985
279,0.655731
281,0.659306
284,0.657886
290,0.662513
296,0.712776
297,0.744322
299,0.749527
303,0.716982
304,0.743901
306,0.747161
307,0.757571
308,0.760305
309,0.760305
310,0.755941
311,0.75021
312,0.754679
313,0.756835
314,0.743638
315,0.721083
316,0.734332
317,0.743481
318,0.75673
319,0.758044
320,0.755941
323,0.748055
325,0.75368
326,0.751577
327,0.753523
328,0.739748
331,0.747319
336,0.728917
337,0.719874
338,0.716667
339,0.714932
340,0.713565
341,0.706677
342,0.712566
343,0.709201
344,0.706414
345,0.717087
355,0.718191
356,0.712408
357,0.709832
358,0.707571
359,0.711987
360,0.710358
361,0.707571
362,0.710988
363,0.706467
364,0.713722
378,0.664879
379,0.700631
380,0.721241
381,0.703996
382,0.687645
383,0.703417
384,0.713985
385,0.727234
386,0.702208
387,0.718139
388,0.730126
389,0.739064
390,0.746951
391,0.73591
392,0.72734
393,0.725394
394,0.723975
395,0.721661
396,0.719243
397,0.724606
398,0.72734
399,0.725289
400,0.724343
401,0.720768
414,0.73428
415,0.741588
416,0.742955
417,0.73959
418,0.733281
419,0.729548
420,0.728181
421,0.724501
422,0.729495
423,0.728076
424,0.725447
425,0.724763
436,0.726551
437,0.725605
438,0.72613
439,0.725762
440,0.725079
441,0.729075
442,0.727182
443,0.726498
444,0.726078
445,0.724869
451,0.725184
459,0.739222
464,0.728496
465,0.723344
466,0.731493
467,0.730652
468,0.729863
469,0.729285
470,0.727182
471,0.734069
472,0.731335
473,0.728286
474,0.727497
475,0.724606
476,0.723449
477,0.733596
478,0.730915
480,0.724974
481,0.726183
482,0.724816
483,0.721241
484,0.730074
485,0.72755
487,0.723396
488,0.720137
489,0.719295
490,0.721241
491,0.717666
492,0.717192
493,0.711514
494,0.712723
495,0.712303
496,0.712198
497,0.712723
498,0.713512
499,0.713933
500,0.712513
501,0.709043
502,0.710042
503,0.711935
510,0.711409
511,0.711987
514,0.712303
515,0.71346
516,0.714301
517,0.713039
533,0.679127
536,0.681598
539,0.713302
540,0.686961
541,0.703417
542,0.726604
543,0.743007
544,0.7347
545,0.740326
546,0.744322
547,0.745636
548,0.744006
549,0.740011
550,0.734385
551,0.72429
552,0.718612
554,0.721714
555,0.712881
556,0.648686
557,0.64858
558,0.648475
559,0.64837
561,0.64837
563,0.64837
573,0.64837
574,0.35163
575,0.64837
577,0.64837
579,0.64837
580,0.35163
582,0.35163
584,0.35163
586,0.35163
588,0.35163
590,0.35163
591,0.64837
593,0.64837
594,0.35163
596,0.35163
597,0.64837
600,0.35163
602,0.35163
604,0.35163
605,0.64837
608,0.35163
610,0.35163
611,0.35163
612,0.35163
613,0.35163
614,0.35163
615,0.35163
616,0.35163
617,0.35163
618,0.35163
629,0.35163
630,0.35163
631,0.35163
637,0.35163
641,0.35163
642,0.35163
643,0.35163
644,0.35163
645,0.35163
646,0.35163
647,0.35163
648,0.35163
649,0.35163
650,0.35163
651,0.35163
652,0.35163
653,0.35163
654,0.35163
655,0.35163
656,0.35163
657,0.35163
658,0.35163
659,0.35163
660,0.35163
661,0.35163
662,0.35163
663,0.35163
664,0.35163
665,0.35163
666,0.35163
680,0.35163
681,0.35163
682,0.35163
684,0.35163
685,0.35163
686,0.35163
687,0.35163
688,0.35163
689,0.35163
693,0.35163
696,0.35163
697,0.35163
698,0.35163
700,0.35163
701,0.35163
702,0.35163
704,0.35163
705,0.35163
708,0.35163
