[8.41470984807896504876e-01, 5.62277683927963956023e-01, 5.62277683927963956023e-01, 2.39388857641582630809e-01, 5.62277683927963956023e-01, 2.39388857641582630809e-01, 2.39388857641582630809e-01, -3.32908106246487325852e-02, 5.62277683927963956023e-01, 2.39388857641582630809e-01, 2.39388857641582630809e-01, -3.32908106246487325852e-02, 2.39388857641582630809e-01, -3.32908106246487325852e-02, -3.32908106246487325852e-02, -1.89200623826982050613e-01, 5.62277683927963956023e-01, 2.39388857641582630809e-01, 2.39388857641582630809e-01, -3.32908106246487325852e-02, 
2.39388857641582630809e-01, -3.32908106246487325852e-02, -3.32908106246487325852e-02, -1.89200623826982050613e-01, 2.39388857641582630809e-01, -3.32908106246487325852e-02, -3.32908106246487325852e-02, -1.89200623826982050613e-01, -3.32908106246487325852e-02, -1.89200623826982050613e-01, -1.89200623826982050613e-01, -2.10377429257974313259e-01, 5.62277683927963956023e-01, 2.39388857641582630809e-01, 2.39388857641582630809e-01, -3.32908106246487325852e-02, 2.39388857641582630809e-01, -3.32908106246487325852e-02, -3.32908106246487325852e-02, -1.89200623826982050613e-01, 
2.39388857641582630809e-01, -3.32908106246487325852e-02, -3.32908106246487325852e-02, -1.89200623826982050613e-01, -3.32908106246487325852e-02, -1.89200623826982050613e-01, -1.89200623826982050613e-01, -2.10377429257974313259e-01, 2.39388857641582630809e-01, -3.32908106246487325852e-02, -3.32908106246487325852e-02, -1.89200623826982050613e-01, -3.32908106246487325852e-02, -1.89200623826982050613e-01, -1.89200623826982050613e-01, -2.10377429257974313259e-01, -3.32908106246487325852e-02, -1.89200623826982050613e-01, -1.89200623826982050613e-01, -2.10377429257974313259e-01, 
-1.89200623826982050613e-01, -2.10377429257974313259e-01, -2.10377429257974313259e-01, -1.28280059194616713469e-01, 5.62277683927963956023e-01, 2.39388857641582630809e-01, 2.39388857641582630809e-01, -3.32908106246487325852e-02, 2.39388857641582630809e-01, -3.32908106246487325852e-02, -3.32908106246487325852e-02, -1.89200623826982050613e-01, 2.39388857641582630809e-01, -3.32908106246487325852e-02, -3.32908106246487325852e-02, -1.89200623826982050613e-01, -3.32908106246487325852e-02, -1.89200623826982050613e-01, -1.89200623826982050613e-01, -2.10377429257974313259e-01, 
2.39388857641582630809e-01, -3.32908106246487325852e-02, -3.32908106246487325852e-02, -1.89200623826982050613e-01, -3.32908106246487325852e-02, -1.89200623826982050613e-01, -1.89200623826982050613e-01, -2.10377429257974313259e-01, -3.32908106246487325852e-02, -1.89200623826982050613e-01, -1.89200623826982050613e-01, -2.10377429257974313259e-01, -1.89200623826982050613e-01, -2.10377429257974313259e-01, -2.10377429257974313259e-01, -1.28280059194616713469e-01, 2.39388857641582630809e-01, -3.32908106246487325852e-02, -3.32908106246487325852e-02, -1.89200623826982050613e-01, 
-3.32908106246487325852e-02, -1.89200623826982050613e-01, -1.89200623826982050613e-01, -2.10377429257974313259e-01, -3.32908106246487325852e-02, -1.89200623826982050613e-01, -1.89200623826982050613e-01, -2.10377429257974313259e-01, -1.89200623826982050613e-01, -2.10377429257974313259e-01, -2.10377429257974313259e-01, -1.28280059194616713469e-01, -3.32908106246487325852e-02, -1.89200623826982050613e-01, -1.89200623826982050613e-01, -2.10377429257974313259e-01, -1.89200623826982050613e-01, -2.10377429257974313259e-01, -2.10377429257974313259e-01, -1.28280059194616713469e-01, 
-1.89200623826982050613e-01, -2.10377429257974313259e-01, -2.10377429257974313259e-01, -1.28280059194616713469e-01, -2.10377429257974313259e-01, -1.28280059194616713469e-01, -1.28280059194616713469e-01, -5.30867464760909069099e-03, 5.62277683927963956023e-01, 2.39388857641582630809e-01, 2.39388857641582630809e-01, -3.32908106246487325852e-02, 2.39388857641582630809e-01, -3.32908106246487325852e-02, -3.32908106246487325852e-02, -1.89200623826982050613e-01, 2.39388857641582630809e-01, -3.32908106246487325852e-02, -3.32908106246487325852e-02, -1.89200623826982050613e-01, 
-3.32908106246487325852e-02, -1.89200623826982050613e-01, -1.89200623826982050613e-01, -2.10377429257974313259e-01, 2.39388857641582630809e-01, -3.32908106246487325852e-02, -3.32908106246487325852e-02, -1.89200623826982050613e-01, -3.32908106246487325852e-02, -1.89200623826982050613e-01, -1.89200623826982050613e-01, -2.10377429257974313259e-01, -3.32908106246487325852e-02, -1.89200623826982050613e-01, -1.89200623826982050613e-01, -2.10377429257974313259e-01, -1.89200623826982050613e-01, -2.10377429257974313259e-01, -2.10377429257974313259e-01, -1.28280059194616713469e-01, 
2.39388857641582630809e-01, -3.32908106246487325852e-02, -3.32908106246487325852e-02, -1.89200623826982050613e-01, -3.32908106246487325852e-02, -1.89200623826982050613e-01, -1.89200623826982050613e-01, -2.10377429257974313259e-01, -3.32908106246487325852e-02, -1.89200623826982050613e-01, -1.89200623826982050613e-01, -2.10377429257974313259e-01, -1.89200623826982050613e-01, -2.10377429257974313259e-01, -2.10377429257974313259e-01, -1.28280059194616713469e-01, -3.32908106246487325852e-02, -1.89200623826982050613e-01, -1.89200623826982050613e-01, -2.10377429257974313259e-01, 
-1.89200623826982050613e-01, -2.10377429257974313259e-01, -2.10377429257974313259e-01, -1.28280059194616713469e-01, -1.89200623826982050613e-01, -2.10377429257974313259e-01, -2.10377429257974313259e-01, -1.28280059194616713469e-01, -2.10377429257974313259e-01, -1.28280059194616713469e-01, -1.28280059194616713469e-01, -5.30867464760909069099e-03, 2.39388857641582630809e-01, -3.32908106246487325852e-02, -3.32908106246487325852e-02, -1.89200623826982050613e-01, -3.32908106246487325852e-02, -1.89200623826982050613e-01, -1.89200623826982050613e-01, -2.10377429257974313259e-01, 
-3.32908106246487325852e-02, -1.89200623826982050613e-01, -1.89200623826982050613e-01, -2.10377429257974313259e-01, -1.89200623826982050613e-01, -2.10377429257974313259e-01, -2.10377429257974313259e-01, -1.28280059194616713469e-01, -3.32908106246487325852e-02, -1.89200623826982050613e-01, -1.89200623826982050613e-01, -2.10377429257974313259e-01, -1.89200623826982050613e-01, -2.10377429257974313259e-01, -2.10377429257974313259e-01, -1.28280059194616713469e-01, -1.89200623826982050613e-01, -2.10377429257974313259e-01, -2.10377429257974313259e-01, -1.28280059194616713469e-01, 
-2.10377429257974313259e-01, -1.28280059194616713469e-01, -1.28280059194616713469e-01, -5.30867464760909069099e-03, -3.32908106246487325852e-02, -1.89200623826982050613e-01, -1.89200623826982050613e-01, -2.10377429257974313259e-01, -1.89200623826982050613e-01, -2.10377429257974313259e-01, -2.10377429257974313259e-01, -1.28280059194616713469e-01, -1.89200623826982050613e-01, -2.10377429257974313259e-01, -2.10377429257974313259e-01, -1.28280059194616713469e-01, -2.10377429257974313259e-01, -1.28280059194616713469e-01, -1.28280059194616713469e-01, -5.30867464760909069099e-03, 
-1.89200623826982050613e-01, -2.10377429257974313259e-01, -2.10377429257974313259e-01, -1.28280059194616713469e-01, -2.10377429257974313259e-01, -1.28280059194616713469e-01, -1.28280059194616713469e-01, -5.30867464760909069099e-03, -2.10377429257974313259e-01, -1.28280059194616713469e-01, -1.28280059194616713469e-01, -5.30867464760909069099e-03, -1.28280059194616713469e-01, -5.30867464760909069099e-03, -5.30867464760909069099e-03, 9.38552283883984372892e-02]