10,[[ 0, 0, 0, 0, 0, 0, 0, 0, 0, 1, 0.210833, 0.2926, 0.506095, 0.484405, 0.522022, 0.535969, 0.540685, 0.530063, 0.53082, 0.542803, 0.544078, 0.548339],
[ 0, 0, 0, 0, 0, 0, 0, 0, 0, 1, 0.334695, 0.649349, 0.478391, 0.375523, 0.462063, 0.545201, 0.558785, 0.475803, 0.510418, 0.524098, 0.509714, 0.510265],
[ 0, 0, 0, 0, 0, 0, 0, 1, 0, 0, 0.960187, 0.400478, 0.434755, 0.412706, 0.65474, 0.383876, 0.475036, 0.519712, 0.678404, 0.362362, 0.458995, 0.316755],
[ 0, 0, 0, 0, 1, 0, 0, 0, 0, 0, 0.228423, 0.16033, 0.495127, 0.488852, 0.507801, 0.508922, 0.503009, 0.500824, 0.490918, 0.4953, 0.491784, 0.461104],
[ 0, 0, 0, 0, 1, 0, 0, 0, 0, 0, 0.734057, 0.163109, 0.51116, 0.467003, 0.506441, 0.471497, 0.478425, 0.575019, 0.476359, 0.433058, 0.472952, 0.517874],
[ 1, 0, 0, 0, 0, 0, 0, 0, 0, 0, 0.547331, 0.155853, 0.52311, 0.453745, 0.513548, 0.532698, 0.448773, 0.49729, 0.504717, 0.502636, 0.514088, 0.462605],
[ 0, 0, 0, 0, 1, 0, 0, 0, 0, 0, 0.0810666, 0.153575, 0.495131, 0.497494, 0.500796, 0.503053, 0.49571, 0.50437, 0.492331, 0.500941, 0.506235, 0.498323],
[ 0, 0, 0, 1, 0, 0, 0, 0, 0, 0, 0.763067, 0.269018, 0.472904, 0.511053, 0.436552, 0.489066, 0.44547, 0.422996, 0.613504, 0.408406, 0.476185, 0.568268],
[ 0, 0, 0, 1, 0, 0, 0, 0, 0, 0, 0.174474, 0.151568, 0.509016, 0.50479, 0.507197, 0.492704, 0.479135, 0.478613, 0.516073, 0.469012, 0.491401, 0.511101],
[ 0, 0, 0, 0, 0, 0, 0, 0, 1, 0, 0.0782945, 0.153382, 0.517662, 0.519035, 0.502003, 0.493761, 0.472839, 0.487581, 0.505431, 0.476935, 0.502524, 0.516261]]
20,[[ 0, 0, 0, 0, 0, 0, 0, 0, 1, 0, 0.224681, 0.14466, 0.512606, 0.505451, 0.489023, 0.470713, 0.50051, 0.518781, 0.508999, 0.515235, 0.520372, 0.511327],
[ 0, 1, 0, 0, 0, 0, 0, 0, 0, 0, 0.96064, 0.239839, 0.453091, 0.420723, 0.624814, 0.490684, 0.471029, 0.472564, 0.447343, 0.492344, 0.596523, 0.439677],
[ 0, 0, 1, 0, 0, 0, 0, 0, 0, 0, 0.597078, 0.231733, 0.535082, 0.573741, 0.465088, 0.484621, 0.523735, 0.492343, 0.510518, 0.519559, 0.509865, 0.441921],
[ 0, 0, 0, 0, 0, 0, 0, 0, 0, 1, 0.847918, 0.49944, 0.591489, 0.316323, 0.450654, 0.569955, 0.625092, 0.453728, 0.555602, 0.472545, 0.477404, 0.513559],
[ 0, 0, 0, 0, 1, 0, 0, 0, 0, 0, 0.542192, 0.992936, 0.454063, 0.398599, 0.433416, 0.461195, 0.563275, 0.70654, 0.452254, 0.421758, 0.642785, 0.715807],
[ 0, 0, 0, 0, 0, 0, 0, 0, 1, 0, 0.544549, 0.150102, 0.480952, 0.508483, 0.520773, 0.463968, 0.516617, 0.537555, 0.496232, 0.491345, 0.500886, 0.501112],
[ 0, 0, 0, 0, 0, 0, 0, 0, 1, 0, 0.164956, 0.150603, 0.492166, 0.517551, 0.497721, 0.490665, 0.472138, 0.4997, 0.502026, 0.513671, 0.504708, 0.505488],
[ 0, 0, 0, 0, 0, 0, 0, 1, 0, 0, 0.130426, 0.156856, 0.479648, 0.488282, 0.516006, 0.509283, 0.509444, 0.50609, 0.510943, 0.494749, 0.471893, 0.502056],
[ 0, 0, 0, 0, 0, 0, 0, 0, 1, 0, 0.733117, 0.259601, 0.531748, 0.594787, 0.504428, 0.443295, 0.457674, 0.557327, 0.491318, 0.567472, 0.511179, 0.502931],
[ 0, 0, 0, 0, 1, 0, 0, 0, 0, 0, 0.525363, 0.153382, 0.501595, 0.495039, 0.500785, 0.499736, 0.510841, 0.516251, 0.517618, 0.473783, 0.515885, 0.530961]]
30,[[ 0, 0, 0, 0, 0, 0, 0, 0, 1, 0, 0.227447, 0.229263, 0.471054, 0.483361, 0.489096, 0.468392, 0.422389, 0.483572, 0.481633, 0.464553, 0.435832, 0.477098],
[ 0, 0, 0, 0, 0, 0, 0, 0, 0, 1, 0.542941, 0.166737, 0.482917, 0.501488, 0.447736, 0.518135, 0.540006, 0.501016, 0.488173, 0.504073, 0.501689, 0.507115],
[ 0, 0, 0, 0, 1, 0, 0, 0, 0, 0, 0.319435, 0.644911, 0.512391, 0.482453, 0.381538, 0.493856, 0.539607, 0.560863, 0.505232, 0.498568, 0.532109, 0.563699],
[ 0, 0, 0, 0, 0, 0, 0, 1, 0, 0, 0.276129, 0.230422, 0.525492, 0.523902, 0.526299, 0.517482, 0.500075, 0.454237, 0.519372, 0.52064, 0.515137, 0.517387],
[ 0, 0, 0, 0, 0, 0, 0, 1, 0, 0, 0.531443, 0.16114, 0.495873, 0.521495, 0.509436, 0.495569, 0.450575, 0.504018, 0.525991, 0.434901, 0.463602, 0.460092],
[ 0, 0, 0, 0, 0, 0, 0, 1, 0, 0, 0.330087, 0.636999, 0.588804, 0.587334, 0.526888, 0.419179, 0.470867, 0.444409, 0.616858, 0.567713, 0.578269, 0.562951],
[ 0, 0, 0, 0, 0, 0, 0, 1, 0, 0, 0.195822, 0.789725, 0.508812, 0.485512, 0.51294, 0.491416, 0.486873, 0.500432, 0.470789, 0.372066, 0.56122, 0.565261],
[ 0, 0, 0, 0, 0, 0, 0, 0, 0, 1, 0.35083, 0.746999, 0.550078, 0.48078, 0.485561, 0.480602, 0.381854, 0.457642, 0.528705, 0.534045, 0.463952, 0.350899],
[ 0, 0, 0, 0, 0, 0, 0, 0, 1, 0, 0.357725, 0.911112, 0.319278, 0.545518, 0.441291, 0.32296, 0.507702, 0.617276, 0.505272, 0.453896, 0.351278, 0.502807],
[ 1, 0, 0, 0, 0, 0, 0, 0, 0, 0, 0.239872, 0.481106, 0.520853, 0.467366, 0.567603, 0.577237, 0.512275, 0.507408, 0.517772, 0.513854, 0.431795, 0.390645]]
40,[[ 0, 0, 0, 0, 0, 1, 0, 0, 0, 0, 0.292522, 0.221853, 0.522952, 0.519666, 0.513099, 0.522121, 0.527001, 0.510133, 0.505837, 0.51436, 0.524015, 0.50762],
[ 0, 1, 0, 0, 0, 0, 0, 0, 0, 0, 0.4024, 0.718977, 0.477476, 0.367062, 0.597327, 0.559347, 0.56542, 0.581114, 0.528519, 0.484263, 0.413978, 0.493642],
[ 1, 0, 0, 0, 0, 0, 0, 0, 0, 0, 0.221275, 0.383958, 0.503522, 0.469246, 0.423113, 0.535935, 0.524204, 0.49072, 0.503515, 0.523846, 0.527412, 0.513336],
[ 1, 0, 0, 0, 0, 0, 0, 0, 0, 0, 0.686583, 0.20105, 0.467637, 0.443368, 0.551355, 0.517695, 0.469005, 0.503995, 0.445465, 0.425787, 0.494545, 0.602849],
[ 0, 0, 0, 0, 0, 0, 0, 1, 0, 0, 0.497452, 0.23818, 0.52185, 0.534451, 0.556833, 0.524316, 0.479543, 0.46764, 0.551028, 0.491975, 0.481292, 0.514862],
[ 0, 0, 0, 0, 0, 1, 0, 0, 0, 0, 0.506974, 0.952178, 0.499612, 0.530681, 0.540439, 0.474739, 0.454922, 0.38088, 0.454272, 0.60623, 0.712231, 0.476085],
[ 0, 1, 0, 0, 0, 0, 0, 0, 0, 0, 0.372782, 0.142343, 0.467074, 0.500573, 0.525937, 0.500693, 0.500947, 0.499063, 0.468549, 0.504184, 0.524021, 0.499886],
[ 0, 0, 1, 0, 0, 0, 0, 0, 0, 0, 0.433189, 0.105214, 0.477611, 0.479064, 0.479791, 0.468072, 0.474712, 0.456336, 0.430006, 0.459469, 0.455898, 0.430721],
[ 0, 0, 0, 1, 0, 0, 0, 0, 0, 0, 0.456227, 0.649851, 0.613614, 0.511148, 0.501, 0.532259, 0.523963, 0.463951, 0.440248, 0.478955, 0.513418, 0.564949],
[ 0, 0, 0, 0, 0, 0, 0, 1, 0, 0, 0.668307, 0.412173, 0.438737, 0.52035, 0.615332, 0.416521, 0.388297, 0.46353, 0.531245, 0.436126, 0.552295, 0.537786]]
50,[[ 0, 0, 0, 0, 0, 0, 0, 1, 0, 0, 0.822088, 0.489212, 0.408378, 0.424151, 0.630657, 0.427751, 0.397225, 0.591027, 0.620576, 0.442089, 0.550324, 0.495189],
[ 0, 0, 0, 0, 0, 1, 0, 0, 0, 0, 0.353157, 0.123702, 0.503131, 0.510327, 0.502373, 0.507407, 0.509321, 0.497618, 0.502412, 0.506252, 0.501864, 0.468865],
[ 0, 0, 0, 0, 0, 0, 0, 0, 0, 1, 0.609001, 0.225288, 0.573188, 0.485575, 0.44387, 0.530184, 0.567202, 0.424666, 0.459937, 0.465765, 0.445831, 0.500616],
[ 0, 0, 0, 0, 1, 0, 0, 0, 0, 0, 0.550924, 0.922343, 0.462507, 0.458331, 0.546243, 0.511295, 0.531205, 0.663941, 0.414394, 0.384101, 0.597616, 0.712242],
[ 0, 0, 0, 0, 0, 0, 0, 0, 1, 0, 0.0874997, 0.16195, 0.491522, 0.511919, 0.50083, 0.503935, 0.510093, 0.498638, 0.505892, 0.505098, 0.503674, 0.502463],
[ 0, 0, 0, 0, 0, 0, 0, 0, 1, 0, 0.329503, 0.129298, 0.510222, 0.520362, 0.487553, 0.46331, 0.500374, 0.522685, 0.503242, 0.50369, 0.507224, 0.495762],
[ 0, 1, 0, 0, 0, 0, 0, 0, 0, 0, 0.325871, 0.132772, 0.492635, 0.463451, 0.517875, 0.515685, 0.50551, 0.511933, 0.503051, 0.516245, 0.515039, 0.498345],
[ 0, 0, 0, 0, 0, 0, 1, 0, 0, 0, 0.947105, 0.459029, 0.52467, 0.475462, 0.486619, 0.728243, 0.337959, 0.459471, 0.494089, 0.745503, 0.224755, 0.58291],
[ 0, 1, 0, 0, 0, 0, 0, 0, 0, 0, 0.941942, 0.821722, 0.409327, 0.39855, 0.750323, 0.35048, 0.501356, 0.496728, 0.437345, 0.45787, 0.624701, 0.222045],
[ 0, 0, 0, 0, 0, 0, 1, 0, 0, 0, 0.376415, 0.130804, 0.510506, 0.492183, 0.469111, 0.515272, 0.508113, 0.500534, 0.507549, 0.517669, 0.496216, 0.50147]]
60,[[ 0, 0, 0, 0, 0, 0, 0, 0, 0, 1, 0.772771, 0.254351, 0.601156, 0.452978, 0.428552, 0.54845, 0.560726, 0.451032, 0.548455, 0.496934, 0.480006, 0.503045],
[ 0, 0, 0, 0, 0, 0, 0, 1, 0, 0, 0.335548, 0.147787, 0.505882, 0.51339, 0.517312, 0.501273, 0.50565, 0.51523, 0.523713, 0.499988, 0.505282, 0.515362],
[ 1, 0, 0, 0, 0, 0, 0, 0, 0, 0, 0.566675, 0.196108, 0.518887, 0.453125, 0.5447, 0.546933, 0.496874, 0.489869, 0.518918, 0.504505, 0.529843, 0.521429],
[ 0, 0, 0, 1, 0, 0, 0, 0, 0, 0, 0.279888, 0.357906, 0.51319, 0.518083, 0.480765, 0.427881, 0.505502, 0.534952, 0.525132, 0.51177, 0.507332, 0.526675],
[ 0, 0, 0, 0, 0, 1, 0, 0, 0, 0, 0.0814284, 0.162646, 0.503352, 0.470586, 0.500225, 0.505262, 0.510651, 0.495372, 0.507466, 0.504616, 0.465143, 0.494963],
[ 0, 0, 0, 0, 0, 0, 0, 0, 1, 0, 0.296415, 0.482457, 0.519526, 0.519879, 0.491911, 0.459531, 0.380188, 0.50921, 0.508828, 0.504727, 0.500301, 0.494014],
[ 1, 0, 0, 0, 0, 0, 0, 0, 0, 0, 0.324091, 0.763827, 0.572943, 0.542261, 0.577661, 0.622722, 0.556986, 0.568763, 0.585716, 0.562314, 0.546198, 0.568616],
[ 1, 0, 0, 0, 0, 0, 0, 0, 0, 0, 0.621273, 0.578602, 0.427048, 0.382766, 0.607547, 0.614845, 0.333063, 0.505624, 0.552263, 0.431486, 0.467532, 0.647483],
[ 0, 0, 0, 0, 0, 0, 0, 1, 0, 0, 0.100514, 0.149098, 0.507487, 0.494921, 0.501721, 0.49021, 0.496449, 0.501136, 0.469706, 0.498552, 0.505718, 0.509616],
[ 0, 0, 0, 0, 0, 0, 0, 0, 0, 1, 0.754385, 0.196263, 0.57412, 0.46782, 0.446723, 0.536181, 0.505327, 0.512593, 0.520713, 0.494481, 0.458259, 0.505349]]
70,[[ 0, 0, 0, 0, 1, 0, 0, 0, 0, 0, 0.978727, 0.336794, 0.483334, 0.485745, 0.504349, 0.497103, 0.470701, 0.69998, 0.286394, 0.509347, 0.437063, 0.62604],
[ 0, 0, 0, 1, 0, 0, 0, 0, 0, 0, 0.572983, 0.935351, 0.670845, 0.349054, 0.461665, 0.558051, 0.482288, 0.493603, 0.514018, 0.397374, 0.254011, 0.619414],
[ 0, 1, 0, 0, 0, 0, 0, 0, 0, 0, 0.246825, 0.517888, 0.510972, 0.527252, 0.502527, 0.39509, 0.505001, 0.538386, 0.523278, 0.522348, 0.535616, 0.479433],
[ 0, 0, 0, 0, 0, 1, 0, 0, 0, 0, 0.496131, 0.153228, 0.498423, 0.502794, 0.499023, 0.503149, 0.514482, 0.493758, 0.473985, 0.507503, 0.535291, 0.494585],
[ 0, 0, 0, 0, 1, 0, 0, 0, 0, 0, 0.554731, 0.16195, 0.499607, 0.492901, 0.504874, 0.500231, 0.516409, 0.513086, 0.512054, 0.458166, 0.513699, 0.488984],
[ 0, 0, 0, 0, 0, 1, 0, 0, 0, 0, 0.355883, 0.178316, 0.504481, 0.510711, 0.490793, 0.456548, 0.502746, 0.504009, 0.497542, 0.512121, 0.523875, 0.494828],
[ 0, 0, 0, 0, 0, 0, 0, 0, 1, 0, 0.531998, 0.605967, 0.47875, 0.31792, 0.300921, 0.293671, 0.515417, 0.664202, 0.5038, 0.492527, 0.520088, 0.504001],
[ 0, 0, 0, 0, 1, 0, 0, 0, 0, 0, 0.193182, 0.469065, 0.511097, 0.526814, 0.53083, 0.514113, 0.514713, 0.491063, 0.417372, 0.496144, 0.520064, 0.52138],
[ 0, 0, 0, 0, 0, 0, 0, 1, 0, 0, 0.19109, 0.151916, 0.511982, 0.522694, 0.511605, 0.498882, 0.511775, 0.507004, 0.505456, 0.500097, 0.490761, 0.503463],
[ 0, 0, 1, 0, 0, 0, 0, 0, 0, 0, 0.740285, 0.946427, 0.667387, 0.550623, 0.368367, 0.224288, 0.516543, 0.320278, 0.627211, 0.827603, 0.330565, 0.465075]]
80,[[ 0, 0, 0, 1, 0, 0, 0, 0, 0, 0, 0.533133, 0.150603, 0.536654, 0.493186, 0.490492, 0.506917, 0.506029, 0.515408, 0.481533, 0.496578, 0.457361, 0.517124],
[ 0, 0, 0, 0, 0, 0, 0, 0, 0, 1, 0.245062, 0.210313, 0.478781, 0.458098, 0.467109, 0.454231, 0.422895, 0.455409, 0.481079, 0.482558, 0.484204, 0.49113],
[ 1, 0, 0, 0, 0, 0, 0, 0, 0, 0, 0.309373, 0.177968, 0.51204, 0.502124, 0.507777, 0.522262, 0.501766, 0.503674, 0.512639, 0.50989, 0.510738, 0.510727],
[ 0, 0, 0, 0, 0, 0, 1, 0, 0, 0, 0.375355, 0.129954, 0.509815, 0.499566, 0.496775, 0.478049, 0.497579, 0.505882, 0.507318, 0.522535, 0.498163, 0.499729],
[ 0, 1, 0, 0, 0, 0, 0, 0, 0, 0, 0.190914, 0.152881, 0.47263, 0.491213, 0.515983, 0.506993, 0.504801, 0.506351, 0.503159, 0.507429, 0.501735, 0.505633],
[ 0, 0, 1, 0, 0, 0, 0, 0, 0, 0, 0.595948, 0.229611, 0.431677, 0.556699, 0.459056, 0.480583, 0.504629, 0.503281, 0.51594, 0.583577, 0.496212, 0.458792],
[ 0, 0, 0, 1, 0, 0, 0, 0, 0, 0, 0.0967017, 0.150411, 0.502625, 0.508409, 0.505213, 0.502866, 0.502653, 0.508705, 0.511697, 0.507355, 0.502191, 0.506148],
[ 0, 0, 0, 0, 0, 0, 0, 0, 1, 0, 0.587729, 0.260103, 0.447685, 0.521956, 0.516606, 0.46062, 0.549218, 0.589017, 0.469702, 0.479813, 0.516105, 0.503503],
[ 0, 0, 0, 1, 0, 0, 0, 0, 0, 0, 0.21162, 0.159983, 0.507175, 0.465977, 0.490706, 0.512584, 0.514313, 0.503819, 0.51992, 0.505274, 0.494386, 0.506957],
[ 0, 1, 0, 0, 0, 0, 0, 0, 0, 0, 0.478548, 0.931413, 0.414502, 0.505876, 0.385077, 0.45751, 0.518135, 0.531558, 0.525715, 0.522358, 0.617124, 0.438964]]
90,[[ 0, 0, 0, 0, 0, 0, 0, 0, 1, 0, 0.231591, 0.153073, 0.523126, 0.52216, 0.501531, 0.5136, 0.513347, 0.514932, 0.497416, 0.507074, 0.517089, 0.506124],
[ 0, 1, 0, 0, 0, 0, 0, 0, 0, 0, 0.0777918, 0.168397, 0.507373, 0.513279, 0.504422, 0.503133, 0.469439, 0.500505, 0.520266, 0.498086, 0.516682, 0.50179],
[ 0, 0, 0, 1, 0, 0, 0, 0, 0, 0, 0.47496, 0.924967, 0.668526, 0.490338, 0.397512, 0.343594, 0.483263, 0.548018, 0.669266, 0.349759, 0.315633, 0.505931],
[ 0, 0, 0, 0, 0, 0, 0, 0, 0, 1, 0.551398, 0.158015, 0.508895, 0.511695, 0.465043, 0.517999, 0.542266, 0.500114, 0.4907, 0.482108, 0.467894, 0.508081],
[ 0, 1, 0, 0, 0, 0, 0, 0, 0, 0, 0.0783038, 0.152727, 0.473964, 0.502891, 0.50571, 0.51345, 0.472066, 0.493456, 0.515216, 0.509171, 0.515455, 0.504239],
[ 0, 0, 0, 0, 0, 0, 0, 1, 0, 0, 0.325546, 0.129298, 0.508124, 0.502281, 0.474419, 0.496827, 0.507314, 0.508707, 0.515602, 0.497943, 0.505099, 0.510001],
[ 1, 0, 0, 0, 0, 0, 0, 0, 0, 0, 0.563009, 0.885213, 0.427431, 0.388827, 0.571175, 0.483057, 0.395064, 0.427559, 0.453729, 0.490098, 0.560159, 0.695304],
[ 1, 0, 0, 0, 0, 0, 0, 0, 0, 0, 0.500746, 0.584198, 0.477527, 0.493165, 0.575324, 0.630481, 0.523059, 0.502841, 0.535148, 0.534281, 0.564669, 0.603843],
[ 0, 0, 0, 0, 0, 0, 0, 0, 1, 0, 0.0999004, 0.149098, 0.494944, 0.506075, 0.473121, 0.494694, 0.507808, 0.49907, 0.503103, 0.500071, 0.474757, 0.501889],
[ 0, 0, 0, 0, 0, 0, 0, 0, 0, 1, 0.175443, 0.153073, 0.495868, 0.478091, 0.498391, 0.513402, 0.499621, 0.508201, 0.501373, 0.505564, 0.499089, 0.477206]]
100,[[ 0, 0, 1, 0, 0, 0, 0, 0, 0, 0, 0.220682, 0.142343, 0.500687, 0.476038, 0.492691, 0.505596, 0.506617, 0.514573, 0.511568, 0.50965, 0.491639, 0.50169],
[ 0, 0, 0, 0, 0, 0, 0, 0, 1, 0, 0.338372, 0.128835, 0.515125, 0.519875, 0.498507, 0.500586, 0.515523, 0.522756, 0.497997, 0.50402, 0.513493, 0.50577],
[ 0, 0, 0, 0, 0, 1, 0, 0, 0, 0, 0.371079, 0.145818, 0.499459, 0.508909, 0.499523, 0.468282, 0.514513, 0.506101, 0.490145, 0.467643, 0.507088, 0.504743],
[ 0, 1, 0, 0, 0, 0, 0, 0, 0, 0, 0.971023, 0.241961, 0.489351, 0.492551, 0.605033, 0.505682, 0.475741, 0.531608, 0.467552, 0.47641, 0.662163, 0.403403],
[ 0, 0, 1, 0, 0, 0, 0, 0, 0, 0, 0.344361, 0.701494, 0.537664, 0.571071, 0.474518, 0.447033, 0.373229, 0.491492, 0.546795, 0.581363, 0.493084, 0.487691],
[ 1, 0, 0, 0, 0, 0, 0, 0, 0, 0, 0.529104, 0.828477, 0.446725, 0.427561, 0.581742, 0.672125, 0.448972, 0.473538, 0.534898, 0.511074, 0.546621, 0.6183],
[ 0, 0, 0, 0, 0, 0, 0, 1, 0, 0, 0.356771, 0.127021, 0.503052, 0.508774, 0.498802, 0.475931, 0.489957, 0.514038, 0.526227, 0.499375, 0.50142, 0.509927],
[ 0, 0, 0, 0, 1, 0, 0, 0, 0, 0, 0.771918, 0.253, 0.509775, 0.449631, 0.536654, 0.476598, 0.505957, 0.634463, 0.449297, 0.446431, 0.541524, 0.523123],
[ 1, 0, 0, 0, 0, 0, 0, 0, 0, 0, 0.209805, 0.58057, 0.489469, 0.475952, 0.496957, 0.512498, 0.487358, 0.498473, 0.507315, 0.511864, 0.4586, 0.424992],
[ 0, 0, 0, 0, 0, 1, 0, 0, 0, 0, 0.3253, 0.135898, 0.507792, 0.52431, 0.512022, 0.515096, 0.506797, 0.491931, 0.498471, 0.510386, 0.517599, 0.500702]]
110,[[ 0, 0, 0, 0, 0, 0, 0, 1, 0, 0, 0.305101, 0.139025, 0.505959, 0.511105, 0.51874, 0.503243, 0.501966, 0.509799, 0.518187, 0.501449, 0.50754, 0.495469],
[ 0, 0, 0, 0, 0, 0, 0, 0, 1, 0, 0.709808, 0.17847, 0.498537, 0.566597, 0.475193, 0.462731, 0.520868, 0.455721, 0.473288, 0.553396, 0.492903, 0.47478],
[ 0, 0, 0, 1, 0, 0, 0, 0, 0, 0, 0.195336, 0.147941, 0.508836, 0.490732, 0.473923, 0.49603, 0.498363, 0.511475, 0.478164, 0.495391, 0.492008, 0.50482],
[ 0, 0, 0, 0, 0, 0, 0, 0, 0, 1, 0.329496, 0.564398, 0.524136, 0.484294, 0.443735, 0.363507, 0.519003, 0.490054, 0.460628, 0.381868, 0.47988, 0.521057],
[ 0, 0, 0, 0, 0, 0, 1, 0, 0, 0, 0.221305, 0.454397, 0.421999, 0.528775, 0.532558, 0.50047, 0.489423, 0.513042, 0.495313, 0.433708, 0.523359, 0.54012],
[ 1, 0, 0, 0, 0, 0, 0, 0, 0, 0, 0.692876, 0.198926, 0.429177, 0.454714, 0.499077, 0.489563, 0.487472, 0.484247, 0.518414, 0.490068, 0.49068, 0.580947],
[ 0, 0, 0, 0, 0, 1, 0, 0, 0, 0, 0.241445, 0.215253, 0.466027, 0.477203, 0.468561, 0.469963, 0.489557, 0.48057, 0.471723, 0.474398, 0.430047, 0.462946],
[ 1, 0, 0, 0, 0, 0, 0, 0, 0, 0, 0.251234, 0.144158, 0.488728, 0.507617, 0.513525, 0.509116, 0.495141, 0.492361, 0.496288, 0.499356, 0.504487, 0.502742],
[ 0, 1, 0, 0, 0, 0, 0, 0, 0, 0, 0.927641, 0.885058, 0.379595, 0.532747, 0.589957, 0.264471, 0.598928, 0.503308, 0.510743, 0.539194, 0.877214, 0.294789],
[ 0, 0, 0, 0, 1, 0, 0, 0, 0, 0, 0.182886, 0.150758, 0.486606, 0.485852, 0.498143, 0.470964, 0.49798, 0.510144, 0.496263, 0.494262, 0.507735, 0.51538]]
120,[[ 0, 0, 0, 1, 0, 0, 0, 0, 0, 0, 0.0730718, 0.180786, 0.494089, 0.503784, 0.496287, 0.508075, 0.506925, 0.501551, 0.506761, 0.466657, 0.489243, 0.514243],
[ 0, 0, 0, 1, 0, 0, 0, 0, 0, 0, 0.0640511, 0.165116, 0.495586, 0.507369, 0.504058, 0.49212, 0.472163, 0.492632, 0.509313, 0.503437, 0.506302, 0.511459],
[ 0, 0, 1, 0, 0, 0, 0, 0, 0, 0, 0.611574, 0.938978, 0.666558, 0.624332, 0.320119, 0.449454, 0.454588, 0.34383, 0.544421, 0.78624, 0.32153, 0.310762],
[ 0, 0, 0, 0, 0, 0, 0, 1, 0, 0, 0.339325, 0.126172, 0.504424, 0.51122, 0.511921, 0.483874, 0.471006, 0.509639, 0.519784, 0.501361, 0.509534, 0.50194],
[ 0, 0, 0, 0, 0, 0, 1, 0, 0, 0, 0.178449, 0.150758, 0.474283, 0.492717, 0.512157, 0.505738, 0.502981, 0.510251, 0.51524, 0.518134, 0.504385, 0.506732],
[ 0, 0, 0, 0, 0, 0, 0, 0, 0, 1, 0.880508, 0.525493, 0.612947, 0.298754, 0.439581, 0.555275, 0.675096, 0.333154, 0.53644, 0.382439, 0.536194, 0.470962],
[ 0, 0, 1, 0, 0, 0, 0, 0, 0, 0, 0.522391, 0.155197, 0.499724, 0.484045, 0.503035, 0.487739, 0.473581, 0.495457, 0.515666, 0.521403, 0.508655, 0.479864],
[ 0, 0, 0, 0, 0, 0, 1, 0, 0, 0, 0.293303, 0.690107, 0.566606, 0.522133, 0.427112, 0.556945, 0.578056, 0.553063, 0.570531, 0.591185, 0.559186, 0.566265],
[ 0, 0, 0, 0, 0, 0, 0, 1, 0, 0, 0.193425, 0.151762, 0.512962, 0.514127, 0.52357, 0.504642, 0.500518, 0.503754, 0.482723, 0.499949, 0.505502, 0.478457],
[ 0, 0, 0, 0, 0, 0, 1, 0, 0, 0, 0.304505, 0.330541, 0.46536, 0.490646, 0.487815, 0.494485, 0.465512, 0.4728, 0.478972, 0.45695, 0.387699, 0.470139]]
130,[[ 0, 0, 0, 0, 0, 0, 1, 0, 0, 0, 0.270729, 0.724574, 0.56261, 0.55198, 0.584492, 0.613837, 0.574491, 0.567635, 0.547252, 0.432523, 0.548237, 0.594796],
[ 0, 0, 0, 0, 0, 1, 0, 0, 0, 0, 0.604699, 0.926434, 0.552885, 0.646418, 0.531355, 0.516675, 0.731854, 0.416389, 0.371507, 0.668087, 0.757427, 0.329028],
[ 0, 0, 0, 0, 0, 0, 0, 0, 0, 1, 0.0782568, 0.151916, 0.494792, 0.50195, 0.504296, 0.479289, 0.493468, 0.503177, 0.505317, 0.475891, 0.505999, 0.514234],
[ 0, 0, 0, 0, 0, 0, 0, 1, 0, 0, 0.491993, 0.173183, 0.519807, 0.514843, 0.53301, 0.510814, 0.481138, 0.519109, 0.544885, 0.509671, 0.484568, 0.467695],
[ 1, 0, 0, 0, 0, 0, 0, 0, 0, 0, 0.204269, 0.191979, 0.505416, 0.505671, 0.459129, 0.510264, 0.507046, 0.491366, 0.465295, 0.505157, 0.519584, 0.51252],
[ 0, 0, 1, 0, 0, 0, 0, 0, 0, 0, 0.66652, 0.415145, 0.560872, 0.604967, 0.39521, 0.522975, 0.489238, 0.494804, 0.577532, 0.649032, 0.450403, 0.454897],
[ 0, 0, 0, 0, 0, 0, 0, 0, 1, 0, 0.381092, 0.613571, 0.529957, 0.569451, 0.493373, 0.480682, 0.527457, 0.507104, 0.368433, 0.475556, 0.545198, 0.517835],
[ 0, 0, 1, 0, 0, 0, 0, 0, 0, 0, 0.747772, 0.92134, 0.626958, 0.669088, 0.231861, 0.557613, 0.313902, 0.538113, 0.562156, 0.530789, 0.480566, 0.0963513],
[ 0, 0, 0, 0, 0, 0, 1, 0, 0, 0, 0.328972, 0.123702, 0.505479, 0.50144, 0.503144, 0.505448, 0.494411, 0.492118, 0.505999, 0.514285, 0.495555, 0.498344],
[ 0, 0, 1, 0, 0, 0, 0, 0, 0, 0, 0.580307, 0.93454, 0.67686, 0.81502, 0.414574, 0.489712, 0.597453, 0.532057, 0.547392, 0.544119, 0.392425, 0.273487]]
