modlinear
1
5 3 42
0
0.000000e+00 1.000000e+00 0 0 0.000000e+00 1.000000e+00 0 0 0.000000e+00 1.000000e+00 0 0 
3
1 1 1 1 1 1 
0
3
2 1 1 1 1 1 
0
3
2 3 1 1 1 1 
0
3
3 1 1 1 1 1 
0
3
3 3 1 1 1 1 
0
3
3 5 1 1 1 1 
1
3
3 7 1 1 1 1 
1
3
1 1 2 1 1 1 
0
3
1 1 2 3 1 1 
0
3
1 1 3 1 1 1 
0
3
1 1 3 3 1 1 
0
3
1 1 3 5 1 1 
1
3
1 1 3 7 1 1 
1
3
2 1 2 1 1 1 
0
3
2 1 2 3 1 1 
1
3
2 3 2 1 1 1 
0
3
2 3 2 3 1 1 
1
3
1 1 1 1 2 1 
0
3
1 1 1 1 2 3 
0
3
1 1 1 1 3 1 
0
3
1 1 1 1 3 3 
0
3
1 1 1 1 3 5 
1
3
1 1 1 1 3 7 
1
3
2 1 1 1 2 1 
0
3
2 1 1 1 2 3 
0
3
2 3 1 1 2 1 
0
3
2 3 1 1 2 3 
1
3
1 1 2 1 2 1 
0
3
1 1 2 1 2 3 
0
3
1 1 2 3 2 1 
1
3
1 1 2 3 2 3 
1
3
3 1 2 1 1 1 
1
3
3 3 2 1 1 1 
1
3
2 1 3 1 1 1 
1
3
2 1 3 3 1 1 
1
3
2 1 2 1 2 1 
1
3
2 1 2 1 2 3 
1
3
2 3 2 1 2 1 
1
3
1 1 3 1 2 1 
1
3
1 1 3 3 2 1 
1
3
1 1 2 1 3 1 
1
3
1 1 2 1 3 3 
1

modlinear
1
5 3 53
0
0.000000e+00 1.000000e+00 0 0 0.000000e+00 1.000000e+00 0 0 0.000000e+00 1.000000e+00 0 0 
3
1 1 1 1 1 1 
0
3
2 1 1 1 1 1 
0
3
2 3 1 1 1 1 
0
3
3 1 1 1 1 1 
0
3
3 3 1 1 1 1 
0
3
3 5 1 1 1 1 
1
3
3 7 1 1 1 1 
1
3
1 1 2 1 1 1 
0
3
1 1 2 3 1 1 
0
3
1 1 3 1 1 1 
0
3
1 1 3 3 1 1 
0
3
1 1 3 5 1 1 
1
3
1 1 3 7 1 1 
1
3
2 1 2 1 1 1 
0
3
2 1 2 3 1 1 
0
3
2 3 2 1 1 1 
0
3
2 3 2 3 1 1 
1
3
1 1 1 1 2 1 
0
3
1 1 1 1 2 3 
0
3
1 1 1 1 3 1 
0
3
1 1 1 1 3 3 
0
3
1 1 1 1 3 5 
1
3
1 1 1 1 3 7 
1
3
2 1 1 1 2 1 
0
3
2 1 1 1 2 3 
0
3
2 3 1 1 2 1 
0
3
2 3 1 1 2 3 
1
3
1 1 2 1 2 1 
0
3
1 1 2 1 2 3 
0
3
1 1 2 3 2 1 
0
3
1 1 2 3 2 3 
1
3
3 1 2 1 1 1 
0
3
3 3 2 1 1 1 
0
3
2 1 3 1 1 1 
0
3
2 1 3 3 1 1 
0
3
2 1 2 1 2 1 
0
3
2 1 2 1 2 3 
1
3
2 3 2 1 2 1 
1
3
1 1 3 1 2 1 
0
3
1 1 3 3 2 1 
0
3
1 1 2 1 3 1 
0
3
1 1 2 1 3 3 
0
3
3 1 1 1 2 1 
0
3
3 3 1 1 2 1 
0
3
2 1 2 3 2 1 
1
3
2 1 1 1 3 1 
0
3
2 1 1 1 3 3 
0
3
3 1 2 1 2 1 
1
3
3 3 2 1 2 1 
1
3
2 1 3 1 2 1 
1
3
2 1 3 3 2 1 
1
3
2 1 2 1 3 1 
1
3
2 1 2 1 3 3 
1

modlinear
1
5 3 69
0
0.000000e+00 1.000000e+00 0 0 0.000000e+00 1.000000e+00 0 0 0.000000e+00 1.000000e+00 0 0 
3
1 1 1 1 1 1 
0
3
2 1 1 1 1 1 
0
3
2 3 1 1 1 1 
0
3
3 1 1 1 1 1 
0
3
3 3 1 1 1 1 
0
3
3 5 1 1 1 1 
1
3
3 7 1 1 1 1 
1
3
1 1 2 1 1 1 
0
3
1 1 2 3 1 1 
0
3
1 1 3 1 1 1 
0
3
1 1 3 3 1 1 
0
3
1 1 3 5 1 1 
1
3
1 1 3 7 1 1 
1
3
2 1 2 1 1 1 
0
3
2 1 2 3 1 1 
0
3
2 3 2 1 1 1 
0
3
2 3 2 3 1 1 
1
3
1 1 1 1 2 1 
0
3
1 1 1 1 2 3 
0
3
1 1 1 1 3 1 
0
3
1 1 1 1 3 3 
0
3
1 1 1 1 3 5 
1
3
1 1 1 1 3 7 
1
3
2 1 1 1 2 1 
0
3
2 1 1 1 2 3 
0
3
2 3 1 1 2 1 
0
3
2 3 1 1 2 3 
1
3
1 1 2 1 2 1 
0
3
1 1 2 1 2 3 
0
3
1 1 2 3 2 1 
0
3
1 1 2 3 2 3 
1
3
3 1 2 1 1 1 
0
3
3 3 2 1 1 1 
0
3
2 1 3 1 1 1 
0
3
2 1 3 3 1 1 
0
3
2 1 2 1 2 1 
0
3
2 1 2 1 2 3 
0
3
2 3 2 1 2 1 
0
3
1 1 3 1 2 1 
0
3
1 1 3 3 2 1 
0
3
1 1 2 1 3 1 
0
3
1 1 2 1 3 3 
0
3
3 1 1 1 2 1 
0
3
3 3 1 1 2 1 
0
3
2 1 2 3 2 1 
1
3
2 1 1 1 3 1 
0
3
2 1 1 1 3 3 
0
3
3 1 2 1 2 1 
1
3
3 3 2 1 2 1 
1
3
2 1 3 1 2 1 
1
3
2 1 3 3 2 1 
1
3
2 1 2 1 3 1 
1
3
2 1 2 1 3 3 
1
3
2 3 1 1 3 1 
0
3
2 3 2 1 3 1 
1
3
1 1 3 1 3 1 
1
3
1 1 3 3 3 1 
1
3
1 1 1 1 4 1 
0
3
1 1 2 1 4 1 
1
3
1 1 1 1 4 3 
0
3
1 1 2 1 4 3 
1
3
3 1 3 1 1 1 
1
3
3 3 3 1 1 1 
1
3
1 1 4 1 1 1 
0
3
2 1 4 1 1 1 
1
3
1 1 4 3 1 1 
0
3
2 1 4 3 1 1 
1
3
1 1 3 1 2 3 
0
3
2 1 3 1 2 3 
1

modlinear
1
5 3 81
0
0.000000e+00 1.000000e+00 0 0 0.000000e+00 1.000000e+00 0 0 0.000000e+00 1.000000e+00 0 0 
3
1 1 1 1 1 1 
0
3
2 1 1 1 1 1 
0
3
2 3 1 1 1 1 
0
3
3 1 1 1 1 1 
0
3
3 3 1 1 1 1 
0
3
3 5 1 1 1 1 
1
3
3 7 1 1 1 1 
1
3
1 1 2 1 1 1 
0
3
1 1 2 3 1 1 
0
3
1 1 3 1 1 1 
0
3
1 1 3 3 1 1 
0
3
1 1 3 5 1 1 
1
3
1 1 3 7 1 1 
1
3
2 1 2 1 1 1 
0
3
2 1 2 3 1 1 
0
3
2 3 2 1 1 1 
0
3
2 3 2 3 1 1 
1
3
1 1 1 1 2 1 
0
3
1 1 1 1 2 3 
0
3
1 1 1 1 3 1 
0
3
1 1 1 1 3 3 
0
3
1 1 1 1 3 5 
1
3
1 1 1 1 3 7 
1
3
2 1 1 1 2 1 
0
3
2 1 1 1 2 3 
0
3
2 3 1 1 2 1 
0
3
2 3 1 1 2 3 
1
3
1 1 2 1 2 1 
0
3
1 1 2 1 2 3 
0
3
1 1 2 3 2 1 
0
3
1 1 2 3 2 3 
1
3
3 1 2 1 1 1 
0
3
3 3 2 1 1 1 
0
3
2 1 3 1 1 1 
0
3
2 1 3 3 1 1 
0
3
2 1 2 1 2 1 
0
3
2 1 2 1 2 3 
0
3
2 3 2 1 2 1 
0
3
1 1 3 1 2 1 
0
3
1 1 3 3 2 1 
0
3
1 1 2 1 3 1 
0
3
1 1 2 1 3 3 
0
3
3 1 1 1 2 1 
0
3
3 3 1 1 2 1 
0
3
2 1 2 3 2 1 
1
3
2 1 1 1 3 1 
0
3
2 1 1 1 3 3 
0
3
3 1 2 1 2 1 
1
3
3 3 2 1 2 1 
1
3
2 1 3 1 2 1 
1
3
2 1 3 3 2 1 
1
3
2 1 2 1 3 1 
1
3
2 1 2 1 3 3 
1
3
2 3 1 1 3 1 
0
3
2 3 2 1 3 1 
1
3
1 1 3 1 3 1 
1
3
1 1 3 3 3 1 
1
3
1 1 1 1 4 1 
0
3
1 1 2 1 4 1 
1
3
1 1 1 1 4 3 
0
3
1 1 2 1 4 3 
1
3
3 1 3 1 1 1 
1
3
3 3 3 1 1 1 
1
3
1 1 4 1 1 1 
0
3
2 1 4 1 1 1 
1
3
1 1 4 3 1 1 
0
3
2 1 4 3 1 1 
1
3
1 1 3 1 2 3 
0
3
2 1 3 1 2 3 
1
3
2 3 3 1 1 1 
0
3
2 3 3 1 2 1 
1
3
1 1 4 1 2 1 
1
3
1 1 4 3 2 1 
1
3
1 1 3 1 3 3 
1
3
4 1 1 1 1 1 
0
3
4 1 2 1 1 1 
1
3
4 3 1 1 1 1 
0
3
4 3 2 1 1 1 
1
3
3 1 3 3 1 1 
1
3
3 1 1 1 2 3 
0
3
3 1 2 1 2 3 
1

modlinear
1
5 3 96
0
0.000000e+00 1.000000e+00 0 0 0.000000e+00 1.000000e+00 0 0 0.000000e+00 1.000000e+00 0 0 
3
1 1 1 1 1 1 
0
3
2 1 1 1 1 1 
0
3
2 3 1 1 1 1 
0
3
3 1 1 1 1 1 
0
3
3 3 1 1 1 1 
0
3
3 5 1 1 1 1 
1
3
3 7 1 1 1 1 
1
3
1 1 2 1 1 1 
0
3
1 1 2 3 1 1 
0
3
1 1 3 1 1 1 
0
3
1 1 3 3 1 1 
0
3
1 1 3 5 1 1 
1
3
1 1 3 7 1 1 
1
3
2 1 2 1 1 1 
0
3
2 1 2 3 1 1 
0
3
2 3 2 1 1 1 
0
3
2 3 2 3 1 1 
1
3
1 1 1 1 2 1 
0
3
1 1 1 1 2 3 
0
3
1 1 1 1 3 1 
0
3
1 1 1 1 3 3 
0
3
1 1 1 1 3 5 
1
3
1 1 1 1 3 7 
1
3
2 1 1 1 2 1 
0
3
2 1 1 1 2 3 
0
3
2 3 1 1 2 1 
0
3
2 3 1 1 2 3 
1
3
1 1 2 1 2 1 
0
3
1 1 2 1 2 3 
0
3
1 1 2 3 2 1 
0
3
1 1 2 3 2 3 
1
3
3 1 2 1 1 1 
0
3
3 3 2 1 1 1 
0
3
2 1 3 1 1 1 
0
3
2 1 3 3 1 1 
0
3
2 1 2 1 2 1 
0
3
2 1 2 1 2 3 
0
3
2 3 2 1 2 1 
0
3
1 1 3 1 2 1 
0
3
1 1 3 3 2 1 
0
3
1 1 2 1 3 1 
0
3
1 1 2 1 3 3 
0
3
3 1 1 1 2 1 
0
3
3 3 1 1 2 1 
0
3
2 1 2 3 2 1 
1
3
2 1 1 1 3 1 
0
3
2 1 1 1 3 3 
0
3
3 1 2 1 2 1 
0
3
3 3 2 1 2 1 
0
3
2 1 3 1 2 1 
0
3
2 1 3 3 2 1 
0
3
2 1 2 1 3 1 
0
3
2 1 2 1 3 3 
0
3
2 3 1 1 3 1 
0
3
2 3 2 1 3 1 
1
3
1 1 3 1 3 1 
0
3
1 1 3 3 3 1 
1
3
1 1 1 1 4 1 
0
3
1 1 2 1 4 1 
1
3
1 1 1 1 4 3 
0
3
1 1 2 1 4 3 
1
3
3 1 3 1 1 1 
0
3
3 3 3 1 1 1 
0
3
1 1 4 1 1 1 
0
3
2 1 4 1 1 1 
0
3
1 1 4 3 1 1 
0
3
2 1 4 3 1 1 
0
3
1 1 3 1 2 3 
0
3
2 1 3 1 2 3 
1
3
2 3 3 1 1 1 
0
3
2 3 3 1 2 1 
1
3
1 1 4 1 2 1 
0
3
1 1 4 3 2 1 
0
3
1 1 3 1 3 3 
0
3
4 1 1 1 1 1 
0
3
4 1 2 1 1 1 
0
3
4 3 1 1 1 1 
0
3
4 3 2 1 1 1 
0
3
3 1 3 3 1 1 
0
3
3 1 1 1 2 3 
0
3
3 1 2 1 2 3 
1
3
4 1 1 1 2 1 
0
3
4 1 2 1 2 1 
1
3
4 3 1 1 2 1 
0
3
4 3 2 1 2 1 
1
3
3 1 3 1 2 1 
1
3
3 1 3 3 2 1 
1
3
3 1 1 1 3 1 
0
3
3 1 2 1 3 1 
1
3
3 1 1 1 3 3 
0
3
3 1 2 1 3 3 
1
3
3 3 3 1 2 1 
1
3
2 1 4 1 2 1 
1
3
2 1 4 3 2 1 
1
3
2 1 3 1 3 1 
1
3
2 1 3 1 3 3 
1

modlinear
1
5 3 105
0
0.000000e+00 1.000000e+00 0 0 0.000000e+00 1.000000e+00 0 0 0.000000e+00 1.000000e+00 0 0 
3
1 1 1 1 1 1 
0
3
2 1 1 1 1 1 
0
3
2 3 1 1 1 1 
0
3
3 1 1 1 1 1 
0
3
3 3 1 1 1 1 
0
3
3 5 1 1 1 1 
1
3
3 7 1 1 1 1 
1
3
1 1 2 1 1 1 
0
3
1 1 2 3 1 1 
0
3
1 1 3 1 1 1 
0
3
1 1 3 3 1 1 
0
3
1 1 3 5 1 1 
1
3
1 1 3 7 1 1 
1
3
2 1 2 1 1 1 
0
3
2 1 2 3 1 1 
0
3
2 3 2 1 1 1 
0
3
2 3 2 3 1 1 
1
3
1 1 1 1 2 1 
0
3
1 1 1 1 2 3 
0
3
1 1 1 1 3 1 
0
3
1 1 1 1 3 3 
0
3
1 1 1 1 3 5 
1
3
1 1 1 1 3 7 
1
3
2 1 1 1 2 1 
0
3
2 1 1 1 2 3 
0
3
2 3 1 1 2 1 
0
3
2 3 1 1 2 3 
1
3
1 1 2 1 2 1 
0
3
1 1 2 1 2 3 
0
3
1 1 2 3 2 1 
0
3
1 1 2 3 2 3 
1
3
3 1 2 1 1 1 
0
3
3 3 2 1 1 1 
0
3
2 1 3 1 1 1 
0
3
2 1 3 3 1 1 
0
3
2 1 2 1 2 1 
0
3
2 1 2 1 2 3 
0
3
2 3 2 1 2 1 
0
3
1 1 3 1 2 1 
0
3
1 1 3 3 2 1 
0
3
1 1 2 1 3 1 
0
3
1 1 2 1 3 3 
0
3
3 1 1 1 2 1 
0
3
3 3 1 1 2 1 
0
3
2 1 2 3 2 1 
0
3
2 1 1 1 3 1 
0
3
2 1 1 1 3 3 
0
3
3 1 2 1 2 1 
0
3
3 3 2 1 2 1 
0
3
2 1 3 1 2 1 
0
3
2 1 3 3 2 1 
0
3
2 1 2 1 3 1 
0
3
2 1 2 1 3 3 
0
3
2 3 1 1 3 1 
0
3
2 3 2 1 3 1 
1
3
1 1 3 1 3 1 
0
3
1 1 3 3 3 1 
0
3
1 1 1 1 4 1 
0
3
1 1 2 1 4 1 
0
3
1 1 1 1 4 3 
0
3
1 1 2 1 4 3 
0
3
3 1 3 1 1 1 
0
3
3 3 3 1 1 1 
0
3
1 1 4 1 1 1 
0
3
2 1 4 1 1 1 
0
3
1 1 4 3 1 1 
0
3
2 1 4 3 1 1 
0
3
1 1 3 1 2 3 
0
3
2 1 3 1 2 3 
1
3
2 3 3 1 1 1 
0
3
2 3 3 1 2 1 
1
3
1 1 4 1 2 1 
0
3
1 1 4 3 2 1 
0
3
1 1 3 1 3 3 
0
3
4 1 1 1 1 1 
0
3
4 1 2 1 1 1 
0
3
4 3 1 1 1 1 
0
3
4 3 2 1 1 1 
0
3
3 1 3 3 1 1 
0
3
3 1 1 1 2 3 
0
3
3 1 2 1 2 3 
1
3
4 1 1 1 2 1 
0
3
4 1 2 1 2 1 
1
3
4 3 1 1 2 1 
0
3
4 3 2 1 2 1 
1
3
3 1 3 1 2 1 
1
3
3 1 3 3 2 1 
1
3
3 1 1 1 3 1 
0
3
3 1 2 1 3 1 
1
3
3 1 1 1 3 3 
0
3
3 1 2 1 3 3 
1
3
3 3 3 1 2 1 
1
3
2 1 4 1 2 1 
1
3
2 1 4 3 2 1 
1
3
2 1 3 1 3 1 
1
3
2 1 3 1 3 3 
1
3
3 1 2 3 1 1 
0
3
3 1 2 3 2 1 
1
3
3 3 1 1 3 1 
0
3
3 3 2 1 3 1 
1
3
2 1 3 3 3 1 
1
3
2 1 1 1 4 1 
0
3
2 1 2 1 4 1 
1
3
2 1 1 1 4 3 
0
3
2 1 2 1 4 3 
1

modlinear
1
5 3 107
0
0.000000e+00 1.000000e+00 0 0 0.000000e+00 1.000000e+00 0 0 0.000000e+00 1.000000e+00 0 0 
3
1 1 1 1 1 1 
0
3
2 1 1 1 1 1 
0
3
2 3 1 1 1 1 
0
3
3 1 1 1 1 1 
0
3
3 3 1 1 1 1 
0
3
3 5 1 1 1 1 
1
3
3 7 1 1 1 1 
1
3
1 1 2 1 1 1 
0
3
1 1 2 3 1 1 
0
3
1 1 3 1 1 1 
0
3
1 1 3 3 1 1 
0
3
1 1 3 5 1 1 
1
3
1 1 3 7 1 1 
1
3
2 1 2 1 1 1 
0
3
2 1 2 3 1 1 
0
3
2 3 2 1 1 1 
0
3
2 3 2 3 1 1 
1
3
1 1 1 1 2 1 
0
3
1 1 1 1 2 3 
0
3
1 1 1 1 3 1 
0
3
1 1 1 1 3 3 
0
3
1 1 1 1 3 5 
1
3
1 1 1 1 3 7 
1
3
2 1 1 1 2 1 
0
3
2 1 1 1 2 3 
0
3
2 3 1 1 2 1 
0
3
2 3 1 1 2 3 
1
3
1 1 2 1 2 1 
0
3
1 1 2 1 2 3 
0
3
1 1 2 3 2 1 
0
3
1 1 2 3 2 3 
1
3
3 1 2 1 1 1 
0
3
3 3 2 1 1 1 
0
3
2 1 3 1 1 1 
0
3
2 1 3 3 1 1 
0
3
2 1 2 1 2 1 
0
3
2 1 2 1 2 3 
0
3
2 3 2 1 2 1 
0
3
1 1 3 1 2 1 
0
3
1 1 3 3 2 1 
0
3
1 1 2 1 3 1 
0
3
1 1 2 1 3 3 
0
3
3 1 1 1 2 1 
0
3
3 3 1 1 2 1 
0
3
2 1 2 3 2 1 
0
3
2 1 1 1 3 1 
0
3
2 1 1 1 3 3 
0
3
3 1 2 1 2 1 
0
3
3 3 2 1 2 1 
0
3
2 1 3 1 2 1 
0
3
2 1 3 3 2 1 
0
3
2 1 2 1 3 1 
0
3
2 1 2 1 3 3 
0
3
2 3 1 1 3 1 
0
3
2 3 2 1 3 1 
1
3
1 1 3 1 3 1 
0
3
1 1 3 3 3 1 
0
3
1 1 1 1 4 1 
0
3
1 1 2 1 4 1 
0
3
1 1 1 1 4 3 
0
3
1 1 2 1 4 3 
0
3
3 1 3 1 1 1 
0
3
3 3 3 1 1 1 
0
3
1 1 4 1 1 1 
0
3
2 1 4 1 1 1 
0
3
1 1 4 3 1 1 
0
3
2 1 4 3 1 1 
0
3
1 1 3 1 2 3 
0
3
2 1 3 1 2 3 
1
3
2 3 3 1 1 1 
0
3
2 3 3 1 2 1 
1
3
1 1 4 1 2 1 
0
3
1 1 4 3 2 1 
0
3
1 1 3 1 3 3 
0
3
4 1 1 1 1 1 
0
3
4 1 2 1 1 1 
0
3
4 3 1 1 1 1 
0
3
4 3 2 1 1 1 
0
3
3 1 3 3 1 1 
0
3
3 1 1 1 2 3 
0
3
3 1 2 1 2 3 
1
3
4 1 1 1 2 1 
0
3
4 1 2 1 2 1 
1
3
4 3 1 1 2 1 
0
3
4 3 2 1 2 1 
1
3
3 1 3 1 2 1 
1
3
3 1 3 3 2 1 
1
3
3 1 1 1 3 1 
0
3
3 1 2 1 3 1 
1
3
3 1 1 1 3 3 
0
3
3 1 2 1 3 3 
1
3
3 3 3 1 2 1 
1
3
2 1 4 1 2 1 
1
3
2 1 4 3 2 1 
1
3
2 1 3 1 3 1 
1
3
2 1 3 1 3 3 
1
3
3 1 2 3 1 1 
0
3
3 1 2 3 2 1 
1
3
3 3 1 1 3 1 
0
3
3 3 2 1 3 1 
1
3
2 1 3 3 3 1 
1
3
2 1 1 1 4 1 
0
3
2 1 2 1 4 1 
1
3
2 1 1 1 4 3 
0
3
2 1 2 1 4 3 
1
3
1 1 2 3 3 1 
0
3
2 1 2 3 3 1 
1

modlinear
1
5 3 119
0
0.000000e+00 1.000000e+00 0 0 0.000000e+00 1.000000e+00 0 0 0.000000e+00 1.000000e+00 0 0 
3
1 1 1 1 1 1 
0
3
2 1 1 1 1 1 
0
3
2 3 1 1 1 1 
0
3
3 1 1 1 1 1 
0
3
3 3 1 1 1 1 
0
3
3 5 1 1 1 1 
1
3
3 7 1 1 1 1 
1
3
1 1 2 1 1 1 
0
3
1 1 2 3 1 1 
0
3
1 1 3 1 1 1 
0
3
1 1 3 3 1 1 
0
3
1 1 3 5 1 1 
1
3
1 1 3 7 1 1 
1
3
2 1 2 1 1 1 
0
3
2 1 2 3 1 1 
0
3
2 3 2 1 1 1 
0
3
2 3 2 3 1 1 
1
3
1 1 1 1 2 1 
0
3
1 1 1 1 2 3 
0
3
1 1 1 1 3 1 
0
3
1 1 1 1 3 3 
0
3
1 1 1 1 3 5 
1
3
1 1 1 1 3 7 
1
3
2 1 1 1 2 1 
0
3
2 1 1 1 2 3 
0
3
2 3 1 1 2 1 
0
3
2 3 1 1 2 3 
1
3
1 1 2 1 2 1 
0
3
1 1 2 1 2 3 
0
3
1 1 2 3 2 1 
0
3
1 1 2 3 2 3 
1
3
3 1 2 1 1 1 
0
3
3 3 2 1 1 1 
0
3
2 1 3 1 1 1 
0
3
2 1 3 3 1 1 
0
3
2 1 2 1 2 1 
0
3
2 1 2 1 2 3 
0
3
2 3 2 1 2 1 
0
3
1 1 3 1 2 1 
0
3
1 1 3 3 2 1 
0
3
1 1 2 1 3 1 
0
3
1 1 2 1 3 3 
0
3
3 1 1 1 2 1 
0
3
3 3 1 1 2 1 
0
3
2 1 2 3 2 1 
0
3
2 1 1 1 3 1 
0
3
2 1 1 1 3 3 
0
3
3 1 2 1 2 1 
0
3
3 3 2 1 2 1 
0
3
2 1 3 1 2 1 
0
3
2 1 3 3 2 1 
0
3
2 1 2 1 3 1 
0
3
2 1 2 1 3 3 
0
3
2 3 1 1 3 1 
0
3
2 3 2 1 3 1 
0
3
1 1 3 1 3 1 
0
3
1 1 3 3 3 1 
0
3
1 1 1 1 4 1 
0
3
1 1 2 1 4 1 
0
3
1 1 1 1 4 3 
0
3
1 1 2 1 4 3 
0
3
3 1 3 1 1 1 
0
3
3 3 3 1 1 1 
0
3
1 1 4 1 1 1 
0
3
2 1 4 1 1 1 
0
3
1 1 4 3 1 1 
0
3
2 1 4 3 1 1 
0
3
1 1 3 1 2 3 
0
3
2 1 3 1 2 3 
1
3
2 3 3 1 1 1 
0
3
2 3 3 1 2 1 
0
3
1 1 4 1 2 1 
0
3
1 1 4 3 2 1 
0
3
1 1 3 1 3 3 
0
3
4 1 1 1 1 1 
0
3
4 1 2 1 1 1 
0
3
4 3 1 1 1 1 
0
3
4 3 2 1 1 1 
0
3
3 1 3 3 1 1 
0
3
3 1 1 1 2 3 
0
3
3 1 2 1 2 3 
1
3
4 1 1 1 2 1 
0
3
4 1 2 1 2 1 
1
3
4 3 1 1 2 1 
0
3
4 3 2 1 2 1 
1
3
3 1 3 1 2 1 
1
3
3 1 3 3 2 1 
1
3
3 1 1 1 3 1 
0
3
3 1 2 1 3 1 
1
3
3 1 1 1 3 3 
0
3
3 1 2 1 3 3 
1
3
3 3 3 1 2 1 
1
3
2 1 4 1 2 1 
1
3
2 1 4 3 2 1 
1
3
2 1 3 1 3 1 
1
3
2 1 3 1 3 3 
1
3
3 1 2 3 1 1 
0
3
3 1 2 3 2 1 
1
3
3 3 1 1 3 1 
0
3
3 3 2 1 3 1 
1
3
2 1 3 3 3 1 
1
3
2 1 1 1 4 1 
0
3
2 1 2 1 4 1 
1
3
2 1 1 1 4 3 
0
3
2 1 2 1 4 3 
1
3
1 1 2 3 3 1 
0
3
2 1 2 3 3 1 
1
3
2 3 3 1 3 1 
1
3
1 1 4 1 3 1 
1
3
1 1 4 3 3 1 
1
3
1 1 3 1 4 1 
1
3
1 1 3 1 4 3 
1
3
2 3 1 1 4 1 
0
3
2 3 2 1 4 1 
1
3
1 1 3 3 4 1 
1
3
1 1 1 1 5 1 
0
3
1 1 2 1 5 1 
1
3
1 1 1 1 5 3 
0
3
1 1 2 1 5 3 
1

modlinear
1
5 3 134
0
0.000000e+00 1.000000e+00 0 0 0.000000e+00 1.000000e+00 0 0 0.000000e+00 1.000000e+00 0 0 
3
1 1 1 1 1 1 
0
3
2 1 1 1 1 1 
0
3
2 3 1 1 1 1 
0
3
3 1 1 1 1 1 
0
3
3 3 1 1 1 1 
0
3
3 5 1 1 1 1 
1
3
3 7 1 1 1 1 
1
3
1 1 2 1 1 1 
0
3
1 1 2 3 1 1 
0
3
1 1 3 1 1 1 
0
3
1 1 3 3 1 1 
0
3
1 1 3 5 1 1 
1
3
1 1 3 7 1 1 
1
3
2 1 2 1 1 1 
0
3
2 1 2 3 1 1 
0
3
2 3 2 1 1 1 
0
3
2 3 2 3 1 1 
1
3
1 1 1 1 2 1 
0
3
1 1 1 1 2 3 
0
3
1 1 1 1 3 1 
0
3
1 1 1 1 3 3 
0
3
1 1 1 1 3 5 
1
3
1 1 1 1 3 7 
1
3
2 1 1 1 2 1 
0
3
2 1 1 1 2 3 
0
3
2 3 1 1 2 1 
0
3
2 3 1 1 2 3 
1
3
1 1 2 1 2 1 
0
3
1 1 2 1 2 3 
0
3
1 1 2 3 2 1 
0
3
1 1 2 3 2 3 
1
3
3 1 2 1 1 1 
0
3
3 3 2 1 1 1 
0
3
2 1 3 1 1 1 
0
3
2 1 3 3 1 1 
0
3
2 1 2 1 2 1 
0
3
2 1 2 1 2 3 
0
3
2 3 2 1 2 1 
0
3
1 1 3 1 2 1 
0
3
1 1 3 3 2 1 
0
3
1 1 2 1 3 1 
0
3
1 1 2 1 3 3 
0
3
3 1 1 1 2 1 
0
3
3 3 1 1 2 1 
0
3
2 1 2 3 2 1 
0
3
2 1 1 1 3 1 
0
3
2 1 1 1 3 3 
0
3
3 1 2 1 2 1 
0
3
3 3 2 1 2 1 
0
3
2 1 3 1 2 1 
0
3
2 1 3 3 2 1 
0
3
2 1 2 1 3 1 
0
3
2 1 2 1 3 3 
0
3
2 3 1 1 3 1 
0
3
2 3 2 1 3 1 
0
3
1 1 3 1 3 1 
0
3
1 1 3 3 3 1 
0
3
1 1 1 1 4 1 
0
3
1 1 2 1 4 1 
0
3
1 1 1 1 4 3 
0
3
1 1 2 1 4 3 
0
3
3 1 3 1 1 1 
0
3
3 3 3 1 1 1 
0
3
1 1 4 1 1 1 
0
3
2 1 4 1 1 1 
0
3
1 1 4 3 1 1 
0
3
2 1 4 3 1 1 
0
3
1 1 3 1 2 3 
0
3
2 1 3 1 2 3 
1
3
2 3 3 1 1 1 
0
3
2 3 3 1 2 1 
0
3
1 1 4 1 2 1 
0
3
1 1 4 3 2 1 
0
3
1 1 3 1 3 3 
0
3
4 1 1 1 1 1 
0
3
4 1 2 1 1 1 
0
3
4 3 1 1 1 1 
0
3
4 3 2 1 1 1 
0
3
3 1 3 3 1 1 
0
3
3 1 1 1 2 3 
0
3
3 1 2 1 2 3 
0
3
4 1 1 1 2 1 
0
3
4 1 2 1 2 1 
1
3
4 3 1 1 2 1 
0
3
4 3 2 1 2 1 
1
3
3 1 3 1 2 1 
1
3
3 1 3 3 2 1 
1
3
3 1 1 1 3 1 
0
3
3 1 2 1 3 1 
1
3
3 1 1 1 3 3 
0
3
3 1 2 1 3 3 
1
3
3 3 3 1 2 1 
1
3
2 1 4 1 2 1 
1
3
2 1 4 3 2 1 
1
3
2 1 3 1 3 1 
1
3
2 1 3 1 3 3 
1
3
3 1 2 3 1 1 
0
3
3 1 2 3 2 1 
1
3
3 3 1 1 3 1 
0
3
3 3 2 1 3 1 
1
3
2 1 3 3 3 1 
1
3
2 1 1 1 4 1 
0
3
2 1 2 1 4 1 
1
3
2 1 1 1 4 3 
0
3
2 1 2 1 4 3 
1
3
1 1 2 3 3 1 
0
3
2 1 2 3 3 1 
1
3
2 3 3 1 3 1 
1
3
1 1 4 1 3 1 
1
3
1 1 4 3 3 1 
1
3
1 1 3 1 4 1 
1
3
1 1 3 1 4 3 
1
3
2 3 1 1 4 1 
0
3
2 3 2 1 4 1 
1
3
1 1 3 3 4 1 
1
3
1 1 1 1 5 1 
0
3
1 1 2 1 5 1 
1
3
1 1 1 1 5 3 
0
3
1 1 2 1 5 3 
1
3
5 1 1 1 1 1 
0
3
5 1 2 1 1 1 
1
3
5 3 1 1 1 1 
0
3
5 3 2 1 1 1 
1
3
4 1 3 1 1 1 
1
3
4 1 3 3 1 1 
1
3
4 1 1 1 2 3 
0
3
4 1 2 1 2 3 
1
3
2 3 4 1 1 1 
0
3
2 3 4 1 2 1 
1
3
1 1 5 1 1 1 
0
3
1 1 5 1 2 1 
1
3
1 1 5 3 1 1 
0
3
1 1 5 3 2 1 
1
3
1 1 4 1 3 3 
1

modlinear
1
5 3 143
0
0.000000e+00 1.000000e+00 0 0 0.000000e+00 1.000000e+00 0 0 0.000000e+00 1.000000e+00 0 0 
3
1 1 1 1 1 1 
0
3
2 1 1 1 1 1 
0
3
2 3 1 1 1 1 
0
3
3 1 1 1 1 1 
0
3
3 3 1 1 1 1 
0
3
3 5 1 1 1 1 
1
3
3 7 1 1 1 1 
1
3
1 1 2 1 1 1 
0
3
1 1 2 3 1 1 
0
3
1 1 3 1 1 1 
0
3
1 1 3 3 1 1 
0
3
1 1 3 5 1 1 
1
3
1 1 3 7 1 1 
1
3
2 1 2 1 1 1 
0
3
2 1 2 3 1 1 
0
3
2 3 2 1 1 1 
0
3
2 3 2 3 1 1 
1
3
1 1 1 1 2 1 
0
3
1 1 1 1 2 3 
0
3
1 1 1 1 3 1 
0
3
1 1 1 1 3 3 
0
3
1 1 1 1 3 5 
1
3
1 1 1 1 3 7 
1
3
2 1 1 1 2 1 
0
3
2 1 1 1 2 3 
0
3
2 3 1 1 2 1 
0
3
2 3 1 1 2 3 
1
3
1 1 2 1 2 1 
0
3
1 1 2 1 2 3 
0
3
1 1 2 3 2 1 
0
3
1 1 2 3 2 3 
1
3
3 1 2 1 1 1 
0
3
3 3 2 1 1 1 
0
3
2 1 3 1 1 1 
0
3
2 1 3 3 1 1 
0
3
2 1 2 1 2 1 
0
3
2 1 2 1 2 3 
0
3
2 3 2 1 2 1 
0
3
1 1 3 1 2 1 
0
3
1 1 3 3 2 1 
0
3
1 1 2 1 3 1 
0
3
1 1 2 1 3 3 
0
3
3 1 1 1 2 1 
0
3
3 3 1 1 2 1 
0
3
2 1 2 3 2 1 
0
3
2 1 1 1 3 1 
0
3
2 1 1 1 3 3 
0
3
3 1 2 1 2 1 
0
3
3 3 2 1 2 1 
0
3
2 1 3 1 2 1 
0
3
2 1 3 3 2 1 
0
3
2 1 2 1 3 1 
0
3
2 1 2 1 3 3 
0
3
2 3 1 1 3 1 
0
3
2 3 2 1 3 1 
0
3
1 1 3 1 3 1 
0
3
1 1 3 3 3 1 
0
3
1 1 1 1 4 1 
0
3
1 1 2 1 4 1 
0
3
1 1 1 1 4 3 
0
3
1 1 2 1 4 3 
0
3
3 1 3 1 1 1 
0
3
3 3 3 1 1 1 
0
3
1 1 4 1 1 1 
0
3
2 1 4 1 1 1 
0
3
1 1 4 3 1 1 
0
3
2 1 4 3 1 1 
0
3
1 1 3 1 2 3 
0
3
2 1 3 1 2 3 
0
3
2 3 3 1 1 1 
0
3
2 3 3 1 2 1 
0
3
1 1 4 1 2 1 
0
3
1 1 4 3 2 1 
0
3
1 1 3 1 3 3 
0
3
4 1 1 1 1 1 
0
3
4 1 2 1 1 1 
0
3
4 3 1 1 1 1 
0
3
4 3 2 1 1 1 
0
3
3 1 3 3 1 1 
0
3
3 1 1 1 2 3 
0
3
3 1 2 1 2 3 
0
3
4 1 1 1 2 1 
0
3
4 1 2 1 2 1 
1
3
4 3 1 1 2 1 
0
3
4 3 2 1 2 1 
1
3
3 1 3 1 2 1 
1
3
3 1 3 3 2 1 
1
3
3 1 1 1 3 1 
0
3
3 1 2 1 3 1 
1
3
3 1 1 1 3 3 
0
3
3 1 2 1 3 3 
1
3
3 3 3 1 2 1 
1
3
2 1 4 1 2 1 
1
3
2 1 4 3 2 1 
1
3
2 1 3 1 3 1 
1
3
2 1 3 1 3 3 
1
3
3 1 2 3 1 1 
0
3
3 1 2 3 2 1 
1
3
3 3 1 1 3 1 
0
3
3 3 2 1 3 1 
1
3
2 1 3 3 3 1 
1
3
2 1 1 1 4 1 
0
3
2 1 2 1 4 1 
1
3
2 1 1 1 4 3 
0
3
2 1 2 1 4 3 
1
3
1 1 2 3 3 1 
0
3
2 1 2 3 3 1 
1
3
2 3 3 1 3 1 
1
3
1 1 4 1 3 1 
1
3
1 1 4 3 3 1 
1
3
1 1 3 1 4 1 
1
3
1 1 3 1 4 3 
1
3
2 3 1 1 4 1 
0
3
2 3 2 1 4 1 
1
3
1 1 3 3 4 1 
1
3
1 1 1 1 5 1 
0
3
1 1 2 1 5 1 
1
3
1 1 1 1 5 3 
0
3
1 1 2 1 5 3 
1
3
5 1 1 1 1 1 
0
3
5 1 2 1 1 1 
1
3
5 3 1 1 1 1 
0
3
5 3 2 1 1 1 
1
3
4 1 3 1 1 1 
1
3
4 1 3 3 1 1 
1
3
4 1 1 1 2 3 
0
3
4 1 2 1 2 3 
1
3
2 3 4 1 1 1 
0
3
2 3 4 1 2 1 
1
3
1 1 5 1 1 1 
0
3
1 1 5 1 2 1 
1
3
1 1 5 3 1 1 
0
3
1 1 5 3 2 1 
1
3
1 1 4 1 3 3 
1
3
3 1 4 1 1 1 
1
3
3 3 4 1 1 1 
1
3
2 1 5 1 1 1 
1
3
2 1 5 3 1 1 
1
3
1 1 4 1 2 3 
0
3
2 1 4 1 2 3 
1
3
4 3 3 1 1 1 
1
3
3 1 4 3 1 1 
1
3
3 1 3 1 2 3 
1

modlinear
1
5 3 159
0
0.000000e+00 1.000000e+00 0 0 0.000000e+00 1.000000e+00 0 0 0.000000e+00 1.000000e+00 0 0 
3
1 1 1 1 1 1 
0
3
2 1 1 1 1 1 
0
3
2 3 1 1 1 1 
0
3
3 1 1 1 1 1 
0
3
3 3 1 1 1 1 
0
3
3 5 1 1 1 1 
1
3
3 7 1 1 1 1 
1
3
1 1 2 1 1 1 
0
3
1 1 2 3 1 1 
0
3
1 1 3 1 1 1 
0
3
1 1 3 3 1 1 
0
3
1 1 3 5 1 1 
1
3
1 1 3 7 1 1 
1
3
2 1 2 1 1 1 
0
3
2 1 2 3 1 1 
0
3
2 3 2 1 1 1 
0
3
2 3 2 3 1 1 
1
3
1 1 1 1 2 1 
0
3
1 1 1 1 2 3 
0
3
1 1 1 1 3 1 
0
3
1 1 1 1 3 3 
0
3
1 1 1 1 3 5 
1
3
1 1 1 1 3 7 
1
3
2 1 1 1 2 1 
0
3
2 1 1 1 2 3 
0
3
2 3 1 1 2 1 
0
3
2 3 1 1 2 3 
1
3
1 1 2 1 2 1 
0
3
1 1 2 1 2 3 
0
3
1 1 2 3 2 1 
0
3
1 1 2 3 2 3 
1
3
3 1 2 1 1 1 
0
3
3 3 2 1 1 1 
0
3
2 1 3 1 1 1 
0
3
2 1 3 3 1 1 
0
3
2 1 2 1 2 1 
0
3
2 1 2 1 2 3 
0
3
2 3 2 1 2 1 
0
3
1 1 3 1 2 1 
0
3
1 1 3 3 2 1 
0
3
1 1 2 1 3 1 
0
3
1 1 2 1 3 3 
0
3
3 1 1 1 2 1 
0
3
3 3 1 1 2 1 
0
3
2 1 2 3 2 1 
0
3
2 1 1 1 3 1 
0
3
2 1 1 1 3 3 
0
3
3 1 2 1 2 1 
0
3
3 3 2 1 2 1 
0
3
2 1 3 1 2 1 
0
3
2 1 3 3 2 1 
0
3
2 1 2 1 3 1 
0
3
2 1 2 1 3 3 
0
3
2 3 1 1 3 1 
0
3
2 3 2 1 3 1 
0
3
1 1 3 1 3 1 
0
3
1 1 3 3 3 1 
0
3
1 1 1 1 4 1 
0
3
1 1 2 1 4 1 
0
3
1 1 1 1 4 3 
0
3
1 1 2 1 4 3 
0
3
3 1 3 1 1 1 
0
3
3 3 3 1 1 1 
0
3
1 1 4 1 1 1 
0
3
2 1 4 1 1 1 
0
3
1 1 4 3 1 1 
0
3
2 1 4 3 1 1 
0
3
1 1 3 1 2 3 
0
3
2 1 3 1 2 3 
0
3
2 3 3 1 1 1 
0
3
2 3 3 1 2 1 
0
3
1 1 4 1 2 1 
0
3
1 1 4 3 2 1 
0
3
1 1 3 1 3 3 
0
3
4 1 1 1 1 1 
0
3
4 1 2 1 1 1 
0
3
4 3 1 1 1 1 
0
3
4 3 2 1 1 1 
0
3
3 1 3 3 1 1 
0
3
3 1 1 1 2 3 
0
3
3 1 2 1 2 3 
0
3
4 1 1 1 2 1 
0
3
4 1 2 1 2 1 
1
3
4 3 1 1 2 1 
0
3
4 3 2 1 2 1 
1
3
3 1 3 1 2 1 
0
3
3 1 3 3 2 1 
1
3
3 1 1 1 3 1 
0
3
3 1 2 1 3 1 
0
3
3 1 1 1 3 3 
0
3
3 1 2 1 3 3 
1
3
3 3 3 1 2 1 
0
3
2 1 4 1 2 1 
0
3
2 1 4 3 2 1 
1
3
2 1 3 1 3 1 
0
3
2 1 3 1 3 3 
0
3
3 1 2 3 1 1 
0
3
3 1 2 3 2 1 
1
3
3 3 1 1 3 1 
0
3
3 3 2 1 3 1 
0
3
2 1 3 3 3 1 
0
3
2 1 1 1 4 1 
0
3
2 1 2 1 4 1 
0
3
2 1 1 1 4 3 
0
3
2 1 2 1 4 3 
1
3
1 1 2 3 3 1 
0
3
2 1 2 3 3 1 
1
3
2 3 3 1 3 1 
1
3
1 1 4 1 3 1 
0
3
1 1 4 3 3 1 
1
3
1 1 3 1 4 1 
0
3
1 1 3 1 4 3 
1
3
2 3 1 1 4 1 
0
3
2 3 2 1 4 1 
1
3
1 1 3 3 4 1 
0
3
1 1 1 1 5 1 
0
3
1 1 2 1 5 1 
0
3
1 1 1 1 5 3 
0
3
1 1 2 1 5 3 
0
3
5 1 1 1 1 1 
0
3
5 1 2 1 1 1 
1
3
5 3 1 1 1 1 
0
3
5 3 2 1 1 1 
1
3
4 1 3 1 1 1 
1
3
4 1 3 3 1 1 
1
3
4 1 1 1 2 3 
0
3
4 1 2 1 2 3 
1
3
2 3 4 1 1 1 
0
3
2 3 4 1 2 1 
1
3
1 1 5 1 1 1 
0
3
1 1 5 1 2 1 
0
3
1 1 5 3 1 1 
0
3
1 1 5 3 2 1 
0
3
1 1 4 1 3 3 
0
3
3 1 4 1 1 1 
0
3
3 3 4 1 1 1 
0
3
2 1 5 1 1 1 
0
3
2 1 5 3 1 1 
0
3
1 1 4 1 2 3 
0
3
2 1 4 1 2 3 
1
3
4 3 3 1 1 1 
1
3
3 1 4 3 1 1 
1
3
3 1 3 1 2 3 
1
3
3 1 4 1 2 1 
1
3
3 3 4 1 2 1 
1
3
2 1 5 1 2 1 
1
3
2 1 5 3 2 1 
1
3
2 1 4 1 3 1 
1
3
2 1 4 1 3 3 
1
3
3 1 1 1 4 1 
0
3
3 1 2 1 4 1 
1
3
3 3 1 1 4 1 
0
3
3 3 2 1 4 1 
1
3
2 1 3 1 4 1 
1
3
2 1 3 3 4 1 
1
3
2 1 1 1 5 1 
0
3
2 1 2 1 5 1 
1
3
2 1 1 1 5 3 
0
3
2 1 2 1 5 3 
1

modlinear
1
5 3 186
0
0.000000e+00 1.000000e+00 0 0 0.000000e+00 1.000000e+00 0 0 0.000000e+00 1.000000e+00 0 0 
3
1 1 1 1 1 1 
0
3
2 1 1 1 1 1 
0
3
2 3 1 1 1 1 
0
3
3 1 1 1 1 1 
0
3
3 3 1 1 1 1 
0
3
3 5 1 1 1 1 
1
3
3 7 1 1 1 1 
1
3
1 1 2 1 1 1 
0
3
1 1 2 3 1 1 
0
3
1 1 3 1 1 1 
0
3
1 1 3 3 1 1 
0
3
1 1 3 5 1 1 
1
3
1 1 3 7 1 1 
1
3
2 1 2 1 1 1 
0
3
2 1 2 3 1 1 
0
3
2 3 2 1 1 1 
0
3
2 3 2 3 1 1 
1
3
1 1 1 1 2 1 
0
3
1 1 1 1 2 3 
0
3
1 1 1 1 3 1 
0
3
1 1 1 1 3 3 
0
3
1 1 1 1 3 5 
1
3
1 1 1 1 3 7 
1
3
2 1 1 1 2 1 
0
3
2 1 1 1 2 3 
0
3
2 3 1 1 2 1 
0
3
2 3 1 1 2 3 
1
3
1 1 2 1 2 1 
0
3
1 1 2 1 2 3 
0
3
1 1 2 3 2 1 
0
3
1 1 2 3 2 3 
1
3
3 1 2 1 1 1 
0
3
3 3 2 1 1 1 
0
3
2 1 3 1 1 1 
0
3
2 1 3 3 1 1 
0
3
2 1 2 1 2 1 
0
3
2 1 2 1 2 3 
0
3
2 3 2 1 2 1 
0
3
1 1 3 1 2 1 
0
3
1 1 3 3 2 1 
0
3
1 1 2 1 3 1 
0
3
1 1 2 1 3 3 
0
3
3 1 1 1 2 1 
0
3
3 3 1 1 2 1 
0
3
2 1 2 3 2 1 
0
3
2 1 1 1 3 1 
0
3
2 1 1 1 3 3 
0
3
3 1 2 1 2 1 
0
3
3 3 2 1 2 1 
0
3
2 1 3 1 2 1 
0
3
2 1 3 3 2 1 
0
3
2 1 2 1 3 1 
0
3
2 1 2 1 3 3 
0
3
2 3 1 1 3 1 
0
3
2 3 2 1 3 1 
0
3
1 1 3 1 3 1 
0
3
1 1 3 3 3 1 
0
3
1 1 1 1 4 1 
0
3
1 1 2 1 4 1 
0
3
1 1 1 1 4 3 
0
3
1 1 2 1 4 3 
0
3
3 1 3 1 1 1 
0
3
3 3 3 1 1 1 
0
3
1 1 4 1 1 1 
0
3
2 1 4 1 1 1 
0
3
1 1 4 3 1 1 
0
3
2 1 4 3 1 1 
0
3
1 1 3 1 2 3 
0
3
2 1 3 1 2 3 
0
3
2 3 3 1 1 1 
0
3
2 3 3 1 2 1 
0
3
1 1 4 1 2 1 
0
3
1 1 4 3 2 1 
0
3
1 1 3 1 3 3 
0
3
4 1 1 1 1 1 
0
3
4 1 2 1 1 1 
0
3
4 3 1 1 1 1 
0
3
4 3 2 1 1 1 
0
3
3 1 3 3 1 1 
0
3
3 1 1 1 2 3 
0
3
3 1 2 1 2 3 
0
3
4 1 1 1 2 1 
0
3
4 1 2 1 2 1 
1
3
4 3 1 1 2 1 
0
3
4 3 2 1 2 1 
1
3
3 1 3 1 2 1 
0
3
3 1 3 3 2 1 
1
3
3 1 1 1 3 1 
0
3
3 1 2 1 3 1 
0
3
3 1 1 1 3 3 
0
3
3 1 2 1 3 3 
1
3
3 3 3 1 2 1 
0
3
2 1 4 1 2 1 
0
3
2 1 4 3 2 1 
0
3
2 1 3 1 3 1 
0
3
2 1 3 1 3 3 
0
3
3 1 2 3 1 1 
0
3
3 1 2 3 2 1 
1
3
3 3 1 1 3 1 
0
3
3 3 2 1 3 1 
0
3
2 1 3 3 3 1 
0
3
2 1 1 1 4 1 
0
3
2 1 2 1 4 1 
0
3
2 1 1 1 4 3 
0
3
2 1 2 1 4 3 
1
3
1 1 2 3 3 1 
0
3
2 1 2 3 3 1 
1
3
2 3 3 1 3 1 
1
3
1 1 4 1 3 1 
0
3
1 1 4 3 3 1 
0
3
1 1 3 1 4 1 
0
3
1 1 3 1 4 3 
1
3
2 3 1 1 4 1 
0
3
2 3 2 1 4 1 
1
3
1 1 3 3 4 1 
0
3
1 1 1 1 5 1 
0
3
1 1 2 1 5 1 
0
3
1 1 1 1 5 3 
0
3
1 1 2 1 5 3 
0
3
5 1 1 1 1 1 
0
3
5 1 2 1 1 1 
1
3
5 3 1 1 1 1 
0
3
5 3 2 1 1 1 
1
3
4 1 3 1 1 1 
1
3
4 1 3 3 1 1 
1
3
4 1 1 1 2 3 
0
3
4 1 2 1 2 3 
1
3
2 3 4 1 1 1 
0
3
2 3 4 1 2 1 
1
3
1 1 5 1 1 1 
0
3
1 1 5 1 2 1 
0
3
1 1 5 3 1 1 
0
3
1 1 5 3 2 1 
0
3
1 1 4 1 3 3 
0
3
3 1 4 1 1 1 
0
3
3 3 4 1 1 1 
0
3
2 1 5 1 1 1 
0
3
2 1 5 3 1 1 
0
3
1 1 4 1 2 3 
0
3
2 1 4 1 2 3 
1
3
4 3 3 1 1 1 
1
3
3 1 4 3 1 1 
1
3
3 1 3 1 2 3 
1
3
3 1 4 1 2 1 
1
3
3 3 4 1 2 1 
1
3
2 1 5 1 2 1 
1
3
2 1 5 3 2 1 
1
3
2 1 4 1 3 1 
0
3
2 1 4 1 3 3 
1
3
3 1 1 1 4 1 
0
3
3 1 2 1 4 1 
0
3
3 3 1 1 4 1 
0
3
3 3 2 1 4 1 
0
3
2 1 3 1 4 1 
0
3
2 1 3 3 4 1 
0
3
2 1 1 1 5 1 
0
3
2 1 2 1 5 1 
0
3
2 1 1 1 5 3 
0
3
2 1 2 1 5 3 
0
3
3 1 3 1 3 1 
0
3
3 1 3 1 4 1 
1
3
3 3 3 1 3 1 
0
3
3 3 3 1 4 1 
1
3
1 1 4 1 4 1 
0
3
2 1 4 1 4 1 
1
3
1 1 4 3 4 1 
0
3
2 1 4 3 3 1 
0
3
2 1 4 3 4 1 
1
3
1 1 3 1 5 1 
0
3
2 1 3 1 5 1 
1
3
1 1 3 1 5 3 
0
3
2 1 3 1 5 3 
1
3
3 1 1 1 5 1 
0
3
3 1 2 1 5 1 
1
3
3 3 1 1 5 1 
0
3
3 3 2 1 5 1 
1
3
1 1 3 3 5 1 
0
3
2 1 3 3 5 1 
1
3
1 1 1 1 6 1 
0
3
1 1 2 1 6 1 
0
3
2 1 1 1 6 1 
0
3
2 1 2 1 6 1 
1
3
1 1 1 1 6 3 
0
3
1 1 2 1 6 3 
0
3
2 1 1 1 6 3 
0
3
2 1 2 1 6 3 
1

