10,0.7
20,0.9
30,0.9
40,0.6
50,0.6
60,0.8
70,0.6
80,0.3
90,0.7
100,0.6
110,0.7
120,0.5
130,0.5
140,0.4
150,0.6
160,0.8
170,1
180,0.5
190,0.6
200,0.6
210,0.9
220,0.7
230,0.7
240,0.7
250,0.8
260,0.3
270,0.7
280,0.7
290,0.7
300,0.3
310,0.6
320,0.6
330,0.6
340,1
350,0.6
360,0.9
370,0.4
380,0.5
390,0.8
400,0.8
410,0.5
420,0.8
430,0.6
440,0.7
450,0.7
460,0.5
470,0.8
480,0.7
490,0.8
500,0.8
510,0.8
520,0.7
530,0.4
540,0.4
550,0.9
560,0.9
570,0.8
580,0.8
590,0.7
600,0.6
610,0.6
620,0.7
630,0.8
640,0.8
650,0.5
660,0.5
670,0.9
680,0.8
690,0.8
700,0.7
710,0.9
720,0.9
730,0.8
740,0.8
750,0.8
760,0.8
770,0.6
780,0.8
790,0.7
800,0.8
810,0.7
820,0.7
830,0.9
840,0.8
850,0.7
860,0.5
870,0.7
880,0.7
890,0.4
900,0.8
910,0.8
920,0.8
930,0.6
940,0.7
950,0.6
960,0.4
970,0.8
980,0.8
990,0.8
1000,0.5
1010,0.4
1020,0.5
1030,0.9
1040,0.8
1050,0.9
1060,0.6
1070,0.4
1080,0.7
1090,0.7
1100,1
1110,0.7
1120,0.9
1130,0.8
1140,0.7
1150,0.5
1160,0.7
1170,0.7
1180,0.7
1190,0.8
1200,0.9
1210,0.8
1220,0.9
1230,0.5
1240,0.6
1250,0.7
1260,0.6
1270,0.8
1280,0.9
1290,0.9
1300,0.8
1310,0.8
1320,0.6
1330,0.9
1340,1
1350,0.9
1360,0.8
1370,0.9
1380,0.8
1390,0.9
1400,0.8
1410,0.6
1420,0.4
1430,0.8
1440,0.8
1450,0.8
1460,0.6
1470,0.8
1480,0.9
1490,0.8
1500,0.8
1510,0.7
1520,1
1530,0.7
1540,0.7
1550,0.6
1560,0.8
1570,0.8
1580,0.8
1590,0.8
1600,0.6
1610,0.8
1620,0.8
1630,0.7
1640,0.7
1650,0.8
1660,0.8
1670,0.6
1680,0.8
1690,0.9
1700,0.9
1710,1
1720,0.7
1730,0.6
1740,0.8
1750,0.9
1760,0.9
1770,1
1780,0.9
1790,0.8
1800,0.8
1810,0.7
1820,0.8
1830,0.8
1840,0.7
1850,0.7
1860,0.9
1870,0.7
1880,0.6
1890,0.9
1900,0.9
1910,0.7
1920,0.6
1930,0.9
1940,0.7
1950,0.8
1960,0.5
1970,0.8
1980,0.7
1990,0.8
2000,0.6
2010,0.6
2020,0.8
2030,0.7
2040,0.8
2050,1
2060,0.8
2070,0.7
2080,0.8
2090,0.8
2100,0.9
2110,0.3
2120,0.7
2130,0.8
2140,0.8
2150,0.7
2160,0.7
2170,0.8
2180,0.6
2190,1
2200,0.7
2210,0.7
2220,1
2230,0.9
2240,0.9
2250,0.6
2260,0.9
2270,0.7
2280,1
2290,0.9
2300,0.7
2310,0.8
2320,0.8
2330,0.7
2340,0.9
2350,0.8
2360,0.7
2370,1
2380,0.9
2390,0.8
2400,0.9
2410,1
2420,0.9
2430,0.9
2440,0.9
2450,0.8
2460,0.7
2470,0.9
2480,0.6
2490,0.9
2500,0.7
2510,0.7
2520,0.6
2530,0.8
2540,0.8
2550,0.6
2560,0.8
2570,0.9
2580,0.5
2590,0.8
