10,0.64837
20,0.64837
30,0.64837
40,0.64837
50,0.64837
60,0.64837
70,0.64837
80,0.64837
90,0.64837
100,0.64837
110,0.64837
120,0.64837
130,0.64837
140,0.648423
150,0.648686
160,0.648633
170,0.64837
180,0.64837
190,0.64837
200,0.65
210,0.648633
220,0.648475
230,0.648475
240,0.64837
250,0.64837
260,0.648475
270,0.648423
280,0.64837
290,0.64837
300,0.648791
310,0.649474
320,0.650631
330,0.659096
340,0.649632
350,0.649685
360,0.65
370,0.651893
380,0.686961
390,0.696688
400,0.655363
410,0.702576
420,0.705468
430,0.674501
440,0.706993
450,0.705258
460,0.716141
470,0.715773
480,0.713407
490,0.715247
500,0.71367
510,0.713985
520,0.712671
530,0.712934
540,0.712145
550,0.714406
560,0.688906
570,0.662934
580,0.652734
590,0.652524
600,0.695268
610,0.705047
620,0.703365
630,0.704416
640,0.703838
650,0.710358
660,0.719138
670,0.716562
680,0.714406
690,0.715247
700,0.716246
710,0.716614
720,0.716562
730,0.714616
740,0.712881
750,0.712461
760,0.709621
770,0.714721
780,0.713985
790,0.714616
800,0.715247
810,0.714879
820,0.715405
830,0.716562
840,0.715825
850,0.715247
860,0.713722
870,0.716088
880,0.715457
890,0.728339
900,0.728444
910,0.730547
920,0.718612
930,0.730126
940,0.729548
950,0.727918
960,0.734017
970,0.735962
980,0.726866
990,0.722713
1000,0.740641
1010,0.744848
1020,0.756625
1030,0.739064
1040,0.725552
1050,0.717298
1060,0.718349
1070,0.745058
1080,0.753102
1090,0.75205
1100,0.719716
1110,0.72082
1120,0.718822
1130,0.716562
1140,0.716141
1150,0.737907
1160,0.740431
1170,0.738275
1180,0.746162
1190,0.749001
1200,0.735752
1210,0.736225
1220,0.73775
1230,0.766193
1240,0.767455
1250,0.765878
1260,0.764826
1270,0.754732
1280,0.739642
1290,0.747319
1300,0.754942
1310,0.75857
1320,0.756362
1330,0.737802
1340,0.758623
1350,0.762355
1360,0.762145
1370,0.755152
1380,0.750841
1390,0.752419
1400,0.747056
1410,0.763302
1420,0.768244
1430,0.767035
1440,0.76204
1450,0.750526
1460,0.768191
1470,0.759201
1480,0.738854
1490,0.752261
1500,0.751788
1510,0.760778
1520,0.75021
1530,0.754995
1540,0.761041
1550,0.764616
1560,0.762934
1570,0.752839
1580,0.752208
1590,0.756625
1600,0.759043
1610,0.757624
1620,0.742008
1630,0.749054
1640,0.753102
1650,0.75021
1660,0.747371
1670,0.750999
1680,0.744637
1690,0.753891
1700,0.748107
1710,0.73265
1720,0.747739
1730,0.763249
1740,0.762986
1750,0.74816
1760,0.743375
1770,0.739117
1780,0.736961
1790,0.742219
1800,0.738065
1810,0.758833
1820,0.756782
1830,0.761251
1840,0.759411
1850,0.753733
1860,0.742692
1870,0.753996
1880,0.764406
1890,0.762566
1900,0.762566
1910,0.762723
1920,0.758833
1930,0.761777
1940,0.748843
1950,0.759727
1960,0.761619
1970,0.763091
1980,0.763722
1990,0.762093
2000,0.765195
2010,0.766667
2020,0.762355
2030,0.766351
2040,0.767876
2050,0.76388
2060,0.763617
2070,0.766036
2080,0.765668
2090,0.765668
2100,0.754206
2110,0.764774
2120,0.763407
2130,0.758728
2140,0.765563
2150,0.766141
2160,0.765825
2170,0.76367
2180,0.734543
2190,0.759043
2200,0.764774
2210,0.767035
2220,0.761725
2230,0.76756
2240,0.765931
2250,0.764353
2260,0.763985
2270,0.766088
2280,0.76367
2290,0.763407
2300,0.768349
2310,0.765247
2320,0.765352
2330,0.765615
2340,0.764826
2350,0.764248
2360,0.767298
2370,0.761146
2380,0.763091
2390,0.765668
2400,0.766509
2410,0.764564
2420,0.761935
2430,0.761409
2440,0.761199
2450,0.763828
2460,0.765195
2470,0.765247
2480,0.765668
2490,0.764511
2500,0.76409
2510,0.763249
2520,0.761882
2530,0.763933
2540,0.763091
2550,0.748738
2560,0.762986
2570,0.766246
2580,0.756887
