10,[[ 0, 0.205882, 1, 0.043956, 0, 0.25, 0.333333, 1, 0.333333, 0.0357143, 1, 0, 0, 0, 0, 0, 0, 1, 0, 1, 0, 0, 0, 1],
[ 1, 0.470588, 0.5, 0.0384615, 0.5, 1, 0.666667, 1, 0.333333, 0.303571, 1, 0, 0, 0, 0, 1, 0, 1, 0, 0, 1, 0, 0, 1],
[ 0, 0.25, 0.5, 0.131868, 0, 0.25, 0.333333, 1, 0.333333, 0.160714, 1, 0, 0, 1, 0, 0, 0, 1, 0, 1, 0, 0, 0, 0],
[ 0.333333, 0.647059, 0.5, 0.351648, 0.25, 0.75, 0.666667, 0.333333, 0.333333, 0.0892857, 1, 0, 0, 0, 0, 1, 0, 1, 0, 0, 1, 0, 0, 1],
[ 1, 0.426471, 0.75, 0.142857, 0, 0.5, 0.333333, 0.333333, 0.666667, 0.125, 1, 0.333333, 0, 1, 0, 0, 0, 1, 0, 0, 1, 0, 0, 1],
[ 0, 0.294118, 0.5, 0.153846, 1, 1, 0.666667, 1, 1, 0.535714, 0, 0, 1, 1, 0, 0, 1, 1, 0, 0, 0, 0, 0, 1],
[ 1, 0.470588, 0.5, 0.120879, 1, 0.5, 0.333333, 1, 0.666667, 0.107143, 1, 0, 0, 0, 0, 0, 0, 1, 0, 0, 1, 0, 0, 1],
[ 0, 0.647059, 1, 0.335165, 0, 1, 0.666667, 1, 1, 0.482143, 1, 0.333333, 0, 1, 0, 0, 1, 1, 0, 0, 0, 0, 0, 1],
[ 1, 0.117647, 0.5, 0.0494505, 0, 0.5, 1, 0.333333, 0, 0.125, 1, 0, 0, 1, 1, 0, 0, 1, 0, 0, 1, 0, 0, 1],
[ 0.333333, 0.0294118, 0.75, 0.0659341, 0.25, 1, 0, 0.333333, 0.666667, 0.214286, 0, 0.333333, 1, 0, 0, 0, 0, 1, 0, 0, 1, 0, 0, 1]]
20,[[ 0.666667, 0.0735294, 0, 0.0604396, 0, 0.25, 0.666667, 0.333333, 0.666667, 0.267857, 1, 0.333333, 0, 1, 0, 0, 0, 1, 0, 0, 1, 0, 0, 0],
[ 1, 0.294118, 1, 0.0934066, 0, 0.75, 1, 0.333333, 0.666667, 0.25, 1, 0.333333, 0, 1, 0, 0, 0, 0, 0, 0, 1, 0, 0, 1],
[ 0, 0.117647, 0.75, 0.0604396, 0, 0.5, 0.666667, 0.333333, 0, 0.428571, 1, 0.333333, 1, 0, 0, 1, 0, 1, 0, 0, 1, 0, 1, 0],
[ 0.333333, 0.294118, 0.25, 0.0879121, 0, 0.75, 0.333333, 1, 1, 0.267857, 0, 0, 0, 0, 0, 0, 0, 1, 0, 0, 0, 0, 1, 0],
[ 1, 0.0294118, 1, 0.0549451, 1, 0.5, 1, 0.333333, 0.333333, 0.142857, 1, 0.333333, 0, 0, 0, 0, 0, 1, 0, 0, 1, 0, 0, 1],
[ 1, 0.294118, 1, 0.131868, 0.75, 1, 0.666667, 0.333333, 0.666667, 0.267857, 1, 0, 0, 0, 0, 0, 0, 1, 0, 0, 1, 0, 0, 1],
[ 1, 0.117647, 1, 0.104396, 0, 0.75, 0.666667, 0.666667, 0, 0.535714, 1, 0, 1, 0, 0, 0, 0, 1, 0, 0, 1, 0, 1, 0],
[ 0.666667, 0.117647, 0.5, 0.175824, 1, 1, 0.666667, 0.666667, 0.666667, 0.321429, 1, 0, 0, 0, 0, 0, 0, 1, 0, 0, 1, 0, 0, 0],
[ 0, 0.294118, 0.5, 0.148352, 0, 0.75, 0.666667, 0, 1, 0.267857, 1, 0, 0, 1, 0, 0, 1, 1, 0, 0, 0, 0, 0, 0],
[ 1, 0.0735294, 0.5, 0.115385, 0.25, 0.25, 0.333333, 1, 0.333333, 0.0535714, 1, 0, 0, 0, 0, 0, 0, 1, 0, 1, 0, 0, 0, 1]]
30,[[ 0.333333, 0.117647, 0.5, 0.0989011, 0, 0.75, 0.666667, 1, 0.333333, 0.196429, 1, 0, 1, 1, 0, 1, 0, 1, 0, 1, 0, 0, 0, 1],
[ 1, 0.294118, 0.5, 0.395604, 0, 0.5, 0.666667, 1, 0.333333, 0.428571, 1, 0, 1, 0, 0, 1, 0, 1, 0, 0, 1, 0, 1, 0],
[ 1, 0.161765, 1, 0.0714286, 0, 0.5, 0.666667, 1, 1, 0.285714, 1, 0.333333, 0, 1, 0, 0, 0, 1, 0, 0, 0, 0, 0, 1],
[ 1, 0.0294118, 0.25, 0.0879121, 0.5, 1, 0.666667, 1, 0.333333, 0.464286, 0, 0, 1, 0, 0, 0, 0, 1, 0, 0, 1, 0, 1, 0],
[ 0.333333, 0.338235, 0.5, 0.203297, 0, 0.5, 0.666667, 0.333333, 0.666667, 0.303571, 1, 0, 1, 1, 0, 0, 0, 1, 0, 0, 1, 0, 0, 1],
[ 1, 0.0294118, 0.5, 0.0879121, 0, 0.5, 1, 0.333333, 0.333333, 0.0357143, 1, 0, 0, 0, 0, 0, 0, 1, 0, 1, 0, 0, 0, 1],
[ 0.333333, 0.470588, 1, 0.142857, 0, 0.25, 0, 1, 0.666667, 0.142857, 1, 0.333333, 0, 0, 0, 1, 0, 1, 0, 0, 1, 0, 0, 1],
[ 1, 0.161765, 0.5, 0.164835, 0.75, 0.75, 0.333333, 0.666667, 0.666667, 0.0178571, 1, 0, 0, 0, 0, 1, 0, 1, 0, 1, 0, 0, 0, 1],
[ 0, 0.205882, 1, 0.208791, 0, 1, 0.333333, 1, 0, 0.25, 0, 0.666667, 0, 1, 0, 1, 0, 1, 0, 1, 0, 0, 0, 1],
[ 0, 0.117647, 1, 0.10989, 0, 1, 0.666667, 0.666667, 0.333333, 0.732143, 1, 0.333333, 0, 0, 0, 0, 0, 1, 0, 0, 1, 0, 0, 1]]
40,[[ 1, 0.161765, 1, 0.175824, 0.75, 1, 0.666667, 1, 1, 0.0714286, 1, 0.333333, 0, 1, 0, 0, 1, 1, 0, 1, 0, 0, 0, 1],
[ 0, 0.117647, 0.5, 0.0549451, 0, 0.5, 1, 0.666667, 0, 0.142857, 1, 0, 0, 0, 0, 1, 0, 1, 0, 0, 1, 0, 1, 0],
[ 1, 0.382353, 1, 0.406593, 1, 1, 0.666667, 1, 0.666667, 0.785714, 1, 0.333333, 0, 0, 0, 0, 1, 1, 0, 0, 1, 0, 0, 1],
[ 0, 0.558824, 0.75, 0.230769, 0, 0.75, 0.666667, 0.333333, 0.333333, 0.125, 0, 0.333333, 1, 1, 0, 0, 0, 1, 0, 0, 1, 0, 0, 1],
[ 0, 0.117647, 0.5, 0.0824176, 0.5, 1, 1, 0, 0, 0.285714, 1, 0, 0, 0, 0, 0, 0, 1, 0, 0, 1, 0, 0, 1],
[ 0, 0.117647, 0.5, 0.131868, 0, 0, 0.333333, 1, 1, 0.642857, 1, 0, 0, 0, 0, 0, 0, 1, 0, 0, 0, 0, 0, 0],
[ 0, 0.205882, 0.5, 0.0989011, 0, 0.5, 0.333333, 1, 0, 0.0178571, 0, 0, 0, 0, 0, 0, 0, 1, 0, 1, 0, 0, 0, 1],
[ 0.666667, 0.205882, 0.5, 0.148352, 0, 0.5, 0.666667, 0, 0, 0.267857, 1, 0, 1, 0, 0, 0, 0, 1, 0, 0, 1, 0, 1, 0],
[ 0.333333, 0.382353, 0.5, 0.153846, 1, 1, 0.333333, 1, 0.666667, 0.107143, 1, 0, 0, 0, 0, 0, 0, 1, 0, 0, 1, 0, 0, 1],
[ 1, 0.205882, 1, 0.164835, 1, 0, 0.666667, 1, 1, 0.339286, 1, 0, 0, 1, 0, 0, 1, 1, 0, 0, 1, 0, 0, 0]]
50,[[ 1, 0.205882, 0.5, 0.137363, 1, 0.75, 0.666667, 0.666667, 0.333333, 0.232143, 1, 0, 0, 0, 1, 1, 0, 1, 0, 0, 1, 0, 0, 1],
[ 0.333333, 0.382353, 1, 0.10989, 1, 1, 0.666667, 1, 0, 0.303571, 1, 0.333333, 0, 0, 0, 1, 0, 1, 0, 0, 1, 0, 0, 1],
[ 1, 0.294118, 0.75, 0.0274725, 1, 1, 1, 1, 0.666667, 0.625, 1, 0.333333, 0, 1, 0, 1, 0, 1, 0, 0, 1, 0, 0, 1],
[ 1, 0.205882, 0.25, 0.346154, 0, 1, 0.666667, 1, 1, 0.357143, 0, 0.333333, 1, 1, 0, 1, 0, 1, 0, 0, 1, 0, 0, 0],
[ 0, 0.117647, 0.5, 0.131868, 0, 0.5, 0, 0, 0.666667, 0.410714, 1, 0, 0, 0, 0, 0, 0, 1, 0, 0, 1, 0, 0, 1],
[ 1, 0.382353, 1, 0.357143, 1, 0.75, 0.666667, 0.666667, 0.333333, 0.303571, 1, 0.333333, 0, 0, 0, 0, 0, 1, 0, 0, 1, 0, 0, 1],
[ 0, 0.470588, 0.75, 0.104396, 0, 0.75, 0.666667, 0, 0.666667, 0.0892857, 1, 0.333333, 0, 1, 0, 0, 0, 1, 0, 0, 1, 0, 0, 1],
[ 1, 0.0735294, 1, 0.0549451, 0, 0.5, 0.666667, 0, 0, 0.196429, 1, 0.333333, 0, 0, 0, 1, 0, 1, 0, 0, 1, 0, 0, 1],
[ 1, 0.823529, 0.5, 0.56044, 0, 1, 0.666667, 1, 0.333333, 0.410714, 1, 0, 0, 1, 0, 1, 0, 1, 0, 0, 1, 0, 0, 0],
[ 1, 0.117647, 0.5, 0.10989, 0, 0.25, 0.333333, 0.333333, 0.666667, 0.178571, 0, 0, 0, 0, 0, 0, 0, 1, 0, 0, 1, 0, 0, 1]]
60,[[ 1, 0.117647, 1, 0.0274725, 0, 0.5, 0.666667, 0.333333, 0.666667, 0.232143, 1, 0.333333, 0, 0, 0, 0, 0, 1, 0, 0, 1, 0, 0, 1],
[ 1, 0.470588, 0.75, 0.236264, 0, 0.5, 0.333333, 1, 0, 0.267857, 1, 0.333333, 0, 0, 0, 0, 0, 1, 0, 0, 1, 0, 0, 1],
[ 0.333333, 0.294118, 1, 0.642857, 0, 0.5, 0.666667, 0.666667, 0.666667, 0.357143, 1, 0.333333, 1, 1, 0, 0, 0, 0, 1, 0, 1, 0, 0, 0],
[ 1, 0.117647, 0.5, 0.104396, 0.25, 0.5, 0.333333, 0.333333, 0, 0.160714, 1, 0, 0, 0, 0, 0, 0, 0, 1, 0, 1, 0, 0, 1],
[ 1, 0.338235, 0.75, 0.269231, 0, 0.75, 0.666667, 1, 0.666667, 0.125, 1, 0.333333, 0, 0, 0, 0, 0, 1, 0, 0, 1, 0, 0, 1],
[ 0.333333, 0.117647, 0.5, 0.043956, 0.75, 0.25, 0.333333, 1, 0, 0, 1, 0, 0, 0, 0, 0, 0, 1, 0, 1, 0, 0, 1, 0],
[ 0, 0.382353, 1, 0.32967, 0.25, 0.75, 1, 1, 0.666667, 0.0892857, 1, 0.333333, 0, 0, 0, 0, 1, 1, 0, 1, 0, 0, 0, 1],
[ 0, 0.0294118, 0.5, 0.010989, 0, 1, 0.333333, 0, 0.333333, 0.535714, 0, 0, 0, 1, 0, 0, 0, 1, 0, 0, 1, 0, 0, 1],
[ 1, 0.0294118, 0.5, 0.153846, 0.5, 0.5, 0.666667, 0.333333, 0.666667, 0.232143, 1, 0, 0, 1, 0, 0, 0, 1, 0, 0, 1, 0, 0, 1],
[ 0.333333, 0.0735294, 0.5, 0.032967, 0.5, 0.5, 0.333333, 0.666667, 0, 0.839286, 1, 0, 0, 0, 0, 0, 0, 1, 0, 0, 1, 0, 1, 0]]
70,[[ 0.666667, 0.294118, 0.5, 0.0659341, 0.25, 1, 0.333333, 0.333333, 1, 0.5, 1, 0, 0, 1, 0, 0, 0, 1, 0, 0, 0, 0, 0, 1],
[ 1, 0.25, 0, 0.263736, 1, 0.5, 0.333333, 1, 0.333333, 0.178571, 0, 0.333333, 0, 1, 0, 1, 0, 1, 0, 0, 1, 0, 0, 1],
[ 1, 0.117647, 1, 0.0604396, 1, 1, 0.666667, 1, 1, 0.678571, 1, 0, 0, 0, 0, 0, 0, 1, 0, 1, 0, 0, 1, 0],
[ 1, 0.205882, 0.5, 0.0714286, 0, 0.5, 0.666667, 0.333333, 1, 0.232143, 1, 0, 0, 1, 0, 0, 0, 1, 0, 0, 0, 0, 0, 0],
[ 0, 0.294118, 0.25, 0.115385, 0.25, 0.75, 0.666667, 0.666667, 0.666667, 0.232143, 0, 0, 0, 0, 0, 1, 0, 1, 0, 0, 1, 0, 0, 1],
[ 1, 0.117647, 0.5, 0.159341, 0, 0.5, 0.666667, 1, 0.666667, 0.589286, 1, 0, 0, 1, 0, 0, 0, 1, 0, 0, 1, 0, 0, 1],
[ 1, 0.294118, 0.5, 0.164835, 0.5, 1, 0, 0.333333, 0.666667, 0.125, 1, 0, 0, 1, 0, 0, 0, 1, 0, 0, 1, 0, 0, 0],
[ 0.333333, 0.470588, 0.5, 0.252747, 0, 0.25, 0.333333, 0, 1, 0.196429, 1, 0, 0, 1, 0, 0, 0, 1, 0, 0, 1, 0, 0, 0],
[ 1, 0.0735294, 0.5, 0.0659341, 0, 0.75, 0.333333, 0.333333, 0.666667, 0.142857, 1, 0.333333, 0, 0, 0, 0, 0, 1, 0, 0, 1, 0, 0, 1],
[ 0.333333, 0.205882, 1, 0.395604, 0, 0, 0.666667, 1, 0.333333, 0.375, 0.5, 0.333333, 0, 1, 0, 0, 0, 1, 0, 0, 1, 0, 0, 0]]
80,[[ 0.333333, 0.647059, 0.75, 0.406593, 0.25, 0, 0.666667, 1, 1, 0.214286, 1, 0, 0, 1, 0, 0, 0, 1, 0, 0, 0, 0, 0, 0],
[ 0.333333, 0.823529, 0.75, 0.395604, 1, 0.5, 0.666667, 0, 0, 0.142857, 1, 0, 0, 0, 0, 0, 0, 1, 0, 0, 1, 0, 1, 0],
[ 0.333333, 0.0735294, 0.5, 0.0549451, 0, 1, 0.333333, 1, 0, 0.107143, 1, 0, 0, 0, 0, 0, 0, 1, 0, 0, 1, 0, 0, 1],
[ 0, 0.382353, 0.5, 0.340659, 1, 1, 0.666667, 1, 0.333333, 0.214286, 1, 0, 0, 0, 0, 0, 0, 1, 0, 0, 1, 0, 0, 1],
[ 0, 0.0735294, 0.5, 0.104396, 0, 0.5, 0.666667, 0.333333, 0, 0.107143, 1, 0, 0, 0, 0, 0, 0, 1, 0, 0, 1, 0, 0, 1],
[ 1, 0.205882, 0.5, 0.0769231, 0.25, 0.5, 0.333333, 1, 0.333333, 0.0892857, 1, 0, 0, 0, 0, 0, 0, 1, 0, 1, 0, 0, 1, 0],
[ 0.333333, 0.382353, 0.5, 0.0824176, 1, 0.5, 0.333333, 0, 0.666667, 0.125, 1, 0, 0, 0, 0, 0, 0, 1, 0, 0, 1, 0, 0, 1],
[ 1, 0.205882, 1, 0.021978, 0.5, 1, 0.666667, 0.666667, 0.333333, 0.232143, 0, 0.333333, 0, 1, 0, 0, 0, 1, 0, 0, 1, 0, 0, 0],
[ 1, 0.294118, 1, 0.0934066, 0.75, 1, 0.666667, 1, 0, 0.732143, 1, 0, 0, 1, 0, 1, 0, 1, 0, 0, 1, 0, 0, 1],
[ 0, 0.0294118, 0.5, 0.0659341, 0, 0.5, 0.666667, 0.333333, 0, 0.303571, 0, 0, 0, 1, 0, 0, 0, 1, 0, 0, 1, 0, 1, 0]]
90,[[ 0.666667, 0.117647, 0.5, 0.0659341, 1, 1, 0.333333, 1, 0, 0.642857, 1, 0, 0, 1, 0, 0, 0, 1, 0, 0, 1, 0, 0, 0],
[ 1, 0.161765, 0.5, 0.0384615, 1, 0.25, 0.333333, 0, 0, 0.0892857, 1, 0, 0, 0, 0, 0, 0, 1, 0, 0, 1, 0, 0, 1],
[ 0, 0.470588, 0.75, 0.368132, 0, 0.5, 0.666667, 0.666667, 0.333333, 0.178571, 0.5, 0, 0, 1, 0, 0, 0, 1, 0, 0, 1, 0, 0, 1],
[ 1, 0.205882, 1, 0.0879121, 0, 0.5, 0.666667, 0.333333, 0.666667, 0.0892857, 1, 0.333333, 0, 0, 0, 0, 0, 1, 0, 0, 1, 0, 0, 1],
[ 0, 0.647059, 1, 0.324176, 0, 1, 0.333333, 1, 1, 0.696429, 0.5, 0.333333, 0, 0, 0, 0, 1, 1, 0, 0, 0, 0, 1, 0],
[ 1, 0.161765, 0.5, 0.186813, 1, 0.5, 0.666667, 0.333333, 1, 0.178571, 1, 0, 0, 0, 0, 1, 0, 1, 0, 0, 1, 0, 0, 1],
[ 1, 0.294118, 0.5, 0.175824, 0.5, 1, 0.666667, 0.333333, 0.666667, 0.214286, 1, 0, 1, 1, 0, 0, 0, 1, 0, 0, 1, 0, 0, 1],
[ 0, 0.294118, 0.25, 0.186813, 0, 0.5, 0.333333, 1, 0.666667, 0.0535714, 0, 0, 0, 0, 1, 0, 1, 0, 0, 1, 0, 0, 0, 1],
[ 1, 0.382353, 1, 0.318681, 0, 0.75, 0.666667, 0.333333, 0.666667, 0.339286, 1, 0, 0, 0, 0, 0, 0, 0, 1, 0, 1, 0, 0, 1],
[ 1, 0.117647, 1, 0.0164835, 0.5, 1, 0.666667, 1, 0.333333, 0.410714, 1, 0.333333, 1, 1, 0, 0, 0, 1, 0, 0, 1, 0, 0, 1]]
100,[[ 1, 0.161765, 0.75, 0.186813, 0, 0.25, 0.333333, 0.333333, 0.333333, 0.482143, 1, 0.333333, 0, 0, 0, 0, 1, 1, 0, 0, 1, 0, 1, 0],
[ 0, 0.529412, 1, 0.318681, 0, 0.5, 0.666667, 0.666667, 1, 0.142857, 0, 0, 0, 1, 0, 0, 0, 1, 0, 0, 1, 0, 0, 1],
[ 0.333333, 0.823529, 0.5, 0.335165, 0, 0.5, 0.666667, 1, 1, 0.410714, 1, 0, 0, 0, 0, 0, 0, 1, 0, 0, 0, 0, 0, 1],
[ 1, 0.161765, 0.5, 0.153846, 0, 0.75, 0.666667, 0.333333, 0.666667, 0.25, 1, 0, 0, 0, 0, 0, 1, 1, 0, 0, 1, 0, 0, 1],
[ 0.333333, 0.117647, 0.5, 0.0604396, 0, 0.25, 0.666667, 0, 0.666667, 0.0535714, 0.5, 0, 0, 0, 0, 0, 0, 1, 0, 0, 1, 0, 0, 1],
[ 0, 0.117647, 0.25, 0.00549451, 0, 1, 1, 0, 0.666667, 0.464286, 0, 0, 0, 0, 0, 0, 0, 1, 0, 0, 1, 0, 1, 0],
[ 1, 0.294118, 0.75, 0.203297, 0, 0.5, 0.666667, 0.333333, 1, 0.232143, 1, 0, 0, 0, 0, 0, 0, 1, 0, 0, 0, 0, 0, 1],
[ 0, 0.0735294, 0.5, 0.0659341, 0, 0.25, 0.333333, 1, 0.333333, 0.0535714, 1, 0, 0, 0, 0, 0, 0, 1, 0, 1, 0, 0, 0, 1],
[ 1, 0.0882353, 1, 0.0549451, 0, 1, 0.666667, 1, 0, 0.232143, 1, 0.333333, 1, 0, 1, 1, 0, 1, 0, 0, 1, 0, 1, 0],
[ 1, 0.117647, 1, 0.0604396, 0, 0.5, 0.333333, 0.333333, 0.333333, 0.285714, 1, 0.333333, 0, 0, 0, 0, 0, 1, 0, 0, 1, 0, 0, 1]]
110,[[ 1, 0.294118, 1, 0.131868, 0, 1, 1, 0.666667, 0, 0.482143, 1, 0.333333, 0, 0, 0, 0, 0, 0, 1, 0, 1, 0, 0, 1],
[ 1, 0.117647, 0.5, 0.0714286, 0, 0.25, 0.333333, 0.666667, 0.666667, 0.267857, 1, 0, 1, 0, 0, 0, 0, 1, 0, 0, 1, 0, 0, 1],
[ 0.333333, 0.338235, 0, 0.445055, 0, 1, 0.333333, 1, 1, 0.410714, 1, 0.333333, 0, 1, 0, 0, 0, 1, 0, 0, 0, 0, 0, 0],
[ 0.333333, 0.514706, 0.75, 0.637363, 0.25, 0.75, 0.666667, 0.666667, 1, 0.232143, 1, 0, 0, 1, 0, 0, 0, 1, 0, 1, 0, 0, 0, 1],
[ 1, 0.0294118, 1, 0.0549451, 0.25, 0.5, 0.333333, 0, 0.333333, 0.142857, 1, 0.333333, 0, 0, 0, 0, 0, 1, 0, 0, 1, 0, 0, 1],
[ 0.333333, 0.0882353, 0.5, 0.0714286, 0, 0.5, 0, 0.333333, 0.666667, 0.214286, 1, 0, 0, 0, 0, 0, 0, 1, 0, 0, 1, 0, 1, 0],
[ 1, 0.294118, 1, 0.115385, 0, 0.75, 0.666667, 0.666667, 0.666667, 0.285714, 1, 0.333333, 0, 1, 0, 0, 1, 1, 0, 0, 1, 0, 0, 1],
[ 1, 0.470588, 0.75, 0.516484, 0, 0.25, 0, 0, 0.666667, 0.160714, 1, 0.333333, 0, 0, 0, 0, 0, 1, 0, 0, 1, 0, 0, 1],
[ 1, 0.117647, 0.5, 0.021978, 0, 0.5, 0, 0.333333, 0, 0.535714, 1, 0, 0, 0, 0, 1, 0, 1, 0, 0, 1, 0, 1, 0],
[ 0, 0.0294118, 0.5, 0.0659341, 1, 0, 0.333333, 0.666667, 0.333333, 1, 1, 0, 0, 1, 0, 1, 0, 1, 0, 0, 1, 0, 0, 0]]
120,[[ 1, 0.294118, 1, 0.208791, 1, 0.75, 0.666667, 1, 0.333333, 0.428571, 1, 0.333333, 0, 1, 0, 0, 1, 1, 0, 0, 1, 0, 0, 1],
[ 0, 0.117647, 1, 0.010989, 0, 0.75, 0.333333, 0.666667, 0, 0.696429, 1, 1, 0, 1, 0, 0, 0, 1, 0, 0, 1, 0, 1, 0],
[ 0.333333, 0.470588, 0.75, 0.148352, 0.25, 1, 0.666667, 0.666667, 1, 0.196429, 1, 0, 0, 0, 0, 1, 0, 1, 0, 0, 0, 0, 0, 1],
[ 1, 0.117647, 1, 0.0549451, 0.5, 0.5, 0.666667, 1, 0, 0.446429, 1, 0, 0, 1, 0, 1, 0, 1, 0, 0, 1, 0, 0, 1],
[ 0.333333, 0.117647, 0.5, 0.043956, 0.75, 0.5, 1, 0, 0, 0.0535714, 1, 0, 0, 0, 0, 1, 0, 1, 0, 0, 1, 0, 0, 1],
[ 1, 0.294118, 0.5, 0.241758, 0.75, 0.5, 0.666667, 0.666667, 0.333333, 0.625, 1, 0.666667, 0, 1, 0, 0, 0, 1, 0, 0, 1, 0, 0, 0],
[ 0.666667, 0.161765, 1, 0.120879, 0.5, 0.5, 0.666667, 0.333333, 0.666667, 0.303571, 1, 0, 0, 1, 0, 0, 1, 1, 0, 0, 1, 0, 0, 1],
[ 0.333333, 0.161765, 1, 0.0714286, 1, 1, 0.666667, 1, 0, 0.553571, 1, 0.333333, 0, 1, 0, 0, 0, 0, 0, 0, 1, 0, 0, 1],
[ 1, 0.102941, 1, 0.384615, 0, 0.5, 0.666667, 1, 0.333333, 0.357143, 1, 0.333333, 0, 0, 0, 1, 0, 1, 0, 0, 1, 0, 1, 0],
[ 1, 0.117647, 1, 0.032967, 1, 1, 0.333333, 0.666667, 0.333333, 0.25, 0, 0, 1, 0, 0, 0, 0, 1, 0, 0, 1, 0, 1, 0]]
130,[[ 0.333333, 0.0735294, 0.5, 0.00549451, 0, 0.5, 1, 1, 0, 0.0535714, 1, 0, 0, 0, 0, 1, 0, 1, 0, 1, 0, 0, 1, 0],
[ 0.333333, 0.205882, 0.5, 0.043956, 1, 0.5, 0.333333, 0.333333, 0.333333, 0.25, 1, 0, 0, 0, 0, 1, 0, 1, 0, 0, 1, 0, 0, 1],
[ 0, 0.25, 0.5, 0.175824, 0.75, 0.25, 0.333333, 0.333333, 0.666667, 0.178571, 0, 0, 0, 0, 0, 0, 0, 1, 0, 0, 1, 0, 0, 1],
[ 0.333333, 0.117647, 1, 0.186813, 0, 0.5, 0.333333, 0, 0, 0.0714286, 1, 0, 0, 0, 0, 0, 0, 1, 0, 0, 1, 0, 1, 0],
[ 0.333333, 0.0294118, 0.25, 0.010989, 0.75, 0.25, 0.333333, 0.333333, 0.333333, 0.0892857, 0, 0, 1, 0, 0, 0, 0, 1, 0, 1, 0, 0, 0, 1],
[ 0, 0.294118, 0.25, 0.0714286, 0, 0.75, 0.666667, 1, 0.666667, 0.0892857, 0, 0, 0, 0, 0, 0, 0, 0, 0, 1, 0, 0, 1, 0],
[ 0.333333, 0.0735294, 0.5, 0.0714286, 1, 0.25, 0.666667, 0.333333, 0, 0.285714, 1, 0, 0, 0, 0, 1, 0, 1, 0, 0, 1, 1, 0, 0],
[ 0, 0.470588, 0.5, 0.0989011, 1, 1, 0.666667, 1, 1, 0.375, 1, 0, 0, 1, 0, 0, 0, 1, 0, 0, 1, 0, 0, 0],
[ 1, 0.117647, 1, 0.0604396, 0, 1, 0.666667, 1, 0, 0.75, 1, 0.333333, 0, 0, 0, 1, 0, 1, 0, 0, 1, 0, 1, 0],
[ 0.333333, 0.117647, 0.5, 0.0494505, 0, 0.75, 0.666667, 0.666667, 0, 0.178571, 1, 0.333333, 0, 0, 1, 0, 0, 0, 0, 0, 1, 0, 0, 1]]
140,[[ 0, 0.117647, 0.5, 0.0934066, 0, 0.25, 0.333333, 0, 0.666667, 0.0535714, 1, 0, 0, 0, 0, 0, 0, 1, 0, 1, 0, 0, 0, 1],
[ 1, 0.117647, 0.25, 0.175824, 0.5, 0.5, 0.333333, 0.666667, 0, 0.285714, 1, 0, 1, 0, 0, 0, 0, 1, 0, 0, 1, 0, 1, 0],
[ 0.333333, 0.558824, 0.25, 0.5, 0, 0, 0.666667, 0.333333, 1, 0.642857, 0, 0, 0, 1, 0, 0, 1, 1, 0, 0, 0, 0, 0, 0],
[ 0, 0.470588, 0.5, 0.175824, 0, 1, 0.666667, 0.333333, 0.666667, 0.410714, 1, 0, 1, 0, 0, 0, 0, 1, 0, 0, 1, 0, 0, 1],
[ 0.333333, 0.294118, 0.75, 0.115385, 1, 0.25, 0.666667, 0.333333, 0.333333, 0.178571, 0, 0, 0, 0, 0, 0, 0, 1, 0, 0, 1, 0, 1, 0],
[ 0.333333, 0.176471, 1, 0.0549451, 0, 0, 0.666667, 0.666667, 0.666667, 0.875, 1, 0.666667, 0, 1, 0, 1, 0, 1, 0, 0, 0, 1, 0, 0],
[ 0.333333, 0.470588, 0.5, 0.483516, 0.25, 0.25, 0.666667, 0, 1, 0.178571, 1, 0, 0, 1, 0, 0, 0, 0, 1, 1, 0, 0, 0, 0],
[ 0, 0.0735294, 0.5, 0.0659341, 0, 0.25, 0.666667, 0.333333, 1, 0.142857, 1, 0, 0, 1, 0, 1, 0, 1, 0, 0, 0, 0, 0, 0],
[ 0.333333, 0.117647, 0, 0.0659341, 0, 0.5, 0.666667, 0.333333, 0, 0.214286, 1, 0, 0, 1, 0, 0, 0, 1, 0, 0, 1, 0, 1, 0],
[ 0.333333, 0.470588, 0, 0.197802, 0, 0.5, 0.333333, 0, 0.666667, 0.410714, 1, 0, 0, 1, 0, 0, 0, 1, 0, 0, 1, 0, 0, 1]]
