modlinear
1
5 3 42
0
0.000000e+00 1.000000e+00 0 0 0.000000e+00 1.000000e+00 0 0 0.000000e+00 1.000000e+00 0 0 
3
1 1 1 1 1 1 
0
3
2 1 1 1 1 1 
0
3
2 3 1 1 1 1 
0
3
3 1 1 1 1 1 
0
3
3 3 1 1 1 1 
0
3
3 5 1 1 1 1 
1
3
3 7 1 1 1 1 
1
3
1 1 2 1 1 1 
0
3
1 1 2 3 1 1 
0
3
1 1 3 1 1 1 
0
3
1 1 3 3 1 1 
0
3
1 1 3 5 1 1 
1
3
1 1 3 7 1 1 
1
3
2 1 2 1 1 1 
0
3
2 1 2 3 1 1 
0
3
2 3 2 1 1 1 
1
3
2 3 2 3 1 1 
1
3
1 1 1 1 2 1 
0
3
1 1 1 1 2 3 
0
3
1 1 1 1 3 1 
1
3
1 1 1 1 3 3 
1
3
1 1 1 1 3 5 
1
3
1 1 1 1 3 7 
1
3
2 1 1 1 2 1 
0
3
2 1 1 1 2 3 
0
3
2 3 1 1 2 1 
1
3
2 3 1 1 2 3 
1
3
1 1 2 1 2 1 
0
3
1 1 2 1 2 3 
0
3
1 1 2 3 2 1 
1
3
1 1 2 3 2 3 
1
3
4 1 1 1 1 1 
1
3
4 3 1 1 1 1 
1
3
3 1 2 1 1 1 
1
3
3 1 2 3 1 1 
1
3
3 1 1 1 2 1 
1
3
3 1 1 1 2 3 
1
3
3 3 2 1 1 1 
1
3
2 1 3 1 1 1 
1
3
2 1 3 3 1 1 
1
3
2 1 2 1 2 1 
1
3
2 1 2 1 2 3 
1

modlinear
1
5 3 53
0
0.000000e+00 1.000000e+00 0 0 0.000000e+00 1.000000e+00 0 0 0.000000e+00 1.000000e+00 0 0 
3
1 1 1 1 1 1 
0
3
2 1 1 1 1 1 
0
3
2 3 1 1 1 1 
0
3
3 1 1 1 1 1 
0
3
3 3 1 1 1 1 
0
3
3 5 1 1 1 1 
1
3
3 7 1 1 1 1 
1
3
1 1 2 1 1 1 
0
3
1 1 2 3 1 1 
0
3
1 1 3 1 1 1 
0
3
1 1 3 3 1 1 
0
3
1 1 3 5 1 1 
1
3
1 1 3 7 1 1 
1
3
2 1 2 1 1 1 
0
3
2 1 2 3 1 1 
0
3
2 3 2 1 1 1 
0
3
2 3 2 3 1 1 
1
3
1 1 1 1 2 1 
0
3
1 1 1 1 2 3 
0
3
1 1 1 1 3 1 
0
3
1 1 1 1 3 3 
0
3
1 1 1 1 3 5 
1
3
1 1 1 1 3 7 
1
3
2 1 1 1 2 1 
0
3
2 1 1 1 2 3 
0
3
2 3 1 1 2 1 
0
3
2 3 1 1 2 3 
1
3
1 1 2 1 2 1 
0
3
1 1 2 1 2 3 
0
3
1 1 2 3 2 1 
1
3
1 1 2 3 2 3 
1
3
4 1 1 1 1 1 
0
3
4 3 1 1 1 1 
0
3
3 1 2 1 1 1 
0
3
3 1 2 3 1 1 
1
3
3 1 1 1 2 1 
0
3
3 1 1 1 2 3 
0
3
3 3 2 1 1 1 
1
3
2 1 3 1 1 1 
0
3
2 1 3 3 1 1 
0
3
2 1 2 1 2 1 
0
3
2 1 2 1 2 3 
0
3
2 3 2 1 2 1 
1
3
1 1 3 1 2 1 
1
3
1 1 3 3 2 1 
1
3
1 1 2 1 3 1 
1
3
1 1 2 1 3 3 
1
3
4 1 2 1 1 1 
1
3
4 3 2 1 1 1 
1
3
3 1 3 1 1 1 
1
3
3 1 3 3 1 1 
1
3
3 1 2 1 2 1 
1
3
3 1 2 1 2 3 
1

modlinear
1
5 3 67
0
0.000000e+00 1.000000e+00 0 0 0.000000e+00 1.000000e+00 0 0 0.000000e+00 1.000000e+00 0 0 
3
1 1 1 1 1 1 
0
3
2 1 1 1 1 1 
0
3
2 3 1 1 1 1 
0
3
3 1 1 1 1 1 
0
3
3 3 1 1 1 1 
0
3
3 5 1 1 1 1 
1
3
3 7 1 1 1 1 
1
3
1 1 2 1 1 1 
0
3
1 1 2 3 1 1 
0
3
1 1 3 1 1 1 
0
3
1 1 3 3 1 1 
0
3
1 1 3 5 1 1 
1
3
1 1 3 7 1 1 
1
3
2 1 2 1 1 1 
0
3
2 1 2 3 1 1 
0
3
2 3 2 1 1 1 
0
3
2 3 2 3 1 1 
1
3
1 1 1 1 2 1 
0
3
1 1 1 1 2 3 
0
3
1 1 1 1 3 1 
0
3
1 1 1 1 3 3 
0
3
1 1 1 1 3 5 
1
3
1 1 1 1 3 7 
1
3
2 1 1 1 2 1 
0
3
2 1 1 1 2 3 
0
3
2 3 1 1 2 1 
0
3
2 3 1 1 2 3 
1
3
1 1 2 1 2 1 
0
3
1 1 2 1 2 3 
0
3
1 1 2 3 2 1 
1
3
1 1 2 3 2 3 
1
3
4 1 1 1 1 1 
0
3
4 3 1 1 1 1 
0
3
3 1 2 1 1 1 
0
3
3 1 2 3 1 1 
1
3
3 1 1 1 2 1 
0
3
3 1 1 1 2 3 
0
3
3 3 2 1 1 1 
1
3
2 1 3 1 1 1 
0
3
2 1 3 3 1 1 
0
3
2 1 2 1 2 1 
0
3
2 1 2 1 2 3 
0
3
2 3 2 1 2 1 
1
3
1 1 3 1 2 1 
1
3
1 1 3 3 2 1 
1
3
1 1 2 1 3 1 
1
3
1 1 2 1 3 3 
1
3
4 1 2 1 1 1 
0
3
4 3 2 1 1 1 
1
3
3 1 3 1 1 1 
0
3
3 1 3 3 1 1 
0
3
3 1 2 1 2 1 
0
3
3 1 2 1 2 3 
0
3
5 1 1 1 1 1 
0
3
5 1 2 1 1 1 
1
3
5 3 1 1 1 1 
0
3
5 3 2 1 1 1 
1
3
4 1 3 1 1 1 
1
3
4 1 3 3 1 1 
1
3
4 1 1 1 2 1 
0
3
4 1 2 1 2 1 
1
3
4 1 1 1 2 3 
0
3
4 1 2 1 2 3 
1
3
2 3 3 1 1 1 
1
3
1 1 4 1 1 1 
1
3
1 1 4 3 1 1 
1
3
1 1 3 1 2 3 
1

modlinear
1
5 3 90
0
0.000000e+00 1.000000e+00 0 0 0.000000e+00 1.000000e+00 0 0 0.000000e+00 1.000000e+00 0 0 
3
1 1 1 1 1 1 
0
3
2 1 1 1 1 1 
0
3
2 3 1 1 1 1 
0
3
3 1 1 1 1 1 
0
3
3 3 1 1 1 1 
0
3
3 5 1 1 1 1 
1
3
3 7 1 1 1 1 
1
3
1 1 2 1 1 1 
0
3
1 1 2 3 1 1 
0
3
1 1 3 1 1 1 
0
3
1 1 3 3 1 1 
0
3
1 1 3 5 1 1 
1
3
1 1 3 7 1 1 
1
3
2 1 2 1 1 1 
0
3
2 1 2 3 1 1 
0
3
2 3 2 1 1 1 
0
3
2 3 2 3 1 1 
1
3
1 1 1 1 2 1 
0
3
1 1 1 1 2 3 
0
3
1 1 1 1 3 1 
0
3
1 1 1 1 3 3 
0
3
1 1 1 1 3 5 
1
3
1 1 1 1 3 7 
1
3
2 1 1 1 2 1 
0
3
2 1 1 1 2 3 
0
3
2 3 1 1 2 1 
0
3
2 3 1 1 2 3 
1
3
1 1 2 1 2 1 
0
3
1 1 2 1 2 3 
0
3
1 1 2 3 2 1 
1
3
1 1 2 3 2 3 
1
3
4 1 1 1 1 1 
0
3
4 3 1 1 1 1 
0
3
3 1 2 1 1 1 
0
3
3 1 2 3 1 1 
1
3
3 1 1 1 2 1 
0
3
3 1 1 1 2 3 
0
3
3 3 2 1 1 1 
1
3
2 1 3 1 1 1 
0
3
2 1 3 3 1 1 
0
3
2 1 2 1 2 1 
0
3
2 1 2 1 2 3 
0
3
2 3 2 1 2 1 
1
3
1 1 3 1 2 1 
0
3
1 1 3 3 2 1 
1
3
1 1 2 1 3 1 
1
3
1 1 2 1 3 3 
1
3
4 1 2 1 1 1 
0
3
4 3 2 1 1 1 
1
3
3 1 3 1 1 1 
0
3
3 1 3 3 1 1 
0
3
3 1 2 1 2 1 
0
3
3 1 2 1 2 3 
0
3
5 1 1 1 1 1 
0
3
5 1 2 1 1 1 
0
3
5 3 1 1 1 1 
0
3
5 3 2 1 1 1 
0
3
4 1 3 1 1 1 
0
3
4 1 3 3 1 1 
0
3
4 1 1 1 2 1 
0
3
4 1 2 1 2 1 
0
3
4 1 1 1 2 3 
0
3
4 1 2 1 2 3 
0
3
2 3 3 1 1 1 
1
3
1 1 4 1 1 1 
0
3
1 1 4 3 1 1 
0
3
1 1 3 1 2 3 
0
3
6 1 1 1 1 1 
0
3
6 1 2 1 1 1 
1
3
6 3 1 1 1 1 
0
3
6 3 2 1 1 1 
1
3
5 1 3 1 1 1 
1
3
5 1 3 3 1 1 
1
3
5 1 1 1 2 1 
0
3
5 1 2 1 2 1 
1
3
5 1 1 1 2 3 
0
3
5 1 2 1 2 3 
1
3
5 3 3 1 1 1 
1
3
2 1 4 1 1 1 
0
3
3 1 4 1 1 1 
0
3
4 1 4 1 1 1 
1
3
2 1 4 3 1 1 
0
3
3 1 4 3 1 1 
0
3
4 1 4 3 1 1 
1
3
2 1 3 1 2 1 
0
3
3 1 3 1 2 1 
0
3
4 1 3 1 2 1 
1
3
2 1 3 1 2 3 
0
3
3 1 3 1 2 3 
0
3
4 1 3 1 2 3 
1

modlinear
1
5 3 92
0
0.000000e+00 1.000000e+00 0 0 0.000000e+00 1.000000e+00 0 0 0.000000e+00 1.000000e+00 0 0 
3
1 1 1 1 1 1 
0
3
2 1 1 1 1 1 
0
3
2 3 1 1 1 1 
0
3
3 1 1 1 1 1 
0
3
3 3 1 1 1 1 
0
3
3 5 1 1 1 1 
1
3
3 7 1 1 1 1 
1
3
1 1 2 1 1 1 
0
3
1 1 2 3 1 1 
0
3
1 1 3 1 1 1 
0
3
1 1 3 3 1 1 
0
3
1 1 3 5 1 1 
1
3
1 1 3 7 1 1 
1
3
2 1 2 1 1 1 
0
3
2 1 2 3 1 1 
0
3
2 3 2 1 1 1 
0
3
2 3 2 3 1 1 
1
3
1 1 1 1 2 1 
0
3
1 1 1 1 2 3 
0
3
1 1 1 1 3 1 
0
3
1 1 1 1 3 3 
0
3
1 1 1 1 3 5 
1
3
1 1 1 1 3 7 
1
3
2 1 1 1 2 1 
0
3
2 1 1 1 2 3 
0
3
2 3 1 1 2 1 
0
3
2 3 1 1 2 3 
1
3
1 1 2 1 2 1 
0
3
1 1 2 1 2 3 
0
3
1 1 2 3 2 1 
1
3
1 1 2 3 2 3 
1
3
4 1 1 1 1 1 
0
3
4 3 1 1 1 1 
0
3
3 1 2 1 1 1 
0
3
3 1 2 3 1 1 
1
3
3 1 1 1 2 1 
0
3
3 1 1 1 2 3 
0
3
3 3 2 1 1 1 
0
3
2 1 3 1 1 1 
0
3
2 1 3 3 1 1 
0
3
2 1 2 1 2 1 
0
3
2 1 2 1 2 3 
0
3
2 3 2 1 2 1 
1
3
1 1 3 1 2 1 
0
3
1 1 3 3 2 1 
1
3
1 1 2 1 3 1 
1
3
1 1 2 1 3 3 
1
3
4 1 2 1 1 1 
0
3
4 3 2 1 1 1 
0
3
3 1 3 1 1 1 
0
3
3 1 3 3 1 1 
0
3
3 1 2 1 2 1 
0
3
3 1 2 1 2 3 
0
3
5 1 1 1 1 1 
0
3
5 1 2 1 1 1 
0
3
5 3 1 1 1 1 
0
3
5 3 2 1 1 1 
0
3
4 1 3 1 1 1 
0
3
4 1 3 3 1 1 
0
3
4 1 1 1 2 1 
0
3
4 1 2 1 2 1 
0
3
4 1 1 1 2 3 
0
3
4 1 2 1 2 3 
0
3
2 3 3 1 1 1 
1
3
1 1 4 1 1 1 
0
3
1 1 4 3 1 1 
0
3
1 1 3 1 2 3 
0
3
6 1 1 1 1 1 
0
3
6 1 2 1 1 1 
1
3
6 3 1 1 1 1 
0
3
6 3 2 1 1 1 
1
3
5 1 3 1 1 1 
1
3
5 1 3 3 1 1 
1
3
5 1 1 1 2 1 
0
3
5 1 2 1 2 1 
1
3
5 1 1 1 2 3 
0
3
5 1 2 1 2 3 
1
3
5 3 3 1 1 1 
1
3
2 1 4 1 1 1 
0
3
3 1 4 1 1 1 
0
3
4 1 4 1 1 1 
1
3
2 1 4 3 1 1 
0
3
3 1 4 3 1 1 
0
3
4 1 4 3 1 1 
1
3
2 1 3 1 2 1 
0
3
3 1 3 1 2 1 
0
3
4 1 3 1 2 1 
1
3
2 1 3 1 2 3 
0
3
3 1 3 1 2 3 
0
3
4 1 3 1 2 3 
1
3
3 3 3 1 1 1 
1
3
4 3 3 1 1 1 
1

modlinear
1
5 3 107
0
0.000000e+00 1.000000e+00 0 0 0.000000e+00 1.000000e+00 0 0 0.000000e+00 1.000000e+00 0 0 
3
1 1 1 1 1 1 
0
3
2 1 1 1 1 1 
0
3
2 3 1 1 1 1 
0
3
3 1 1 1 1 1 
0
3
3 3 1 1 1 1 
0
3
3 5 1 1 1 1 
1
3
3 7 1 1 1 1 
1
3
1 1 2 1 1 1 
0
3
1 1 2 3 1 1 
0
3
1 1 3 1 1 1 
0
3
1 1 3 3 1 1 
0
3
1 1 3 5 1 1 
1
3
1 1 3 7 1 1 
1
3
2 1 2 1 1 1 
0
3
2 1 2 3 1 1 
0
3
2 3 2 1 1 1 
0
3
2 3 2 3 1 1 
1
3
1 1 1 1 2 1 
0
3
1 1 1 1 2 3 
0
3
1 1 1 1 3 1 
0
3
1 1 1 1 3 3 
0
3
1 1 1 1 3 5 
1
3
1 1 1 1 3 7 
1
3
2 1 1 1 2 1 
0
3
2 1 1 1 2 3 
0
3
2 3 1 1 2 1 
0
3
2 3 1 1 2 3 
1
3
1 1 2 1 2 1 
0
3
1 1 2 1 2 3 
0
3
1 1 2 3 2 1 
1
3
1 1 2 3 2 3 
1
3
4 1 1 1 1 1 
0
3
4 3 1 1 1 1 
0
3
3 1 2 1 1 1 
0
3
3 1 2 3 1 1 
1
3
3 1 1 1 2 1 
0
3
3 1 1 1 2 3 
0
3
3 3 2 1 1 1 
0
3
2 1 3 1 1 1 
0
3
2 1 3 3 1 1 
0
3
2 1 2 1 2 1 
0
3
2 1 2 1 2 3 
0
3
2 3 2 1 2 1 
1
3
1 1 3 1 2 1 
0
3
1 1 3 3 2 1 
1
3
1 1 2 1 3 1 
1
3
1 1 2 1 3 3 
1
3
4 1 2 1 1 1 
0
3
4 3 2 1 1 1 
0
3
3 1 3 1 1 1 
0
3
3 1 3 3 1 1 
0
3
3 1 2 1 2 1 
0
3
3 1 2 1 2 3 
0
3
5 1 1 1 1 1 
0
3
5 1 2 1 1 1 
0
3
5 3 1 1 1 1 
0
3
5 3 2 1 1 1 
0
3
4 1 3 1 1 1 
0
3
4 1 3 3 1 1 
0
3
4 1 1 1 2 1 
0
3
4 1 2 1 2 1 
0
3
4 1 1 1 2 3 
0
3
4 1 2 1 2 3 
0
3
2 3 3 1 1 1 
1
3
1 1 4 1 1 1 
0
3
1 1 4 3 1 1 
0
3
1 1 3 1 2 3 
0
3
6 1 1 1 1 1 
0
3
6 1 2 1 1 1 
0
3
6 3 1 1 1 1 
0
3
6 3 2 1 1 1 
0
3
5 1 3 1 1 1 
0
3
5 1 3 3 1 1 
0
3
5 1 1 1 2 1 
0
3
5 1 2 1 2 1 
0
3
5 1 1 1 2 3 
0
3
5 1 2 1 2 3 
0
3
5 3 3 1 1 1 
1
3
2 1 4 1 1 1 
0
3
3 1 4 1 1 1 
0
3
4 1 4 1 1 1 
0
3
2 1 4 3 1 1 
0
3
3 1 4 3 1 1 
0
3
4 1 4 3 1 1 
0
3
2 1 3 1 2 1 
0
3
3 1 3 1 2 1 
0
3
4 1 3 1 2 1 
0
3
2 1 3 1 2 3 
0
3
3 1 3 1 2 3 
0
3
4 1 3 1 2 3 
0
3
3 3 3 1 1 1 
1
3
4 3 3 1 1 1 
1
3
6 1 3 1 1 1 
1
3
6 3 3 1 1 1 
1
3
5 1 4 1 1 1 
1
3
5 1 4 3 1 1 
1
3
5 1 3 1 2 1 
1
3
5 1 3 1 2 3 
1
3
7 1 1 1 1 1 
0
3
7 1 2 1 1 1 
1
3
7 3 1 1 1 1 
0
3
7 3 2 1 1 1 
1
3
6 1 3 3 1 1 
1
3
6 1 1 1 2 1 
0
3
6 1 2 1 2 1 
1
3
6 1 1 1 2 3 
0
3
6 1 2 1 2 3 
1

modlinear
1
5 3 118
0
0.000000e+00 1.000000e+00 0 0 0.000000e+00 1.000000e+00 0 0 0.000000e+00 1.000000e+00 0 0 
3
1 1 1 1 1 1 
0
3
2 1 1 1 1 1 
0
3
2 3 1 1 1 1 
0
3
3 1 1 1 1 1 
0
3
3 3 1 1 1 1 
0
3
3 5 1 1 1 1 
1
3
3 7 1 1 1 1 
1
3
1 1 2 1 1 1 
0
3
1 1 2 3 1 1 
0
3
1 1 3 1 1 1 
0
3
1 1 3 3 1 1 
0
3
1 1 3 5 1 1 
1
3
1 1 3 7 1 1 
1
3
2 1 2 1 1 1 
0
3
2 1 2 3 1 1 
0
3
2 3 2 1 1 1 
0
3
2 3 2 3 1 1 
1
3
1 1 1 1 2 1 
0
3
1 1 1 1 2 3 
0
3
1 1 1 1 3 1 
0
3
1 1 1 1 3 3 
0
3
1 1 1 1 3 5 
1
3
1 1 1 1 3 7 
1
3
2 1 1 1 2 1 
0
3
2 1 1 1 2 3 
0
3
2 3 1 1 2 1 
0
3
2 3 1 1 2 3 
1
3
1 1 2 1 2 1 
0
3
1 1 2 1 2 3 
0
3
1 1 2 3 2 1 
1
3
1 1 2 3 2 3 
1
3
4 1 1 1 1 1 
0
3
4 3 1 1 1 1 
0
3
3 1 2 1 1 1 
0
3
3 1 2 3 1 1 
0
3
3 1 1 1 2 1 
0
3
3 1 1 1 2 3 
0
3
3 3 2 1 1 1 
0
3
2 1 3 1 1 1 
0
3
2 1 3 3 1 1 
0
3
2 1 2 1 2 1 
0
3
2 1 2 1 2 3 
0
3
2 3 2 1 2 1 
1
3
1 1 3 1 2 1 
0
3
1 1 3 3 2 1 
1
3
1 1 2 1 3 1 
1
3
1 1 2 1 3 3 
1
3
4 1 2 1 1 1 
0
3
4 3 2 1 1 1 
0
3
3 1 3 1 1 1 
0
3
3 1 3 3 1 1 
0
3
3 1 2 1 2 1 
0
3
3 1 2 1 2 3 
0
3
5 1 1 1 1 1 
0
3
5 1 2 1 1 1 
0
3
5 3 1 1 1 1 
0
3
5 3 2 1 1 1 
0
3
4 1 3 1 1 1 
0
3
4 1 3 3 1 1 
0
3
4 1 1 1 2 1 
0
3
4 1 2 1 2 1 
0
3
4 1 1 1 2 3 
0
3
4 1 2 1 2 3 
0
3
2 3 3 1 1 1 
1
3
1 1 4 1 1 1 
0
3
1 1 4 3 1 1 
0
3
1 1 3 1 2 3 
0
3
6 1 1 1 1 1 
0
3
6 1 2 1 1 1 
0
3
6 3 1 1 1 1 
0
3
6 3 2 1 1 1 
0
3
5 1 3 1 1 1 
0
3
5 1 3 3 1 1 
0
3
5 1 1 1 2 1 
0
3
5 1 2 1 2 1 
0
3
5 1 1 1 2 3 
0
3
5 1 2 1 2 3 
0
3
5 3 3 1 1 1 
1
3
2 1 4 1 1 1 
0
3
3 1 4 1 1 1 
0
3
4 1 4 1 1 1 
0
3
2 1 4 3 1 1 
0
3
3 1 4 3 1 1 
0
3
4 1 4 3 1 1 
0
3
2 1 3 1 2 1 
0
3
3 1 3 1 2 1 
0
3
4 1 3 1 2 1 
0
3
2 1 3 1 2 3 
0
3
3 1 3 1 2 3 
0
3
4 1 3 1 2 3 
0
3
3 3 3 1 1 1 
0
3
4 3 3 1 1 1 
1
3
6 1 3 1 1 1 
1
3
6 3 3 1 1 1 
1
3
5 1 4 1 1 1 
1
3
5 1 4 3 1 1 
1
3
5 1 3 1 2 1 
1
3
5 1 3 1 2 3 
1
3
7 1 1 1 1 1 
0
3
7 1 2 1 1 1 
1
3
7 3 1 1 1 1 
0
3
7 3 2 1 1 1 
1
3
6 1 3 3 1 1 
1
3
6 1 1 1 2 1 
0
3
6 1 2 1 2 1 
1
3
6 1 1 1 2 3 
0
3
6 1 2 1 2 3 
1
3
4 1 2 3 1 1 
0
3
5 1 2 3 1 1 
1
3
3 3 4 1 1 1 
1
3
1 1 5 1 1 1 
0
3
2 1 5 1 1 1 
1
3
1 1 5 3 1 1 
0
3
2 1 5 3 1 1 
1
3
1 1 4 1 2 1 
0
3
2 1 4 1 2 1 
1
3
1 1 4 1 2 3 
0
3
2 1 4 1 2 3 
1

modlinear
1
5 3 128
0
0.000000e+00 1.000000e+00 0 0 0.000000e+00 1.000000e+00 0 0 0.000000e+00 1.000000e+00 0 0 
3
1 1 1 1 1 1 
0
3
2 1 1 1 1 1 
0
3
2 3 1 1 1 1 
0
3
3 1 1 1 1 1 
0
3
3 3 1 1 1 1 
0
3
3 5 1 1 1 1 
1
3
3 7 1 1 1 1 
1
3
1 1 2 1 1 1 
0
3
1 1 2 3 1 1 
0
3
1 1 3 1 1 1 
0
3
1 1 3 3 1 1 
0
3
1 1 3 5 1 1 
1
3
1 1 3 7 1 1 
1
3
2 1 2 1 1 1 
0
3
2 1 2 3 1 1 
0
3
2 3 2 1 1 1 
0
3
2 3 2 3 1 1 
1
3
1 1 1 1 2 1 
0
3
1 1 1 1 2 3 
0
3
1 1 1 1 3 1 
0
3
1 1 1 1 3 3 
0
3
1 1 1 1 3 5 
1
3
1 1 1 1 3 7 
1
3
2 1 1 1 2 1 
0
3
2 1 1 1 2 3 
0
3
2 3 1 1 2 1 
0
3
2 3 1 1 2 3 
1
3
1 1 2 1 2 1 
0
3
1 1 2 1 2 3 
0
3
1 1 2 3 2 1 
1
3
1 1 2 3 2 3 
1
3
4 1 1 1 1 1 
0
3
4 3 1 1 1 1 
0
3
3 1 2 1 1 1 
0
3
3 1 2 3 1 1 
0
3
3 1 1 1 2 1 
0
3
3 1 1 1 2 3 
0
3
3 3 2 1 1 1 
0
3
2 1 3 1 1 1 
0
3
2 1 3 3 1 1 
0
3
2 1 2 1 2 1 
0
3
2 1 2 1 2 3 
0
3
2 3 2 1 2 1 
1
3
1 1 3 1 2 1 
0
3
1 1 3 3 2 1 
1
3
1 1 2 1 3 1 
1
3
1 1 2 1 3 3 
1
3
4 1 2 1 1 1 
0
3
4 3 2 1 1 1 
0
3
3 1 3 1 1 1 
0
3
3 1 3 3 1 1 
0
3
3 1 2 1 2 1 
0
3
3 1 2 1 2 3 
0
3
5 1 1 1 1 1 
0
3
5 1 2 1 1 1 
0
3
5 3 1 1 1 1 
0
3
5 3 2 1 1 1 
0
3
4 1 3 1 1 1 
0
3
4 1 3 3 1 1 
0
3
4 1 1 1 2 1 
0
3
4 1 2 1 2 1 
0
3
4 1 1 1 2 3 
0
3
4 1 2 1 2 3 
0
3
2 3 3 1 1 1 
1
3
1 1 4 1 1 1 
0
3
1 1 4 3 1 1 
0
3
1 1 3 1 2 3 
0
3
6 1 1 1 1 1 
0
3
6 1 2 1 1 1 
0
3
6 3 1 1 1 1 
0
3
6 3 2 1 1 1 
0
3
5 1 3 1 1 1 
0
3
5 1 3 3 1 1 
0
3
5 1 1 1 2 1 
0
3
5 1 2 1 2 1 
0
3
5 1 1 1 2 3 
0
3
5 1 2 1 2 3 
0
3
5 3 3 1 1 1 
0
3
2 1 4 1 1 1 
0
3
3 1 4 1 1 1 
0
3
4 1 4 1 1 1 
0
3
2 1 4 3 1 1 
0
3
3 1 4 3 1 1 
0
3
4 1 4 3 1 1 
0
3
2 1 3 1 2 1 
0
3
3 1 3 1 2 1 
0
3
4 1 3 1 2 1 
0
3
2 1 3 1 2 3 
0
3
3 1 3 1 2 3 
0
3
4 1 3 1 2 3 
0
3
3 3 3 1 1 1 
0
3
4 3 3 1 1 1 
0
3
6 1 3 1 1 1 
1
3
6 3 3 1 1 1 
1
3
5 1 4 1 1 1 
1
3
5 1 4 3 1 1 
1
3
5 1 3 1 2 1 
1
3
5 1 3 1 2 3 
1
3
7 1 1 1 1 1 
0
3
7 1 2 1 1 1 
1
3
7 3 1 1 1 1 
0
3
7 3 2 1 1 1 
1
3
6 1 3 3 1 1 
1
3
6 1 1 1 2 1 
0
3
6 1 2 1 2 1 
1
3
6 1 1 1 2 3 
0
3
6 1 2 1 2 3 
1
3
4 1 2 3 1 1 
0
3
5 1 2 3 1 1 
1
3
3 3 4 1 1 1 
1
3
1 1 5 1 1 1 
0
3
2 1 5 1 1 1 
0
3
1 1 5 3 1 1 
0
3
2 1 5 3 1 1 
0
3
1 1 4 1 2 1 
0
3
2 1 4 1 2 1 
0
3
1 1 4 1 2 3 
0
3
2 1 4 1 2 3 
0
3
4 3 4 1 1 1 
1
3
3 1 5 1 1 1 
0
3
3 1 5 3 1 1 
0
3
3 1 4 1 2 1 
0
3
3 1 4 1 2 3 
0
3
5 3 4 1 1 1 
1
3
4 1 5 1 1 1 
1
3
4 1 5 3 1 1 
1
3
4 1 4 1 2 1 
1
3
4 1 4 1 2 3 
1

modlinear
1
5 3 160
0
0.000000e+00 1.000000e+00 0 0 0.000000e+00 1.000000e+00 0 0 0.000000e+00 1.000000e+00 0 0 
3
1 1 1 1 1 1 
0
3
2 1 1 1 1 1 
0
3
2 3 1 1 1 1 
0
3
3 1 1 1 1 1 
0
3
3 3 1 1 1 1 
0
3
3 5 1 1 1 1 
1
3
3 7 1 1 1 1 
1
3
1 1 2 1 1 1 
0
3
1 1 2 3 1 1 
0
3
1 1 3 1 1 1 
0
3
1 1 3 3 1 1 
0
3
1 1 3 5 1 1 
1
3
1 1 3 7 1 1 
1
3
2 1 2 1 1 1 
0
3
2 1 2 3 1 1 
0
3
2 3 2 1 1 1 
0
3
2 3 2 3 1 1 
1
3
1 1 1 1 2 1 
0
3
1 1 1 1 2 3 
0
3
1 1 1 1 3 1 
0
3
1 1 1 1 3 3 
0
3
1 1 1 1 3 5 
1
3
1 1 1 1 3 7 
1
3
2 1 1 1 2 1 
0
3
2 1 1 1 2 3 
0
3
2 3 1 1 2 1 
0
3
2 3 1 1 2 3 
1
3
1 1 2 1 2 1 
0
3
1 1 2 1 2 3 
0
3
1 1 2 3 2 1 
1
3
1 1 2 3 2 3 
1
3
4 1 1 1 1 1 
0
3
4 3 1 1 1 1 
0
3
3 1 2 1 1 1 
0
3
3 1 2 3 1 1 
0
3
3 1 1 1 2 1 
0
3
3 1 1 1 2 3 
0
3
3 3 2 1 1 1 
0
3
2 1 3 1 1 1 
0
3
2 1 3 3 1 1 
0
3
2 1 2 1 2 1 
0
3
2 1 2 1 2 3 
0
3
2 3 2 1 2 1 
1
3
1 1 3 1 2 1 
0
3
1 1 3 3 2 1 
0
3
1 1 2 1 3 1 
0
3
1 1 2 1 3 3 
0
3
4 1 2 1 1 1 
0
3
4 3 2 1 1 1 
0
3
3 1 3 1 1 1 
0
3
3 1 3 3 1 1 
0
3
3 1 2 1 2 1 
0
3
3 1 2 1 2 3 
0
3
5 1 1 1 1 1 
0
3
5 1 2 1 1 1 
0
3
5 3 1 1 1 1 
0
3
5 3 2 1 1 1 
0
3
4 1 3 1 1 1 
0
3
4 1 3 3 1 1 
0
3
4 1 1 1 2 1 
0
3
4 1 2 1 2 1 
0
3
4 1 1 1 2 3 
0
3
4 1 2 1 2 3 
0
3
2 3 3 1 1 1 
1
3
1 1 4 1 1 1 
0
3
1 1 4 3 1 1 
0
3
1 1 3 1 2 3 
0
3
6 1 1 1 1 1 
0
3
6 1 2 1 1 1 
0
3
6 3 1 1 1 1 
0
3
6 3 2 1 1 1 
0
3
5 1 3 1 1 1 
0
3
5 1 3 3 1 1 
0
3
5 1 1 1 2 1 
0
3
5 1 2 1 2 1 
0
3
5 1 1 1 2 3 
0
3
5 1 2 1 2 3 
0
3
5 3 3 1 1 1 
0
3
2 1 4 1 1 1 
0
3
3 1 4 1 1 1 
0
3
4 1 4 1 1 1 
0
3
2 1 4 3 1 1 
0
3
3 1 4 3 1 1 
0
3
4 1 4 3 1 1 
0
3
2 1 3 1 2 1 
0
3
3 1 3 1 2 1 
0
3
4 1 3 1 2 1 
0
3
2 1 3 1 2 3 
0
3
3 1 3 1 2 3 
0
3
4 1 3 1 2 3 
0
3
3 3 3 1 1 1 
0
3
4 3 3 1 1 1 
0
3
6 1 3 1 1 1 
0
3
6 3 3 1 1 1 
1
3
5 1 4 1 1 1 
1
3
5 1 4 3 1 1 
1
3
5 1 3 1 2 1 
1
3
5 1 3 1 2 3 
1
3
7 1 1 1 1 1 
0
3
7 1 2 1 1 1 
0
3
7 3 1 1 1 1 
0
3
7 3 2 1 1 1 
1
3
6 1 3 3 1 1 
0
3
6 1 1 1 2 1 
0
3
6 1 2 1 2 1 
0
3
6 1 1 1 2 3 
0
3
6 1 2 1 2 3 
0
3
4 1 2 3 1 1 
0
3
5 1 2 3 1 1 
1
3
3 3 4 1 1 1 
1
3
1 1 5 1 1 1 
0
3
2 1 5 1 1 1 
0
3
1 1 5 3 1 1 
0
3
2 1 5 3 1 1 
0
3
1 1 4 1 2 1 
0
3
2 1 4 1 2 1 
0
3
1 1 4 1 2 3 
0
3
2 1 4 1 2 3 
0
3
4 3 4 1 1 1 
1
3
3 1 5 1 1 1 
0
3
3 1 5 3 1 1 
0
3
3 1 4 1 2 1 
0
3
3 1 4 1 2 3 
0
3
5 3 4 1 1 1 
1
3
4 1 5 1 1 1 
1
3
4 1 5 3 1 1 
1
3
4 1 4 1 2 1 
1
3
4 1 4 1 2 3 
1
3
8 1 1 1 1 1 
0
3
8 1 2 1 1 1 
1
3
8 3 1 1 1 1 
0
3
8 3 2 1 1 1 
1
3
7 1 3 1 1 1 
1
3
7 1 3 3 1 1 
1
3
7 1 1 1 2 1 
0
3
7 1 2 1 2 1 
1
3
7 1 1 1 2 3 
0
3
7 1 2 1 2 3 
1
3
6 3 1 1 2 1 
0
3
6 3 2 1 2 1 
1
3
2 1 3 3 2 1 
0
3
3 1 3 3 2 1 
0
3
4 1 3 3 2 1 
0
3
5 1 3 3 2 1 
1
3
2 1 1 1 3 1 
0
3
2 1 2 1 3 1 
0
3
3 1 1 1 3 1 
0
3
3 1 2 1 3 1 
0
3
4 1 1 1 3 1 
0
3
4 1 2 1 3 1 
0
3
5 1 1 1 3 1 
0
3
5 1 2 1 3 1 
1
3
2 1 1 1 3 3 
0
3
2 1 2 1 3 3 
0
3
3 1 1 1 3 3 
0
3
3 1 2 1 3 3 
0
3
4 1 1 1 3 3 
0
3
4 1 2 1 3 3 
0
3
5 1 1 1 3 3 
0
3
5 1 2 1 3 3 
1

modlinear
1
5 3 164
0
0.000000e+00 1.000000e+00 0 0 0.000000e+00 1.000000e+00 0 0 0.000000e+00 1.000000e+00 0 0 
3
1 1 1 1 1 1 
0
3
2 1 1 1 1 1 
0
3
2 3 1 1 1 1 
0
3
3 1 1 1 1 1 
0
3
3 3 1 1 1 1 
0
3
3 5 1 1 1 1 
1
3
3 7 1 1 1 1 
1
3
1 1 2 1 1 1 
0
3
1 1 2 3 1 1 
0
3
1 1 3 1 1 1 
0
3
1 1 3 3 1 1 
0
3
1 1 3 5 1 1 
1
3
1 1 3 7 1 1 
1
3
2 1 2 1 1 1 
0
3
2 1 2 3 1 1 
0
3
2 3 2 1 1 1 
0
3
2 3 2 3 1 1 
1
3
1 1 1 1 2 1 
0
3
1 1 1 1 2 3 
0
3
1 1 1 1 3 1 
0
3
1 1 1 1 3 3 
0
3
1 1 1 1 3 5 
1
3
1 1 1 1 3 7 
1
3
2 1 1 1 2 1 
0
3
2 1 1 1 2 3 
0
3
2 3 1 1 2 1 
0
3
2 3 1 1 2 3 
1
3
1 1 2 1 2 1 
0
3
1 1 2 1 2 3 
0
3
1 1 2 3 2 1 
1
3
1 1 2 3 2 3 
1
3
4 1 1 1 1 1 
0
3
4 3 1 1 1 1 
0
3
3 1 2 1 1 1 
0
3
3 1 2 3 1 1 
0
3
3 1 1 1 2 1 
0
3
3 1 1 1 2 3 
0
3
3 3 2 1 1 1 
0
3
2 1 3 1 1 1 
0
3
2 1 3 3 1 1 
0
3
2 1 2 1 2 1 
0
3
2 1 2 1 2 3 
0
3
2 3 2 1 2 1 
1
3
1 1 3 1 2 1 
0
3
1 1 3 3 2 1 
0
3
1 1 2 1 3 1 
0
3
1 1 2 1 3 3 
0
3
4 1 2 1 1 1 
0
3
4 3 2 1 1 1 
0
3
3 1 3 1 1 1 
0
3
3 1 3 3 1 1 
0
3
3 1 2 1 2 1 
0
3
3 1 2 1 2 3 
0
3
5 1 1 1 1 1 
0
3
5 1 2 1 1 1 
0
3
5 3 1 1 1 1 
0
3
5 3 2 1 1 1 
0
3
4 1 3 1 1 1 
0
3
4 1 3 3 1 1 
0
3
4 1 1 1 2 1 
0
3
4 1 2 1 2 1 
0
3
4 1 1 1 2 3 
0
3
4 1 2 1 2 3 
0
3
2 3 3 1 1 1 
1
3
1 1 4 1 1 1 
0
3
1 1 4 3 1 1 
0
3
1 1 3 1 2 3 
0
3
6 1 1 1 1 1 
0
3
6 1 2 1 1 1 
0
3
6 3 1 1 1 1 
0
3
6 3 2 1 1 1 
0
3
5 1 3 1 1 1 
0
3
5 1 3 3 1 1 
0
3
5 1 1 1 2 1 
0
3
5 1 2 1 2 1 
0
3
5 1 1 1 2 3 
0
3
5 1 2 1 2 3 
0
3
5 3 3 1 1 1 
0
3
2 1 4 1 1 1 
0
3
3 1 4 1 1 1 
0
3
4 1 4 1 1 1 
0
3
2 1 4 3 1 1 
0
3
3 1 4 3 1 1 
0
3
4 1 4 3 1 1 
0
3
2 1 3 1 2 1 
0
3
3 1 3 1 2 1 
0
3
4 1 3 1 2 1 
0
3
2 1 3 1 2 3 
0
3
3 1 3 1 2 3 
0
3
4 1 3 1 2 3 
0
3
3 3 3 1 1 1 
0
3
4 3 3 1 1 1 
0
3
6 1 3 1 1 1 
0
3
6 3 3 1 1 1 
1
3
5 1 4 1 1 1 
1
3
5 1 4 3 1 1 
1
3
5 1 3 1 2 1 
1
3
5 1 3 1 2 3 
1
3
7 1 1 1 1 1 
0
3
7 1 2 1 1 1 
0
3
7 3 1 1 1 1 
0
3
7 3 2 1 1 1 
1
3
6 1 3 3 1 1 
0
3
6 1 1 1 2 1 
0
3
6 1 2 1 2 1 
0
3
6 1 1 1 2 3 
0
3
6 1 2 1 2 3 
0
3
4 1 2 3 1 1 
0
3
5 1 2 3 1 1 
1
3
3 3 4 1 1 1 
1
3
1 1 5 1 1 1 
0
3
2 1 5 1 1 1 
0
3
1 1 5 3 1 1 
0
3
2 1 5 3 1 1 
0
3
1 1 4 1 2 1 
0
3
2 1 4 1 2 1 
0
3
1 1 4 1 2 3 
0
3
2 1 4 1 2 3 
0
3
4 3 4 1 1 1 
1
3
3 1 5 1 1 1 
0
3
3 1 5 3 1 1 
0
3
3 1 4 1 2 1 
0
3
3 1 4 1 2 3 
0
3
5 3 4 1 1 1 
1
3
4 1 5 1 1 1 
1
3
4 1 5 3 1 1 
1
3
4 1 4 1 2 1 
1
3
4 1 4 1 2 3 
1
3
8 1 1 1 1 1 
0
3
8 1 2 1 1 1 
1
3
8 3 1 1 1 1 
0
3
8 3 2 1 1 1 
1
3
7 1 3 1 1 1 
1
3
7 1 3 3 1 1 
1
3
7 1 1 1 2 1 
0
3
7 1 2 1 2 1 
1
3
7 1 1 1 2 3 
0
3
7 1 2 1 2 3 
1
3
6 3 1 1 2 1 
0
3
6 3 2 1 2 1 
1
3
2 1 3 3 2 1 
0
3
3 1 3 3 2 1 
0
3
4 1 3 3 2 1 
0
3
5 1 3 3 2 1 
1
3
2 1 1 1 3 1 
0
3
2 1 2 1 3 1 
0
3
3 1 1 1 3 1 
0
3
3 1 2 1 3 1 
0
3
4 1 1 1 3 1 
0
3
4 1 2 1 3 1 
0
3
5 1 1 1 3 1 
0
3
5 1 2 1 3 1 
1
3
2 1 1 1 3 3 
0
3
2 1 2 1 3 3 
0
3
3 1 1 1 3 3 
0
3
3 1 2 1 3 3 
0
3
4 1 1 1 3 3 
0
3
4 1 2 1 3 3 
0
3
5 1 1 1 3 3 
0
3
5 1 2 1 3 3 
1
3
5 3 1 1 2 1 
0
3
5 3 2 1 2 1 
1
3
4 3 1 1 2 1 
0
3
4 3 2 1 2 1 
1

modlinear
1
5 3 174
0
0.000000e+00 1.000000e+00 0 0 0.000000e+00 1.000000e+00 0 0 0.000000e+00 1.000000e+00 0 0 
3
1 1 1 1 1 1 
0
3
2 1 1 1 1 1 
0
3
2 3 1 1 1 1 
0
3
3 1 1 1 1 1 
0
3
3 3 1 1 1 1 
0
3
3 5 1 1 1 1 
1
3
3 7 1 1 1 1 
1
3
1 1 2 1 1 1 
0
3
1 1 2 3 1 1 
0
3
1 1 3 1 1 1 
0
3
1 1 3 3 1 1 
0
3
1 1 3 5 1 1 
1
3
1 1 3 7 1 1 
1
3
2 1 2 1 1 1 
0
3
2 1 2 3 1 1 
0
3
2 3 2 1 1 1 
0
3
2 3 2 3 1 1 
1
3
1 1 1 1 2 1 
0
3
1 1 1 1 2 3 
0
3
1 1 1 1 3 1 
0
3
1 1 1 1 3 3 
0
3
1 1 1 1 3 5 
1
3
1 1 1 1 3 7 
1
3
2 1 1 1 2 1 
0
3
2 1 1 1 2 3 
0
3
2 3 1 1 2 1 
0
3
2 3 1 1 2 3 
1
3
1 1 2 1 2 1 
0
3
1 1 2 1 2 3 
0
3
1 1 2 3 2 1 
1
3
1 1 2 3 2 3 
1
3
4 1 1 1 1 1 
0
3
4 3 1 1 1 1 
0
3
3 1 2 1 1 1 
0
3
3 1 2 3 1 1 
0
3
3 1 1 1 2 1 
0
3
3 1 1 1 2 3 
0
3
3 3 2 1 1 1 
0
3
2 1 3 1 1 1 
0
3
2 1 3 3 1 1 
0
3
2 1 2 1 2 1 
0
3
2 1 2 1 2 3 
0
3
2 3 2 1 2 1 
1
3
1 1 3 1 2 1 
0
3
1 1 3 3 2 1 
0
3
1 1 2 1 3 1 
0
3
1 1 2 1 3 3 
0
3
4 1 2 1 1 1 
0
3
4 3 2 1 1 1 
0
3
3 1 3 1 1 1 
0
3
3 1 3 3 1 1 
0
3
3 1 2 1 2 1 
0
3
3 1 2 1 2 3 
0
3
5 1 1 1 1 1 
0
3
5 1 2 1 1 1 
0
3
5 3 1 1 1 1 
0
3
5 3 2 1 1 1 
0
3
4 1 3 1 1 1 
0
3
4 1 3 3 1 1 
0
3
4 1 1 1 2 1 
0
3
4 1 2 1 2 1 
0
3
4 1 1 1 2 3 
0
3
4 1 2 1 2 3 
0
3
2 3 3 1 1 1 
1
3
1 1 4 1 1 1 
0
3
1 1 4 3 1 1 
0
3
1 1 3 1 2 3 
0
3
6 1 1 1 1 1 
0
3
6 1 2 1 1 1 
0
3
6 3 1 1 1 1 
0
3
6 3 2 1 1 1 
0
3
5 1 3 1 1 1 
0
3
5 1 3 3 1 1 
0
3
5 1 1 1 2 1 
0
3
5 1 2 1 2 1 
0
3
5 1 1 1 2 3 
0
3
5 1 2 1 2 3 
0
3
5 3 3 1 1 1 
0
3
2 1 4 1 1 1 
0
3
3 1 4 1 1 1 
0
3
4 1 4 1 1 1 
0
3
2 1 4 3 1 1 
0
3
3 1 4 3 1 1 
0
3
4 1 4 3 1 1 
0
3
2 1 3 1 2 1 
0
3
3 1 3 1 2 1 
0
3
4 1 3 1 2 1 
0
3
2 1 3 1 2 3 
0
3
3 1 3 1 2 3 
0
3
4 1 3 1 2 3 
0
3
3 3 3 1 1 1 
0
3
4 3 3 1 1 1 
0
3
6 1 3 1 1 1 
0
3
6 3 3 1 1 1 
1
3
5 1 4 1 1 1 
1
3
5 1 4 3 1 1 
1
3
5 1 3 1 2 1 
0
3
5 1 3 1 2 3 
1
3
7 1 1 1 1 1 
0
3
7 1 2 1 1 1 
0
3
7 3 1 1 1 1 
0
3
7 3 2 1 1 1 
0
3
6 1 3 3 1 1 
0
3
6 1 1 1 2 1 
0
3
6 1 2 1 2 1 
0
3
6 1 1 1 2 3 
0
3
6 1 2 1 2 3 
0
3
4 1 2 3 1 1 
0
3
5 1 2 3 1 1 
1
3
3 3 4 1 1 1 
1
3
1 1 5 1 1 1 
0
3
2 1 5 1 1 1 
0
3
1 1 5 3 1 1 
0
3
2 1 5 3 1 1 
0
3
1 1 4 1 2 1 
0
3
2 1 4 1 2 1 
0
3
1 1 4 1 2 3 
0
3
2 1 4 1 2 3 
0
3
4 3 4 1 1 1 
1
3
3 1 5 1 1 1 
0
3
3 1 5 3 1 1 
0
3
3 1 4 1 2 1 
0
3
3 1 4 1 2 3 
0
3
5 3 4 1 1 1 
1
3
4 1 5 1 1 1 
1
3
4 1 5 3 1 1 
1
3
4 1 4 1 2 1 
1
3
4 1 4 1 2 3 
1
3
8 1 1 1 1 1 
0
3
8 1 2 1 1 1 
1
3
8 3 1 1 1 1 
0
3
8 3 2 1 1 1 
1
3
7 1 3 1 1 1 
1
3
7 1 3 3 1 1 
1
3
7 1 1 1 2 1 
0
3
7 1 2 1 2 1 
1
3
7 1 1 1 2 3 
0
3
7 1 2 1 2 3 
1
3
6 3 1 1 2 1 
0
3
6 3 2 1 2 1 
1
3
2 1 3 3 2 1 
0
3
3 1 3 3 2 1 
0
3
4 1 3 3 2 1 
0
3
5 1 3 3 2 1 
0
3
2 1 1 1 3 1 
0
3
2 1 2 1 3 1 
0
3
3 1 1 1 3 1 
0
3
3 1 2 1 3 1 
0
3
4 1 1 1 3 1 
0
3
4 1 2 1 3 1 
0
3
5 1 1 1 3 1 
0
3
5 1 2 1 3 1 
0
3
2 1 1 1 3 3 
0
3
2 1 2 1 3 3 
0
3
3 1 1 1 3 3 
0
3
3 1 2 1 3 3 
0
3
4 1 1 1 3 3 
0
3
4 1 2 1 3 3 
0
3
5 1 1 1 3 3 
0
3
5 1 2 1 3 3 
0
3
5 3 1 1 2 1 
0
3
5 3 2 1 2 1 
1
3
4 3 1 1 2 1 
0
3
4 3 2 1 2 1 
1
3
7 3 1 1 2 1 
0
3
7 3 2 1 2 1 
1
3
6 1 3 1 2 1 
1
3
6 1 3 3 2 1 
1
3
6 1 1 1 3 1 
0
3
6 1 2 1 3 1 
1
3
6 1 1 1 3 3 
0
3
6 1 2 1 3 3 
1
3
3 3 1 1 2 1 
0
3
3 3 2 1 2 1 
1

modlinear
1
5 3 179
0
0.000000e+00 1.000000e+00 0 0 0.000000e+00 1.000000e+00 0 0 0.000000e+00 1.000000e+00 0 0 
3
1 1 1 1 1 1 
0
3
2 1 1 1 1 1 
0
3
2 3 1 1 1 1 
0
3
3 1 1 1 1 1 
0
3
3 3 1 1 1 1 
0
3
3 5 1 1 1 1 
1
3
3 7 1 1 1 1 
1
3
1 1 2 1 1 1 
0
3
1 1 2 3 1 1 
0
3
1 1 3 1 1 1 
0
3
1 1 3 3 1 1 
0
3
1 1 3 5 1 1 
1
3
1 1 3 7 1 1 
1
3
2 1 2 1 1 1 
0
3
2 1 2 3 1 1 
0
3
2 3 2 1 1 1 
0
3
2 3 2 3 1 1 
1
3
1 1 1 1 2 1 
0
3
1 1 1 1 2 3 
0
3
1 1 1 1 3 1 
0
3
1 1 1 1 3 3 
0
3
1 1 1 1 3 5 
1
3
1 1 1 1 3 7 
1
3
2 1 1 1 2 1 
0
3
2 1 1 1 2 3 
0
3
2 3 1 1 2 1 
0
3
2 3 1 1 2 3 
1
3
1 1 2 1 2 1 
0
3
1 1 2 1 2 3 
0
3
1 1 2 3 2 1 
1
3
1 1 2 3 2 3 
1
3
4 1 1 1 1 1 
0
3
4 3 1 1 1 1 
0
3
3 1 2 1 1 1 
0
3
3 1 2 3 1 1 
0
3
3 1 1 1 2 1 
0
3
3 1 1 1 2 3 
0
3
3 3 2 1 1 1 
0
3
2 1 3 1 1 1 
0
3
2 1 3 3 1 1 
0
3
2 1 2 1 2 1 
0
3
2 1 2 1 2 3 
0
3
2 3 2 1 2 1 
1
3
1 1 3 1 2 1 
0
3
1 1 3 3 2 1 
0
3
1 1 2 1 3 1 
0
3
1 1 2 1 3 3 
0
3
4 1 2 1 1 1 
0
3
4 3 2 1 1 1 
0
3
3 1 3 1 1 1 
0
3
3 1 3 3 1 1 
0
3
3 1 2 1 2 1 
0
3
3 1 2 1 2 3 
0
3
5 1 1 1 1 1 
0
3
5 1 2 1 1 1 
0
3
5 3 1 1 1 1 
0
3
5 3 2 1 1 1 
0
3
4 1 3 1 1 1 
0
3
4 1 3 3 1 1 
0
3
4 1 1 1 2 1 
0
3
4 1 2 1 2 1 
0
3
4 1 1 1 2 3 
0
3
4 1 2 1 2 3 
0
3
2 3 3 1 1 1 
0
3
1 1 4 1 1 1 
0
3
1 1 4 3 1 1 
0
3
1 1 3 1 2 3 
0
3
6 1 1 1 1 1 
0
3
6 1 2 1 1 1 
0
3
6 3 1 1 1 1 
0
3
6 3 2 1 1 1 
0
3
5 1 3 1 1 1 
0
3
5 1 3 3 1 1 
0
3
5 1 1 1 2 1 
0
3
5 1 2 1 2 1 
0
3
5 1 1 1 2 3 
0
3
5 1 2 1 2 3 
0
3
5 3 3 1 1 1 
0
3
2 1 4 1 1 1 
0
3
3 1 4 1 1 1 
0
3
4 1 4 1 1 1 
0
3
2 1 4 3 1 1 
0
3
3 1 4 3 1 1 
0
3
4 1 4 3 1 1 
0
3
2 1 3 1 2 1 
0
3
3 1 3 1 2 1 
0
3
4 1 3 1 2 1 
0
3
2 1 3 1 2 3 
0
3
3 1 3 1 2 3 
0
3
4 1 3 1 2 3 
0
3
3 3 3 1 1 1 
0
3
4 3 3 1 1 1 
0
3
6 1 3 1 1 1 
0
3
6 3 3 1 1 1 
1
3
5 1 4 1 1 1 
0
3
5 1 4 3 1 1 
0
3
5 1 3 1 2 1 
0
3
5 1 3 1 2 3 
0
3
7 1 1 1 1 1 
0
3
7 1 2 1 1 1 
0
3
7 3 1 1 1 1 
0
3
7 3 2 1 1 1 
0
3
6 1 3 3 1 1 
0
3
6 1 1 1 2 1 
0
3
6 1 2 1 2 1 
0
3
6 1 1 1 2 3 
0
3
6 1 2 1 2 3 
0
3
4 1 2 3 1 1 
0
3
5 1 2 3 1 1 
1
3
3 3 4 1 1 1 
1
3
1 1 5 1 1 1 
0
3
2 1 5 1 1 1 
0
3
1 1 5 3 1 1 
0
3
2 1 5 3 1 1 
0
3
1 1 4 1 2 1 
0
3
2 1 4 1 2 1 
0
3
1 1 4 1 2 3 
0
3
2 1 4 1 2 3 
0
3
4 3 4 1 1 1 
1
3
3 1 5 1 1 1 
0
3
3 1 5 3 1 1 
0
3
3 1 4 1 2 1 
0
3
3 1 4 1 2 3 
0
3
5 3 4 1 1 1 
1
3
4 1 5 1 1 1 
1
3
4 1 5 3 1 1 
1
3
4 1 4 1 2 1 
1
3
4 1 4 1 2 3 
1
3
8 1 1 1 1 1 
0
3
8 1 2 1 1 1 
1
3
8 3 1 1 1 1 
0
3
8 3 2 1 1 1 
1
3
7 1 3 1 1 1 
1
3
7 1 3 3 1 1 
1
3
7 1 1 1 2 1 
0
3
7 1 2 1 2 1 
1
3
7 1 1 1 2 3 
0
3
7 1 2 1 2 3 
1
3
6 3 1 1 2 1 
0
3
6 3 2 1 2 1 
1
3
2 1 3 3 2 1 
0
3
3 1 3 3 2 1 
0
3
4 1 3 3 2 1 
0
3
5 1 3 3 2 1 
0
3
2 1 1 1 3 1 
0
3
2 1 2 1 3 1 
0
3
3 1 1 1 3 1 
0
3
3 1 2 1 3 1 
0
3
4 1 1 1 3 1 
0
3
4 1 2 1 3 1 
0
3
5 1 1 1 3 1 
0
3
5 1 2 1 3 1 
0
3
2 1 1 1 3 3 
0
3
2 1 2 1 3 3 
0
3
3 1 1 1 3 3 
0
3
3 1 2 1 3 3 
0
3
4 1 1 1 3 3 
0
3
4 1 2 1 3 3 
0
3
5 1 1 1 3 3 
0
3
5 1 2 1 3 3 
0
3
5 3 1 1 2 1 
0
3
5 3 2 1 2 1 
1
3
4 3 1 1 2 1 
0
3
4 3 2 1 2 1 
1
3
7 3 1 1 2 1 
0
3
7 3 2 1 2 1 
1
3
6 1 3 1 2 1 
1
3
6 1 3 3 2 1 
1
3
6 1 1 1 3 1 
0
3
6 1 2 1 3 1 
1
3
6 1 1 1 3 3 
0
3
6 1 2 1 3 3 
1
3
3 3 1 1 2 1 
0
3
3 3 2 1 2 1 
1
3
7 3 3 1 1 1 
1
3
6 1 4 1 1 1 
1
3
6 1 4 3 1 1 
1
3
6 1 3 1 2 3 
1
3
2 3 4 1 1 1 
1

modlinear
1
5 3 194
0
0.000000e+00 1.000000e+00 0 0 0.000000e+00 1.000000e+00 0 0 0.000000e+00 1.000000e+00 0 0 
3
1 1 1 1 1 1 
0
3
2 1 1 1 1 1 
0
3
2 3 1 1 1 1 
0
3
3 1 1 1 1 1 
0
3
3 3 1 1 1 1 
0
3
3 5 1 1 1 1 
1
3
3 7 1 1 1 1 
1
3
1 1 2 1 1 1 
0
3
1 1 2 3 1 1 
0
3
1 1 3 1 1 1 
0
3
1 1 3 3 1 1 
0
3
1 1 3 5 1 1 
1
3
1 1 3 7 1 1 
1
3
2 1 2 1 1 1 
0
3
2 1 2 3 1 1 
0
3
2 3 2 1 1 1 
0
3
2 3 2 3 1 1 
1
3
1 1 1 1 2 1 
0
3
1 1 1 1 2 3 
0
3
1 1 1 1 3 1 
0
3
1 1 1 1 3 3 
0
3
1 1 1 1 3 5 
1
3
1 1 1 1 3 7 
1
3
2 1 1 1 2 1 
0
3
2 1 1 1 2 3 
0
3
2 3 1 1 2 1 
0
3
2 3 1 1 2 3 
1
3
1 1 2 1 2 1 
0
3
1 1 2 1 2 3 
0
3
1 1 2 3 2 1 
1
3
1 1 2 3 2 3 
1
3
4 1 1 1 1 1 
0
3
4 3 1 1 1 1 
0
3
3 1 2 1 1 1 
0
3
3 1 2 3 1 1 
0
3
3 1 1 1 2 1 
0
3
3 1 1 1 2 3 
0
3
3 3 2 1 1 1 
0
3
2 1 3 1 1 1 
0
3
2 1 3 3 1 1 
0
3
2 1 2 1 2 1 
0
3
2 1 2 1 2 3 
0
3
2 3 2 1 2 1 
1
3
1 1 3 1 2 1 
0
3
1 1 3 3 2 1 
0
3
1 1 2 1 3 1 
0
3
1 1 2 1 3 3 
0
3
4 1 2 1 1 1 
0
3
4 3 2 1 1 1 
0
3
3 1 3 1 1 1 
0
3
3 1 3 3 1 1 
0
3
3 1 2 1 2 1 
0
3
3 1 2 1 2 3 
0
3
5 1 1 1 1 1 
0
3
5 1 2 1 1 1 
0
3
5 3 1 1 1 1 
0
3
5 3 2 1 1 1 
0
3
4 1 3 1 1 1 
0
3
4 1 3 3 1 1 
0
3
4 1 1 1 2 1 
0
3
4 1 2 1 2 1 
0
3
4 1 1 1 2 3 
0
3
4 1 2 1 2 3 
0
3
2 3 3 1 1 1 
0
3
1 1 4 1 1 1 
0
3
1 1 4 3 1 1 
0
3
1 1 3 1 2 3 
0
3
6 1 1 1 1 1 
0
3
6 1 2 1 1 1 
0
3
6 3 1 1 1 1 
0
3
6 3 2 1 1 1 
0
3
5 1 3 1 1 1 
0
3
5 1 3 3 1 1 
0
3
5 1 1 1 2 1 
0
3
5 1 2 1 2 1 
0
3
5 1 1 1 2 3 
0
3
5 1 2 1 2 3 
0
3
5 3 3 1 1 1 
0
3
2 1 4 1 1 1 
0
3
3 1 4 1 1 1 
0
3
4 1 4 1 1 1 
0
3
2 1 4 3 1 1 
0
3
3 1 4 3 1 1 
0
3
4 1 4 3 1 1 
0
3
2 1 3 1 2 1 
0
3
3 1 3 1 2 1 
0
3
4 1 3 1 2 1 
0
3
2 1 3 1 2 3 
0
3
3 1 3 1 2 3 
0
3
4 1 3 1 2 3 
0
3
3 3 3 1 1 1 
0
3
4 3 3 1 1 1 
0
3
6 1 3 1 1 1 
0
3
6 3 3 1 1 1 
0
3
5 1 4 1 1 1 
0
3
5 1 4 3 1 1 
0
3
5 1 3 1 2 1 
0
3
5 1 3 1 2 3 
0
3
7 1 1 1 1 1 
0
3
7 1 2 1 1 1 
0
3
7 3 1 1 1 1 
0
3
7 3 2 1 1 1 
0
3
6 1 3 3 1 1 
0
3
6 1 1 1 2 1 
0
3
6 1 2 1 2 1 
0
3
6 1 1 1 2 3 
0
3
6 1 2 1 2 3 
0
3
4 1 2 3 1 1 
0
3
5 1 2 3 1 1 
1
3
3 3 4 1 1 1 
1
3
1 1 5 1 1 1 
0
3
2 1 5 1 1 1 
0
3
1 1 5 3 1 1 
0
3
2 1 5 3 1 1 
0
3
1 1 4 1 2 1 
0
3
2 1 4 1 2 1 
0
3
1 1 4 1 2 3 
0
3
2 1 4 1 2 3 
0
3
4 3 4 1 1 1 
1
3
3 1 5 1 1 1 
0
3
3 1 5 3 1 1 
0
3
3 1 4 1 2 1 
0
3
3 1 4 1 2 3 
0
3
5 3 4 1 1 1 
1
3
4 1 5 1 1 1 
0
3
4 1 5 3 1 1 
0
3
4 1 4 1 2 1 
0
3
4 1 4 1 2 3 
0
3
8 1 1 1 1 1 
0
3
8 1 2 1 1 1 
0
3
8 3 1 1 1 1 
0
3
8 3 2 1 1 1 
1
3
7 1 3 1 1 1 
0
3
7 1 3 3 1 1 
0
3
7 1 1 1 2 1 
0
3
7 1 2 1 2 1 
0
3
7 1 1 1 2 3 
0
3
7 1 2 1 2 3 
0
3
6 3 1 1 2 1 
0
3
6 3 2 1 2 1 
1
3
2 1 3 3 2 1 
0
3
3 1 3 3 2 1 
0
3
4 1 3 3 2 1 
0
3
5 1 3 3 2 1 
0
3
2 1 1 1 3 1 
0
3
2 1 2 1 3 1 
0
3
3 1 1 1 3 1 
0
3
3 1 2 1 3 1 
0
3
4 1 1 1 3 1 
0
3
4 1 2 1 3 1 
0
3
5 1 1 1 3 1 
0
3
5 1 2 1 3 1 
0
3
2 1 1 1 3 3 
0
3
2 1 2 1 3 3 
0
3
3 1 1 1 3 3 
0
3
3 1 2 1 3 3 
0
3
4 1 1 1 3 3 
0
3
4 1 2 1 3 3 
0
3
5 1 1 1 3 3 
0
3
5 1 2 1 3 3 
0
3
5 3 1 1 2 1 
0
3
5 3 2 1 2 1 
1
3
4 3 1 1 2 1 
0
3
4 3 2 1 2 1 
1
3
7 3 1 1 2 1 
0
3
7 3 2 1 2 1 
1
3
6 1 3 1 2 1 
1
3
6 1 3 3 2 1 
1
3
6 1 1 1 3 1 
0
3
6 1 2 1 3 1 
1
3
6 1 1 1 3 3 
0
3
6 1 2 1 3 3 
1
3
3 3 1 1 2 1 
0
3
3 3 2 1 2 1 
1
3
7 3 3 1 1 1 
1
3
6 1 4 1 1 1 
1
3
6 1 4 3 1 1 
1
3
6 1 3 1 2 3 
1
3
2 3 4 1 1 1 
1
3
9 1 1 1 1 1 
0
3
9 1 2 1 1 1 
1
3
9 3 1 1 1 1 
0
3
9 3 2 1 1 1 
1
3
8 1 3 1 1 1 
1
3
8 1 3 3 1 1 
1
3
8 1 1 1 2 1 
0
3
8 1 2 1 2 1 
1
3
8 1 1 1 2 3 
0
3
8 1 2 1 2 3 
1
3
6 3 4 1 1 1 
1
3
5 1 5 1 1 1 
1
3
5 1 5 3 1 1 
1
3
5 1 4 1 2 1 
1
3
5 1 4 1 2 3 
1

