10,[[ 0, 0.453227, 0.502691, 0.730404, 0.701632, 0.282994, 0.560425, 0.577536, 0.706536, 0.720448],
[ 0, 0.403638, 0.631153, 0.649135, 0.638549, 0.303179, 0.60715, 0.544492, 0.375067, 0.540178],
[ 0, 0.422035, 0.591915, 0.496603, 0.514748, 0.23789, 0.604969, 0.509014, 0.514101, 0.530188],
[ 0, 0.435171, 0.552724, 0.51946, 0.53059, 0.296722, 0.652623, 0.519024, 0.66899, 0.491535],
[ 0, 0.522485, 0.761154, 0.482433, 0.504319, 0.240881, 0.467846, 0.512607, 0.174057, 0.81845],
[ 0, 0.664601, 0.808966, 0.238533, 0.306148, 0.330941, 0.389498, 0.681852, 0.919975, 0.355043],
[ 0, 0.360129, 0.472291, 0.765484, 0.696359, 0.273262, 0.551406, 0.51563, 0.860937, 0.450093],
[ 0, 0.488848, 0.616143, 0.497166, 0.531661, 0.298542, 0.536675, 0.576304, 0.47633, 0.633674],
[ 0, 0.417543, 0.647428, 0.561892, 0.582267, 0.316448, 0.65529, 0.512557, 0.497217, 0.41236],
[ 0, 0.380793, 0.442921, 0.963329, 0.863188, 0.293399, 0.597916, 0.500989, 0.9037, 0.333303]]
20,[[ 0, 0.374788, 0.577962, 0.573848, 0.569381, 0.284011, 0.610281, 0.501213, 0.691714, 0.256634],
[ 0, 0.393461, 0.532626, 0.616405, 0.606202, 0.319672, 0.546537, 0.5119, 0.508687, 0.419704],
[ 0, 0.565444, 0.83074, 0.283462, 0.345925, 0.223851, 0.736062, 0.488797, 0.447426, 0.659769],
[ 0, 0.447057, 0.611715, 0.588767, 0.577974, 0.311146, 0.615254, 0.491806, 0.438032, 0.373717],
[ 0, 0.378011, 0.518432, 0.787945, 0.733891, 0.309167, 0.612357, 0.553471, 0.657445, 0.439716],
[ 0, 0.361843, 0.437889, 0.869886, 0.850636, 0.285611, 0.587957, 0.55642, 0.496494, 0.503286],
[ 0, 0.425956, 0.528117, 0.625306, 0.632584, 0.315309, 0.59676, 0.558292, 0.364744, 0.362712],
[ 0, 0.371399, 0.503366, 0.726286, 0.672279, 0.31613, 0.600276, 0.503686, 0.66573, 0.503717],
[ 0, 0.488314, 0.650873, 0.510299, 0.514588, 0.292482, 0.624704, 0.573998, 0.751429, 0.319178],
[ 0, 0.387531, 0.486423, 0.727159, 0.735867, 0.26634, 0.539537, 0.512884, 0.709411, 0.325894]]
30,[[ 0, 0.444741, 0.563886, 0.569193, 0.56073, 0.295062, 0.616078, 0.575829, 0.846432, 0.217293],
[ 0, 0.380902, 0.41878, 0.712429, 0.677836, 0.259418, 0.559282, 0.559809, 0.790504, 0.397142],
[ 0, 0.635498, 0.871069, 0.218687, 0.28975, 0.357919, 0.786887, 0.397081, 0.564274, 0.432161],
[ 0, 0.474276, 0.696002, 0.418912, 0.455681, 0.30881, 0.691922, 0.590606, 0.382221, 0.615389],
[ 0, 0.450436, 0.642344, 0.521943, 0.529822, 0.247803, 0.565604, 0.491449, 0.484608, 0.400568],
[ 0, 0.397296, 0.60972, 0.597572, 0.663484, 0.306069, 0.61752, 0.556542, 0.80316, 0.502841],
[ 0, 0.435713, 0.596185, 0.585385, 0.567999, 0.29062, 0.610803, 0.516, 0.722534, 0.264573],
[ 0, 0.366577, 0.393333, 0.778094, 0.733985, 0.289173, 0.570888, 0.547623, 0.810322, 0.503655],
[ 0, 0.445529, 0.599999, 0.625032, 0.662496, 0.285163, 0.52835, 0.49364, 0.332943, 0.591539],
[ 0, 0.472848, 0.71321, 0.44182, 0.474732, 0.343032, 0.686164, 0.48578, 0.425707, 0.588717]]
40,[[ 0, 0.307205, 0.560622, 0.773163, 0.741932, 0.302864, 0.635235, 0.557294, 0.59545, 0.410018],
[ 0, 0.471105, 0.589049, 0.515443, 0.517466, 0.294026, 0.543478, 0.579884, 0.423827, 0.640976],
[ 0, 0.414188, 0.409672, 0.670304, 0.633172, 0.254986, 0.613796, 0.550211, 0.796486, 0.502521],
[ 0, 0.395217, 0.502657, 0.68184, 0.666108, 0.318121, 0.605479, 0.561685, 0.877857, 0.548543],
[ 0, 0.398553, 0.425358, 0.726604, 0.6988, 0.29847, 0.606875, 0.500999, 0.732777, 0.440385],
[ 0, 0.39764, 0.58032, 0.671585, 0.64248, 0.268093, 0.540395, 0.558827, 0.936406, 0.500643],
[ 0, 0.46624, 0.682631, 0.416266, 0.462539, 0.357675, 0.630876, 0.520301, 0.406385, 0.582027],
[ 0, 0.486429, 0.680446, 0.450657, 0.475094, 0.290772, 0.67001, 0.490508, 0.323142, 0.73221],
[ 0, 0.371631, 0.47259, 0.81327, 0.752212, 0.289867, 0.571578, 0.548078, 0.949393, 0.273426],
[ 0, 0.480646, 0.65768, 0.55236, 0.546632, 0.284769, 0.637528, 0.562982, 0.336856, 0.721543]]
50,[[ 0, 0.364683, 0.341779, 0.922525, 0.822679, 0.302163, 0.574931, 0.563945, 0.994619, 0.2821],
[ 0, 0.323655, 0.501607, 0.728585, 0.672279, 0.285433, 0.615148, 0.522537, 0.699817, 0.287283],
[ 0, 0.400409, 0.515552, 0.696341, 0.671095, 0.297112, 0.613293, 0.502375, 0.66798, 0.375286],
[ 0, 0.348312, 0.418285, 0.807962, 0.756103, 0.31117, 0.599991, 0.545224, 0.48338, 0.401264],
[ 0, 0.41892, 0.556464, 0.652999, 0.637852, 0.264234, 0.541934, 0.555727, 0.748381, 0.547965],
[ 0, 0.422894, 0.614787, 0.60438, 0.590973, 0.255314, 0.486974, 0.492094, 0.534461, 0.440647],
[ 0, 0.711919, 0.699949, 0.380324, 0.438431, 0.131575, 0.694596, 0.348637, 0.405656, 0.59749],
[ 0, 0.423275, 0.634409, 0.556231, 0.579321, 0.156379, 0.666413, 0.490261, 0.454855, 0.624098],
[ 0, 0.54134, 0.676108, 0.461031, 0.517306, 0.527058, 0.385521, 0.465364, 0.763361, 0.474096],
[ 0, 0.316455, 0.331978, 0.898423, 0.805656, 0.266144, 0.560628, 0.549541, 0.813335, 0.384684]]
60,[[ 0, 0.40624, 0.584136, 0.552666, 0.552884, 0.283154, 0.612333, 0.515798, 0.86809, 0.305825],
[ 0, 0.384217, 0.396931, 0.766995, 0.723795, 0.27329, 0.561878, 0.552717, 0.593972, 0.229516],
[ 0, 0.353192, 0.493915, 0.695267, 0.665781, 0.266971, 0.564674, 0.553481, 0.417405, 0.536463],
[ 0, 0.371869, 0.579346, 0.616682, 0.64271, 0.299902, 0.638394, 0.509623, 0.539034, 0.478658],
[ 0, 0.388301, 0.52377, 0.640807, 0.643744, 0.286125, 0.531137, 0.559557, 0.489935, 0.552483],
[ 0, 0.434918, 0.481109, 0.672694, 0.64294, 0.340782, 0.656048, 0.498596, 0.965265, 0.29314],
[ 0, 0.455274, 0.72862, 0.446446, 0.4674, 0.35313, 0.695821, 0.498726, 0.483048, 0.483687],
[ 0, 0.661911, 0.725392, 0.332864, 0.380314, 0.199893, 0.441147, 0.436707, 0.598004, 0.692002],
[ 0, 0.445747, 0.604257, 0.629486, 0.63223, 0.279468, 0.604417, 0.506101, 0.599816, 0.442489],
[ 0, 0.379667, 0.466495, 0.696918, 0.679003, 0.284443, 0.611253, 0.558685, 0.571489, 0.423548]]
70,[[ 0, 0.315309, 0.400381, 0.780772, 0.734645, 0.296848, 0.608005, 0.527466, 0.609293, 0.497903],
[ 0, 0.505987, 0.602376, 0.685198, 0.689163, 0.31719, 0.625502, 0.508734, 0.927037, 0.45133],
[ 0, 0.435761, 0.601764, 0.597762, 0.601147, 0.278084, 0.5413, 0.563475, 0.682908, 0.489461],
[ 0, 0.454577, 0.642988, 0.539861, 0.575403, 0.332563, 0.656695, 0.504681, 0.332201, 0.553001],
[ 0, 0.403034, 0.453481, 0.761314, 0.736242, 0.280697, 0.611151, 0.544494, 0.952948, 0.36151],
[ 0, 0.477075, 0.586428, 0.621833, 0.577029, 0.443635, 0.481504, 0.598883, 0.625233, 0.268154],
[ 0, 0.460177, 0.571407, 0.454344, 0.477439, 0.39914, 0.481731, 0.497038, 0.985537, 0.089768],
[ 0, 0.361462, 0.456641, 0.825064, 0.738395, 0.293488, 0.551917, 0.524667, 0.617979, 0.336748],
[ 0, 0.419641, 0.583868, 0.559977, 0.553317, 0.282209, 0.600096, 0.553349, 0.717608, 0.461568],
[ 0, 0.674379, 0.744086, 0.434989, 0.528899, 0.243592, 0.373153, 0.712878, 0.989398, 0.821329]]
80,[[ 0, 0.423336, 0.648769, 0.518161, 0.541909, 0.293747, 0.633229, 0.501674, 0.231658, 0.468221],
[ 0, 0.367159, 0.393681, 0.848608, 0.862596, 0.289231, 0.628526, 0.498946, 0.939982, 0.458607],
[ 0, 0.369077, 0.282591, 0.90168, 0.818453, 0.302533, 0.568718, 0.561127, 0.602524, 0.59228],
[ 0, 0.363891, 0.544406, 0.68754, 0.672709, 0.278735, 0.61761, 0.55077, 0.939937, 0.344402],
[ 0, 0.426871, 0.607162, 0.60193, 0.593703, 0.270537, 0.624898, 0.513957, 0.844382, 0.256852],
[ 0, 0.492656, 0.600409, 0.437277, 0.490983, 0.220157, 0.405361, 0.455146, 0.561899, 0.601852],
[ 0, 0.34964, 0.445383, 0.720629, 0.691643, 0.319926, 0.616893, 0.516524, 0.624458, 0.392269],
[ 0, 0.355719, 0.545538, 0.748906, 0.693494, 0.269118, 0.55286, 0.548977, 0.963359, 0.158831],
[ 0, 0.458443, 0.623115, 0.549696, 0.57581, 0.310435, 0.568929, 0.548847, 0.972556, 0.604737],
[ 0, 0.322763, 0.414334, 0.816625, 0.797147, 0.299956, 0.592501, 0.543409, 0.99825, 0.462129]]
90,[[ 0, 0.368417, 0.490982, 0.658582, 0.638201, 0.297312, 0.61805, 0.560867, 0.963397, 0.541447],
[ 0, 0.363585, 0.334997, 0.79462, 0.712301, 0.293841, 0.550664, 0.514691, 0.869968, 0.501523],
[ 0, 0.337458, 0.460351, 0.73277, 0.697174, 0.312918, 0.555074, 0.513508, 0.501387, 0.461232],
[ 0, 0.335251, 0.478637, 0.80479, 0.781855, 0.294869, 0.620282, 0.558964, 0.915428, 0.278065],
[ 0, 0.450187, 0.726192, 0.460548, 0.481012, 0.342358, 0.674035, 0.484539, 0.451121, 0.556767],
[ 0, 0.399769, 0.610844, 0.513588, 0.540718, 0.330235, 0.615404, 0.506925, 0.681878, 0.200059],
[ 0, 0.407761, 0.51199, 0.612514, 0.620271, 0.303702, 0.597208, 0.54696, 0.254862, 0.49812],
[ 0, 0.352581, 0.477209, 0.858322, 0.796647, 0.295363, 0.553224, 0.505461, 0.904243, 0.380457],
[ 0, 0.437391, 0.541529, 0.61585, 0.653389, 0.306235, 0.605865, 0.521795, 0.867971, 0.216945],
[ 0, 0.590891, 0.722928, 0.403066, 0.445691, 0.118076, 0.460881, 0.472889, 0.839218, 0.750375]]
100,[[ 0, 0.407428, 0.528117, 0.665328, 0.630221, 0.287908, 0.598449, 0.531718, 0.747366, 0.409458],
[ 0, 0.353916, 0.532162, 0.706344, 0.679955, 0.273083, 0.529563, 0.561772, 0.928263, 0.544088],
[ 0, 0.47168, 0.70422, 0.481738, 0.527818, 0.258626, 0.69819, 0.567936, 0.216113, 0.673689],
[ 0, 0.473364, 0.694863, 0.457151, 0.485423, 0.347266, 0.712314, 0.573459, 0.410011, 0.650758],
[ 0, 0.450776, 0.652855, 0.462839, 0.481899, 0.30647, 0.687277, 0.498294, 0.556357, 0.547129],
[ 0, 0.451109, 0.663481, 0.471312, 0.498645, 0.338498, 0.653689, 0.564488, 0.491737, 0.34451],
[ 0, 0.617935, 0.715902, 0.394227, 0.430777, 0.280618, 0.614587, 0.617476, 0.846697, 0.731445],
[ 0, 0.455359, 0.537715, 0.715575, 0.739142, 0.306184, 0.623308, 0.479855, 0.766308, 0.436791],
[ 0, 0.320469, 0.488728, 0.784847, 0.72514, 0.242461, 0.548097, 0.544743, 0.398272, 0.541529],
[ 0, 0.440172, 0.588336, 0.634631, 0.64317, 0.317876, 0.67002, 0.557846, 0.962218, 0.547194]]
110,[[ 0, 0.422508, 0.603724, 0.562897, 0.566195, 0.291863, 0.651509, 0.510951, 0.694058, 0.322961],
[ 0, 0.413636, 0.630062, 0.58062, 0.58093, 0.275218, 0.570222, 0.514183, 0.515932, 0.433229],
[ 0, 0.482501, 0.660535, 0.598237, 0.618569, 0.311633, 0.643102, 0.555334, 0.368051, 0.601166],
[ 0, 0.43124, 0.590892, 0.53693, 0.559882, 0.158913, 0.700866, 0.510173, 0.491661, 0.555478],
[ 0, 0.330678, 0.49049, 0.659711, 0.664798, 0.304026, 0.628421, 0.545329, 0.504898, 0.518471],
[ 0, 0.446753, 0.667536, 0.454955, 0.481189, 0.254201, 0.652527, 0.491414, 0.511111, 0.38711],
[ 0, 0.371994, 0.556724, 0.688542, 0.686253, 0.315115, 0.642868, 0.50463, 0.943974, 0.612838],
[ 0, 0.364455, 0.366955, 0.920485, 0.841343, 0.301815, 0.573244, 0.562348, 0.844807, 0.12188],
[ 0, 0.475771, 0.714538, 0.467272, 0.491499, 0.303663, 0.64835, 0.548195, 0.434169, 0.541839],
[ 0, 0.395761, 0.565999, 0.509859, 0.5559, 0.235477, 0.606733, 0.519998, 0.722357, 0.437832]]
120,[[ 0, 0.395166, 0.637755, 0.480925, 0.495941, 0.256606, 0.665754, 0.498846, 0.973469, 0.554345],
[ 0, 0.398226, 0.510376, 0.714689, 0.726865, 0.298197, 0.613185, 0.505474, 0.616508, 0.391642],
[ 0, 0.415983, 0.504242, 0.785585, 0.755653, 0.311161, 0.595329, 0.488411, 0.576559, 0.501588],
[ 0, 0.431027, 0.621638, 0.522804, 0.540122, 0.307826, 0.633859, 0.558499, 0.401435, 0.407878],
[ 0, 0.384382, 0.54342, 0.738654, 0.708937, 0.246401, 0.555053, 0.505408, 0.980748, 0.529679],
[ 0, 0.455145, 0.684533, 0.490707, 0.502494, 0.314262, 0.634567, 0.573232, 0.510309, 0.409156],
[ 0, 0.519736, 0.71699, 0.404159, 0.394329, 0.34874, 0.76805, 0.456648, 0.587951, 0.596801],
[ 0, 0.430808, 0.55799, 0.541945, 0.571582, 0.277683, 0.51604, 0.498297, 0.545011, 0.449591],
[ 0, 0.363953, 0.415338, 0.807242, 0.769624, 0.289128, 0.571413, 0.551389, 0.389461, 0.236273],
[ 0, 0.341178, 0.503569, 0.706426, 0.699915, 0.295014, 0.638248, 0.543821, 0.603775, 0.319774]]
130,[[ 0, 0.459694, 0.604257, 0.530813, 0.529514, 0.286476, 0.615353, 0.495291, 0.707755, 0.620943],
[ 0, 0.43335, 0.497475, 0.632289, 0.623534, 0.26943, 0.561278, 0.503831, 0.824225, 0.201068],
[ 0, 0.39859, 0.50935, 0.659798, 0.621483, 0.250529, 0.566907, 0.559822, 0.24035, 0.480597],
[ 0, 0.457942, 0.750903, 0.420887, 0.449255, 0.324275, 0.749922, 0.552175, 0.341679, 0.623446],
[ 0, 0.335621, 0.511266, 0.814771, 0.731813, 0.25533, 0.548829, 0.551247, 0.930083, 0.13654],
[ 0, 0.332208, 0.490736, 0.800954, 0.802697, 0.317892, 0.623435, 0.514957, 0.829755, 0.542362],
[ 0, 0.026129, 0.285645, 0.903109, 0.841957, 0.288924, 0.567055, 0.533758, 0.0338973, 0.330884],
[ 0, 0.410279, 0.520488, 0.667563, 0.646831, 0.286312, 0.599797, 0.521854, 0.965504, 0.414573],
[ 0, 0.528911, 0.735103, 0.407826, 0.444693, 0.151741, 0.468777, 0.616047, 0.604191, 0.531218],
[ 0, 0.419163, 0.581479, 0.695928, 0.649783, 0.295673, 0.543543, 0.553695, 0.833273, 0.226731]]
140,[[ 0, 0.379339, 0.45899, 0.729614, 0.678791, 0.286031, 0.597007, 0.559822, 0.740169, 0.409022],
[ 0, 0.366799, 0.427632, 0.81148, 0.79179, 0.288956, 0.573455, 0.552895, 0.940817, 0.434027],
[ 0, 0.364124, 0.622171, 0.613442, 0.597314, 0.360932, 0.673576, 0.517663, 0.440244, 0.595068],
[ 0, 0.461347, 0.675469, 0.354408, 0.419663, 0.327282, 0.674411, 0.557208, 0.421528, 0.542533],
[ 0, 0.494982, 0.574082, 0.440059, 0.46348, 0.0747072, 0.430295, 0.489068, 0.881619, 0.422035],
[ 0, 0.502417, 0.64285, 0.419703, 0.427828, 0.159421, 0.164194, 0.504773, 0.935716, 0.441642],
[ 0, 0.0282475, 0.337975, 0.906738, 0.816126, 0.31521, 0.605189, 0.533757, 0.0338973, 0.448074],
[ 0, 0.370586, 0.668013, 0.495135, 0.503823, 0.320841, 0.65207, 0.506902, 0.638095, 0.413642],
[ 0, 0.709858, 0.74584, 0.354254, 0.409449, 0.466763, 0.763245, 0.632201, 0.994174, 0.592628],
[ 0, 0.658403, 0.779657, 0.398393, 0.44589, 0.132613, 0.135608, 0.415857, 0.774067, 0.709559]]
150,[[ 0, 0.381967, 0.484065, 0.81234, 0.765039, 0.302082, 0.607434, 0.54857, 0.655281, 0.386832],
[ 0, 0.804387, 0.747825, 0.340452, 0.402576, 0.712018, 0.349922, 0.823539, 0.914035, 0.211193],
[ 0, 0.367436, 0.480565, 0.781663, 0.720705, 0.288594, 0.572986, 0.54495, 0.999142, 0.480595],
[ 0, 0.483174, 0.600306, 0.549901, 0.551585, 0.303106, 0.60823, 0.481729, 0.993339, 0.335018],
[ 0, 0.535732, 0.605016, 0.530494, 0.541314, 0.522392, 0.740003, 0.477881, 0.549784, 0.563306],
[ 0, 0.348137, 0.50313, 0.6927, 0.67592, 0.287284, 0.598522, 0.519034, 0.987201, 0.508642],
[ 0, 0.316311, 0.400381, 0.804645, 0.769185, 0.300207, 0.602657, 0.522015, 0.963877, 0.31659],
[ 0, 0.491718, 0.7709, 0.383772, 0.425275, 0.252544, 0.705906, 0.492608, 0.435005, 0.660205],
[ 0, 0.321546, 0.397517, 0.900769, 0.828132, 0.286676, 0.594959, 0.52081, 0.566623, 0.460796],
[ 0, 0.442304, 0.694128, 0.526128, 0.532882, 0.341157, 0.634782, 0.517367, 0.418437, 0.474056]]
160,[[ 0, 0.494709, 0.607036, 0.735364, 0.706049, 0.287129, 0.683226, 0.455753, 0.999625, 0.495094],
[ 0, 0.468547, 0.623308, 0.570881, 0.625575, 0.300722, 0.617506, 0.583114, 0.514764, 0.393466],
[ 0, 0.821798, 0.720797, 0.353483, 0.305096, 0.217378, 0.790255, 0.8582, 0.878494, 0.136909],
[ 0, 0.410044, 0.502251, 0.687457, 0.654398, 0.299846, 0.567661, 0.503246, 0.954642, 0.522254],
[ 0, 0.313584, 0.409672, 0.927225, 0.853499, 0.307762, 0.608106, 0.54879, 0.403886, 0.444333],
[ 0, 0.486115, 0.731938, 0.404568, 0.434526, 0.236827, 0.697626, 0.480798, 0.477998, 0.680617],
[ 0, 0.336608, 0.444237, 0.801969, 0.735961, 0.299909, 0.620041, 0.546624, 0.806845, 0.514092],
[ 0, 0.379952, 0.469859, 0.777125, 0.747099, 0.311779, 0.608381, 0.557465, 0.547803, 0.357199],
[ 0, 0.516455, 0.765027, 0.490593, 0.503325, 0.255679, 0.694336, 0.476469, 0.40036, 0.668348],
[ 0, 0.470618, 0.717746, 0.444326, 0.467029, 0.343207, 0.692834, 0.563013, 0.491661, 0.613461]]
