modlinear
1
5 3 42
0
0.000000e+00 1.000000e+00 0 0 0.000000e+00 1.000000e+00 0 0 0.000000e+00 1.000000e+00 0 0 
3
1 1 1 1 1 1 
0
3
2 1 1 1 1 1 
0
3
2 3 1 1 1 1 
0
3
3 1 1 1 1 1 
0
3
3 3 1 1 1 1 
0
3
3 5 1 1 1 1 
1
3
3 7 1 1 1 1 
1
3
1 1 2 1 1 1 
0
3
1 1 2 3 1 1 
0
3
1 1 3 1 1 1 
0
3
1 1 3 3 1 1 
0
3
1 1 3 5 1 1 
1
3
1 1 3 7 1 1 
1
3
2 1 2 1 1 1 
0
3
2 1 2 3 1 1 
0
3
2 3 2 1 1 1 
1
3
2 3 2 3 1 1 
1
3
1 1 1 1 2 1 
0
3
1 1 1 1 2 3 
0
3
1 1 1 1 3 1 
1
3
1 1 1 1 3 3 
1
3
1 1 1 1 3 5 
1
3
1 1 1 1 3 7 
1
3
2 1 1 1 2 1 
0
3
2 1 1 1 2 3 
0
3
2 3 1 1 2 1 
1
3
2 3 1 1 2 3 
1
3
1 1 2 1 2 1 
0
3
1 1 2 1 2 3 
0
3
1 1 2 3 2 1 
1
3
1 1 2 3 2 3 
1
3
3 1 2 1 1 1 
1
3
3 3 2 1 1 1 
1
3
2 1 3 1 1 1 
1
3
2 1 3 3 1 1 
1
3
2 1 2 1 2 1 
1
3
2 1 2 1 2 3 
1
3
4 1 1 1 1 1 
1
3
4 3 1 1 1 1 
1
3
3 1 2 3 1 1 
1
3
3 1 1 1 2 1 
1
3
3 1 1 1 2 3 
1

modlinear
1
5 3 53
0
0.000000e+00 1.000000e+00 0 0 0.000000e+00 1.000000e+00 0 0 0.000000e+00 1.000000e+00 0 0 
3
1 1 1 1 1 1 
0
3
2 1 1 1 1 1 
0
3
2 3 1 1 1 1 
0
3
3 1 1 1 1 1 
0
3
3 3 1 1 1 1 
0
3
3 5 1 1 1 1 
1
3
3 7 1 1 1 1 
1
3
1 1 2 1 1 1 
0
3
1 1 2 3 1 1 
0
3
1 1 3 1 1 1 
0
3
1 1 3 3 1 1 
0
3
1 1 3 5 1 1 
1
3
1 1 3 7 1 1 
1
3
2 1 2 1 1 1 
0
3
2 1 2 3 1 1 
0
3
2 3 2 1 1 1 
1
3
2 3 2 3 1 1 
1
3
1 1 1 1 2 1 
0
3
1 1 1 1 2 3 
0
3
1 1 1 1 3 1 
1
3
1 1 1 1 3 3 
1
3
1 1 1 1 3 5 
1
3
1 1 1 1 3 7 
1
3
2 1 1 1 2 1 
0
3
2 1 1 1 2 3 
0
3
2 3 1 1 2 1 
1
3
2 3 1 1 2 3 
1
3
1 1 2 1 2 1 
0
3
1 1 2 1 2 3 
0
3
1 1 2 3 2 1 
1
3
1 1 2 3 2 3 
1
3
3 1 2 1 1 1 
0
3
3 3 2 1 1 1 
1
3
2 1 3 1 1 1 
0
3
2 1 3 3 1 1 
0
3
2 1 2 1 2 1 
0
3
2 1 2 1 2 3 
0
3
4 1 1 1 1 1 
0
3
4 3 1 1 1 1 
0
3
3 1 2 3 1 1 
0
3
3 1 1 1 2 1 
0
3
3 1 1 1 2 3 
0
3
5 1 1 1 1 1 
1
3
5 3 1 1 1 1 
1
3
4 1 2 1 1 1 
1
3
4 1 2 3 1 1 
1
3
4 1 1 1 2 1 
1
3
4 1 1 1 2 3 
1
3
4 3 2 1 1 1 
1
3
3 1 3 1 1 1 
1
3
3 1 3 3 1 1 
1
3
3 1 2 1 2 1 
1
3
3 1 2 1 2 3 
1

modlinear
1
5 3 64
0
0.000000e+00 1.000000e+00 0 0 0.000000e+00 1.000000e+00 0 0 0.000000e+00 1.000000e+00 0 0 
3
1 1 1 1 1 1 
0
3
2 1 1 1 1 1 
0
3
2 3 1 1 1 1 
0
3
3 1 1 1 1 1 
0
3
3 3 1 1 1 1 
0
3
3 5 1 1 1 1 
1
3
3 7 1 1 1 1 
1
3
1 1 2 1 1 1 
0
3
1 1 2 3 1 1 
0
3
1 1 3 1 1 1 
0
3
1 1 3 3 1 1 
0
3
1 1 3 5 1 1 
1
3
1 1 3 7 1 1 
1
3
2 1 2 1 1 1 
0
3
2 1 2 3 1 1 
0
3
2 3 2 1 1 1 
1
3
2 3 2 3 1 1 
1
3
1 1 1 1 2 1 
0
3
1 1 1 1 2 3 
0
3
1 1 1 1 3 1 
1
3
1 1 1 1 3 3 
1
3
1 1 1 1 3 5 
1
3
1 1 1 1 3 7 
1
3
2 1 1 1 2 1 
0
3
2 1 1 1 2 3 
0
3
2 3 1 1 2 1 
1
3
2 3 1 1 2 3 
1
3
1 1 2 1 2 1 
0
3
1 1 2 1 2 3 
0
3
1 1 2 3 2 1 
1
3
1 1 2 3 2 3 
1
3
3 1 2 1 1 1 
0
3
3 3 2 1 1 1 
1
3
2 1 3 1 1 1 
0
3
2 1 3 3 1 1 
0
3
2 1 2 1 2 1 
0
3
2 1 2 1 2 3 
0
3
4 1 1 1 1 1 
0
3
4 3 1 1 1 1 
0
3
3 1 2 3 1 1 
0
3
3 1 1 1 2 1 
0
3
3 1 1 1 2 3 
0
3
5 1 1 1 1 1 
0
3
5 3 1 1 1 1 
0
3
4 1 2 1 1 1 
0
3
4 1 2 3 1 1 
0
3
4 1 1 1 2 1 
0
3
4 1 1 1 2 3 
0
3
4 3 2 1 1 1 
1
3
3 1 3 1 1 1 
0
3
3 1 3 3 1 1 
0
3
3 1 2 1 2 1 
0
3
3 1 2 1 2 3 
0
3
6 1 1 1 1 1 
1
3
6 3 1 1 1 1 
1
3
5 1 2 1 1 1 
1
3
5 1 2 3 1 1 
1
3
5 1 1 1 2 1 
1
3
5 1 1 1 2 3 
1
3
5 3 2 1 1 1 
1
3
4 1 3 1 1 1 
1
3
4 1 3 3 1 1 
1
3
4 1 2 1 2 1 
1
3
4 1 2 1 2 3 
1

modlinear
1
5 3 72
0
0.000000e+00 1.000000e+00 0 0 0.000000e+00 1.000000e+00 0 0 0.000000e+00 1.000000e+00 0 0 
3
1 1 1 1 1 1 
0
3
2 1 1 1 1 1 
0
3
2 3 1 1 1 1 
0
3
3 1 1 1 1 1 
0
3
3 3 1 1 1 1 
0
3
3 5 1 1 1 1 
1
3
3 7 1 1 1 1 
1
3
1 1 2 1 1 1 
0
3
1 1 2 3 1 1 
0
3
1 1 3 1 1 1 
0
3
1 1 3 3 1 1 
0
3
1 1 3 5 1 1 
1
3
1 1 3 7 1 1 
1
3
2 1 2 1 1 1 
0
3
2 1 2 3 1 1 
0
3
2 3 2 1 1 1 
1
3
2 3 2 3 1 1 
1
3
1 1 1 1 2 1 
0
3
1 1 1 1 2 3 
0
3
1 1 1 1 3 1 
0
3
1 1 1 1 3 3 
0
3
1 1 1 1 3 5 
1
3
1 1 1 1 3 7 
1
3
2 1 1 1 2 1 
0
3
2 1 1 1 2 3 
0
3
2 3 1 1 2 1 
1
3
2 3 1 1 2 3 
1
3
1 1 2 1 2 1 
0
3
1 1 2 1 2 3 
0
3
1 1 2 3 2 1 
0
3
1 1 2 3 2 3 
1
3
3 1 2 1 1 1 
0
3
3 3 2 1 1 1 
1
3
2 1 3 1 1 1 
0
3
2 1 3 3 1 1 
0
3
2 1 2 1 2 1 
0
3
2 1 2 1 2 3 
0
3
4 1 1 1 1 1 
0
3
4 3 1 1 1 1 
0
3
3 1 2 3 1 1 
0
3
3 1 1 1 2 1 
0
3
3 1 1 1 2 3 
0
3
5 1 1 1 1 1 
0
3
5 3 1 1 1 1 
0
3
4 1 2 1 1 1 
0
3
4 1 2 3 1 1 
0
3
4 1 1 1 2 1 
0
3
4 1 1 1 2 3 
0
3
4 3 2 1 1 1 
1
3
3 1 3 1 1 1 
0
3
3 1 3 3 1 1 
0
3
3 1 2 1 2 1 
0
3
3 1 2 1 2 3 
0
3
6 1 1 1 1 1 
1
3
6 3 1 1 1 1 
1
3
5 1 2 1 1 1 
1
3
5 1 2 3 1 1 
1
3
5 1 1 1 2 1 
1
3
5 1 1 1 2 3 
1
3
5 3 2 1 1 1 
1
3
4 1 3 1 1 1 
1
3
4 1 3 3 1 1 
1
3
4 1 2 1 2 1 
1
3
4 1 2 1 2 3 
1
3
4 3 1 1 2 1 
1
3
2 1 2 3 2 1 
0
3
3 1 2 3 2 1 
1
3
2 1 1 1 3 1 
0
3
3 1 1 1 3 1 
1
3
2 1 1 1 3 3 
0
3
3 1 1 1 3 3 
1
3
3 3 1 1 2 1 
1

modlinear
1
5 3 89
0
0.000000e+00 1.000000e+00 0 0 0.000000e+00 1.000000e+00 0 0 0.000000e+00 1.000000e+00 0 0 
3
1 1 1 1 1 1 
0
3
2 1 1 1 1 1 
0
3
2 3 1 1 1 1 
0
3
3 1 1 1 1 1 
0
3
3 3 1 1 1 1 
0
3
3 5 1 1 1 1 
1
3
3 7 1 1 1 1 
1
3
1 1 2 1 1 1 
0
3
1 1 2 3 1 1 
0
3
1 1 3 1 1 1 
0
3
1 1 3 3 1 1 
0
3
1 1 3 5 1 1 
1
3
1 1 3 7 1 1 
1
3
2 1 2 1 1 1 
0
3
2 1 2 3 1 1 
0
3
2 3 2 1 1 1 
1
3
2 3 2 3 1 1 
1
3
1 1 1 1 2 1 
0
3
1 1 1 1 2 3 
0
3
1 1 1 1 3 1 
0
3
1 1 1 1 3 3 
0
3
1 1 1 1 3 5 
1
3
1 1 1 1 3 7 
1
3
2 1 1 1 2 1 
0
3
2 1 1 1 2 3 
0
3
2 3 1 1 2 1 
1
3
2 3 1 1 2 3 
1
3
1 1 2 1 2 1 
0
3
1 1 2 1 2 3 
0
3
1 1 2 3 2 1 
0
3
1 1 2 3 2 3 
1
3
3 1 2 1 1 1 
0
3
3 3 2 1 1 1 
1
3
2 1 3 1 1 1 
0
3
2 1 3 3 1 1 
0
3
2 1 2 1 2 1 
0
3
2 1 2 1 2 3 
0
3
4 1 1 1 1 1 
0
3
4 3 1 1 1 1 
0
3
3 1 2 3 1 1 
0
3
3 1 1 1 2 1 
0
3
3 1 1 1 2 3 
0
3
5 1 1 1 1 1 
0
3
5 3 1 1 1 1 
0
3
4 1 2 1 1 1 
0
3
4 1 2 3 1 1 
0
3
4 1 1 1 2 1 
0
3
4 1 1 1 2 3 
0
3
4 3 2 1 1 1 
0
3
3 1 3 1 1 1 
0
3
3 1 3 3 1 1 
0
3
3 1 2 1 2 1 
0
3
3 1 2 1 2 3 
0
3
6 1 1 1 1 1 
1
3
6 3 1 1 1 1 
1
3
5 1 2 1 1 1 
1
3
5 1 2 3 1 1 
1
3
5 1 1 1 2 1 
1
3
5 1 1 1 2 3 
1
3
5 3 2 1 1 1 
1
3
4 1 3 1 1 1 
1
3
4 1 3 3 1 1 
1
3
4 1 2 1 2 1 
1
3
4 1 2 1 2 3 
1
3
4 3 1 1 2 1 
0
3
2 1 2 3 2 1 
0
3
3 1 2 3 2 1 
0
3
2 1 1 1 3 1 
0
3
3 1 1 1 3 1 
0
3
2 1 1 1 3 3 
0
3
3 1 1 1 3 3 
0
3
3 3 1 1 2 1 
1
3
5 3 1 1 2 1 
1
3
4 1 2 3 2 1 
1
3
4 1 1 1 3 1 
1
3
4 1 1 1 3 3 
1
3
4 3 2 1 2 1 
1
3
1 1 3 1 2 1 
0
3
2 1 3 1 2 1 
0
3
3 1 3 1 2 1 
1
3
1 1 3 3 2 1 
0
3
2 1 3 3 2 1 
0
3
3 1 3 3 2 1 
1
3
1 1 2 1 3 1 
0
3
2 1 2 1 3 1 
0
3
3 1 2 1 3 1 
1
3
1 1 2 1 3 3 
0
3
2 1 2 1 3 3 
0
3
3 1 2 1 3 3 
1

modlinear
1
5 3 100
0
0.000000e+00 1.000000e+00 0 0 0.000000e+00 1.000000e+00 0 0 0.000000e+00 1.000000e+00 0 0 
3
1 1 1 1 1 1 
0
3
2 1 1 1 1 1 
0
3
2 3 1 1 1 1 
0
3
3 1 1 1 1 1 
0
3
3 3 1 1 1 1 
0
3
3 5 1 1 1 1 
1
3
3 7 1 1 1 1 
1
3
1 1 2 1 1 1 
0
3
1 1 2 3 1 1 
0
3
1 1 3 1 1 1 
0
3
1 1 3 3 1 1 
0
3
1 1 3 5 1 1 
1
3
1 1 3 7 1 1 
1
3
2 1 2 1 1 1 
0
3
2 1 2 3 1 1 
0
3
2 3 2 1 1 1 
1
3
2 3 2 3 1 1 
1
3
1 1 1 1 2 1 
0
3
1 1 1 1 2 3 
0
3
1 1 1 1 3 1 
0
3
1 1 1 1 3 3 
0
3
1 1 1 1 3 5 
1
3
1 1 1 1 3 7 
1
3
2 1 1 1 2 1 
0
3
2 1 1 1 2 3 
0
3
2 3 1 1 2 1 
1
3
2 3 1 1 2 3 
1
3
1 1 2 1 2 1 
0
3
1 1 2 1 2 3 
0
3
1 1 2 3 2 1 
0
3
1 1 2 3 2 3 
1
3
3 1 2 1 1 1 
0
3
3 3 2 1 1 1 
1
3
2 1 3 1 1 1 
0
3
2 1 3 3 1 1 
0
3
2 1 2 1 2 1 
0
3
2 1 2 1 2 3 
0
3
4 1 1 1 1 1 
0
3
4 3 1 1 1 1 
0
3
3 1 2 3 1 1 
0
3
3 1 1 1 2 1 
0
3
3 1 1 1 2 3 
0
3
5 1 1 1 1 1 
0
3
5 3 1 1 1 1 
0
3
4 1 2 1 1 1 
0
3
4 1 2 3 1 1 
0
3
4 1 1 1 2 1 
0
3
4 1 1 1 2 3 
0
3
4 3 2 1 1 1 
0
3
3 1 3 1 1 1 
0
3
3 1 3 3 1 1 
0
3
3 1 2 1 2 1 
0
3
3 1 2 1 2 3 
0
3
6 1 1 1 1 1 
0
3
6 3 1 1 1 1 
0
3
5 1 2 1 1 1 
0
3
5 1 2 3 1 1 
0
3
5 1 1 1 2 1 
0
3
5 1 1 1 2 3 
0
3
5 3 2 1 1 1 
1
3
4 1 3 1 1 1 
0
3
4 1 3 3 1 1 
0
3
4 1 2 1 2 1 
0
3
4 1 2 1 2 3 
0
3
4 3 1 1 2 1 
0
3
2 1 2 3 2 1 
0
3
3 1 2 3 2 1 
0
3
2 1 1 1 3 1 
0
3
3 1 1 1 3 1 
0
3
2 1 1 1 3 3 
0
3
3 1 1 1 3 3 
0
3
3 3 1 1 2 1 
1
3
5 3 1 1 2 1 
1
3
4 1 2 3 2 1 
1
3
4 1 1 1 3 1 
1
3
4 1 1 1 3 3 
1
3
4 3 2 1 2 1 
1
3
1 1 3 1 2 1 
0
3
2 1 3 1 2 1 
0
3
3 1 3 1 2 1 
1
3
1 1 3 3 2 1 
0
3
2 1 3 3 2 1 
0
3
3 1 3 3 2 1 
1
3
1 1 2 1 3 1 
0
3
2 1 2 1 3 1 
0
3
3 1 2 1 3 1 
1
3
1 1 2 1 3 3 
0
3
2 1 2 1 3 3 
0
3
3 1 2 1 3 3 
1
3
6 1 2 1 1 1 
1
3
6 3 2 1 1 1 
1
3
5 1 3 1 1 1 
1
3
5 1 3 3 1 1 
1
3
5 1 2 1 2 1 
1
3
5 1 2 1 2 3 
1
3
7 1 1 1 1 1 
1
3
7 3 1 1 1 1 
1
3
6 1 2 3 1 1 
1
3
6 1 1 1 2 1 
1
3
6 1 1 1 2 3 
1

modlinear
1
5 3 106
0
0.000000e+00 1.000000e+00 0 0 0.000000e+00 1.000000e+00 0 0 0.000000e+00 1.000000e+00 0 0 
3
1 1 1 1 1 1 
0
3
2 1 1 1 1 1 
0
3
2 3 1 1 1 1 
0
3
3 1 1 1 1 1 
0
3
3 3 1 1 1 1 
0
3
3 5 1 1 1 1 
1
3
3 7 1 1 1 1 
1
3
1 1 2 1 1 1 
0
3
1 1 2 3 1 1 
0
3
1 1 3 1 1 1 
0
3
1 1 3 3 1 1 
0
3
1 1 3 5 1 1 
1
3
1 1 3 7 1 1 
1
3
2 1 2 1 1 1 
0
3
2 1 2 3 1 1 
0
3
2 3 2 1 1 1 
1
3
2 3 2 3 1 1 
1
3
1 1 1 1 2 1 
0
3
1 1 1 1 2 3 
0
3
1 1 1 1 3 1 
0
3
1 1 1 1 3 3 
0
3
1 1 1 1 3 5 
1
3
1 1 1 1 3 7 
1
3
2 1 1 1 2 1 
0
3
2 1 1 1 2 3 
0
3
2 3 1 1 2 1 
1
3
2 3 1 1 2 3 
1
3
1 1 2 1 2 1 
0
3
1 1 2 1 2 3 
0
3
1 1 2 3 2 1 
0
3
1 1 2 3 2 3 
1
3
3 1 2 1 1 1 
0
3
3 3 2 1 1 1 
0
3
2 1 3 1 1 1 
0
3
2 1 3 3 1 1 
0
3
2 1 2 1 2 1 
0
3
2 1 2 1 2 3 
0
3
4 1 1 1 1 1 
0
3
4 3 1 1 1 1 
0
3
3 1 2 3 1 1 
0
3
3 1 1 1 2 1 
0
3
3 1 1 1 2 3 
0
3
5 1 1 1 1 1 
0
3
5 3 1 1 1 1 
0
3
4 1 2 1 1 1 
0
3
4 1 2 3 1 1 
0
3
4 1 1 1 2 1 
0
3
4 1 1 1 2 3 
0
3
4 3 2 1 1 1 
0
3
3 1 3 1 1 1 
0
3
3 1 3 3 1 1 
0
3
3 1 2 1 2 1 
0
3
3 1 2 1 2 3 
0
3
6 1 1 1 1 1 
0
3
6 3 1 1 1 1 
0
3
5 1 2 1 1 1 
0
3
5 1 2 3 1 1 
0
3
5 1 1 1 2 1 
0
3
5 1 1 1 2 3 
0
3
5 3 2 1 1 1 
0
3
4 1 3 1 1 1 
0
3
4 1 3 3 1 1 
0
3
4 1 2 1 2 1 
0
3
4 1 2 1 2 3 
0
3
4 3 1 1 2 1 
0
3
2 1 2 3 2 1 
0
3
3 1 2 3 2 1 
0
3
2 1 1 1 3 1 
0
3
3 1 1 1 3 1 
0
3
2 1 1 1 3 3 
0
3
3 1 1 1 3 3 
0
3
3 3 1 1 2 1 
0
3
5 3 1 1 2 1 
0
3
4 1 2 3 2 1 
1
3
4 1 1 1 3 1 
0
3
4 1 1 1 3 3 
0
3
4 3 2 1 2 1 
1
3
1 1 3 1 2 1 
0
3
2 1 3 1 2 1 
0
3
3 1 3 1 2 1 
0
3
1 1 3 3 2 1 
0
3
2 1 3 3 2 1 
0
3
3 1 3 3 2 1 
0
3
1 1 2 1 3 1 
0
3
2 1 2 1 3 1 
0
3
3 1 2 1 3 1 
0
3
1 1 2 1 3 3 
0
3
2 1 2 1 3 3 
0
3
3 1 2 1 3 3 
0
3
6 1 2 1 1 1 
1
3
6 3 2 1 1 1 
1
3
5 1 3 1 1 1 
1
3
5 1 3 3 1 1 
1
3
5 1 2 1 2 1 
1
3
5 1 2 1 2 3 
1
3
7 1 1 1 1 1 
1
3
7 3 1 1 1 1 
1
3
6 1 2 3 1 1 
1
3
6 1 1 1 2 1 
1
3
6 1 1 1 2 3 
1
3
3 3 2 1 2 1 
1
3
5 3 2 1 2 1 
1
3
4 1 3 1 2 1 
1
3
4 1 3 3 2 1 
1
3
4 1 2 1 3 1 
1
3
4 1 2 1 3 3 
1

modlinear
1
5 3 116
0
0.000000e+00 1.000000e+00 0 0 0.000000e+00 1.000000e+00 0 0 0.000000e+00 1.000000e+00 0 0 
3
1 1 1 1 1 1 
0
3
2 1 1 1 1 1 
0
3
2 3 1 1 1 1 
0
3
3 1 1 1 1 1 
0
3
3 3 1 1 1 1 
0
3
3 5 1 1 1 1 
1
3
3 7 1 1 1 1 
1
3
1 1 2 1 1 1 
0
3
1 1 2 3 1 1 
0
3
1 1 3 1 1 1 
0
3
1 1 3 3 1 1 
0
3
1 1 3 5 1 1 
1
3
1 1 3 7 1 1 
1
3
2 1 2 1 1 1 
0
3
2 1 2 3 1 1 
0
3
2 3 2 1 1 1 
1
3
2 3 2 3 1 1 
1
3
1 1 1 1 2 1 
0
3
1 1 1 1 2 3 
0
3
1 1 1 1 3 1 
0
3
1 1 1 1 3 3 
0
3
1 1 1 1 3 5 
1
3
1 1 1 1 3 7 
1
3
2 1 1 1 2 1 
0
3
2 1 1 1 2 3 
0
3
2 3 1 1 2 1 
1
3
2 3 1 1 2 3 
1
3
1 1 2 1 2 1 
0
3
1 1 2 1 2 3 
0
3
1 1 2 3 2 1 
0
3
1 1 2 3 2 3 
1
3
3 1 2 1 1 1 
0
3
3 3 2 1 1 1 
0
3
2 1 3 1 1 1 
0
3
2 1 3 3 1 1 
0
3
2 1 2 1 2 1 
0
3
2 1 2 1 2 3 
0
3
4 1 1 1 1 1 
0
3
4 3 1 1 1 1 
0
3
3 1 2 3 1 1 
0
3
3 1 1 1 2 1 
0
3
3 1 1 1 2 3 
0
3
5 1 1 1 1 1 
0
3
5 3 1 1 1 1 
0
3
4 1 2 1 1 1 
0
3
4 1 2 3 1 1 
0
3
4 1 1 1 2 1 
0
3
4 1 1 1 2 3 
0
3
4 3 2 1 1 1 
0
3
3 1 3 1 1 1 
0
3
3 1 3 3 1 1 
0
3
3 1 2 1 2 1 
0
3
3 1 2 1 2 3 
0
3
6 1 1 1 1 1 
0
3
6 3 1 1 1 1 
0
3
5 1 2 1 1 1 
0
3
5 1 2 3 1 1 
0
3
5 1 1 1 2 1 
0
3
5 1 1 1 2 3 
0
3
5 3 2 1 1 1 
0
3
4 1 3 1 1 1 
0
3
4 1 3 3 1 1 
0
3
4 1 2 1 2 1 
0
3
4 1 2 1 2 3 
0
3
4 3 1 1 2 1 
0
3
2 1 2 3 2 1 
0
3
3 1 2 3 2 1 
0
3
2 1 1 1 3 1 
0
3
3 1 1 1 3 1 
0
3
2 1 1 1 3 3 
0
3
3 1 1 1 3 3 
0
3
3 3 1 1 2 1 
0
3
5 3 1 1 2 1 
0
3
4 1 2 3 2 1 
0
3
4 1 1 1 3 1 
0
3
4 1 1 1 3 3 
0
3
4 3 2 1 2 1 
1
3
1 1 3 1 2 1 
0
3
2 1 3 1 2 1 
0
3
3 1 3 1 2 1 
0
3
1 1 3 3 2 1 
0
3
2 1 3 3 2 1 
0
3
3 1 3 3 2 1 
0
3
1 1 2 1 3 1 
0
3
2 1 2 1 3 1 
0
3
3 1 2 1 3 1 
0
3
1 1 2 1 3 3 
0
3
2 1 2 1 3 3 
0
3
3 1 2 1 3 3 
0
3
6 1 2 1 1 1 
0
3
6 3 2 1 1 1 
1
3
5 1 3 1 1 1 
1
3
5 1 3 3 1 1 
1
3
5 1 2 1 2 1 
1
3
5 1 2 1 2 3 
1
3
7 1 1 1 1 1 
0
3
7 3 1 1 1 1 
1
3
6 1 2 3 1 1 
0
3
6 1 1 1 2 1 
0
3
6 1 1 1 2 3 
0
3
3 3 2 1 2 1 
1
3
5 3 2 1 2 1 
1
3
4 1 3 1 2 1 
1
3
4 1 3 3 2 1 
1
3
4 1 2 1 3 1 
1
3
4 1 2 1 3 3 
1
3
8 1 1 1 1 1 
1
3
8 3 1 1 1 1 
1
3
7 1 2 1 1 1 
1
3
7 1 2 3 1 1 
1
3
7 1 1 1 2 1 
1
3
7 1 1 1 2 3 
1
3
6 3 1 1 2 1 
1
3
5 1 2 3 2 1 
1
3
5 1 1 1 3 1 
1
3
5 1 1 1 3 3 
1

modlinear
1
5 3 127
0
0.000000e+00 1.000000e+00 0 0 0.000000e+00 1.000000e+00 0 0 0.000000e+00 1.000000e+00 0 0 
3
1 1 1 1 1 1 
0
3
2 1 1 1 1 1 
0
3
2 3 1 1 1 1 
0
3
3 1 1 1 1 1 
0
3
3 3 1 1 1 1 
0
3
3 5 1 1 1 1 
1
3
3 7 1 1 1 1 
1
3
1 1 2 1 1 1 
0
3
1 1 2 3 1 1 
0
3
1 1 3 1 1 1 
0
3
1 1 3 3 1 1 
0
3
1 1 3 5 1 1 
1
3
1 1 3 7 1 1 
1
3
2 1 2 1 1 1 
0
3
2 1 2 3 1 1 
0
3
2 3 2 1 1 1 
1
3
2 3 2 3 1 1 
1
3
1 1 1 1 2 1 
0
3
1 1 1 1 2 3 
0
3
1 1 1 1 3 1 
0
3
1 1 1 1 3 3 
0
3
1 1 1 1 3 5 
1
3
1 1 1 1 3 7 
1
3
2 1 1 1 2 1 
0
3
2 1 1 1 2 3 
0
3
2 3 1 1 2 1 
1
3
2 3 1 1 2 3 
1
3
1 1 2 1 2 1 
0
3
1 1 2 1 2 3 
0
3
1 1 2 3 2 1 
0
3
1 1 2 3 2 3 
1
3
3 1 2 1 1 1 
0
3
3 3 2 1 1 1 
0
3
2 1 3 1 1 1 
0
3
2 1 3 3 1 1 
0
3
2 1 2 1 2 1 
0
3
2 1 2 1 2 3 
0
3
4 1 1 1 1 1 
0
3
4 3 1 1 1 1 
0
3
3 1 2 3 1 1 
0
3
3 1 1 1 2 1 
0
3
3 1 1 1 2 3 
0
3
5 1 1 1 1 1 
0
3
5 3 1 1 1 1 
0
3
4 1 2 1 1 1 
0
3
4 1 2 3 1 1 
0
3
4 1 1 1 2 1 
0
3
4 1 1 1 2 3 
0
3
4 3 2 1 1 1 
0
3
3 1 3 1 1 1 
0
3
3 1 3 3 1 1 
0
3
3 1 2 1 2 1 
0
3
3 1 2 1 2 3 
0
3
6 1 1 1 1 1 
0
3
6 3 1 1 1 1 
0
3
5 1 2 1 1 1 
0
3
5 1 2 3 1 1 
0
3
5 1 1 1 2 1 
0
3
5 1 1 1 2 3 
0
3
5 3 2 1 1 1 
0
3
4 1 3 1 1 1 
0
3
4 1 3 3 1 1 
0
3
4 1 2 1 2 1 
0
3
4 1 2 1 2 3 
0
3
4 3 1 1 2 1 
0
3
2 1 2 3 2 1 
0
3
3 1 2 3 2 1 
0
3
2 1 1 1 3 1 
0
3
3 1 1 1 3 1 
0
3
2 1 1 1 3 3 
0
3
3 1 1 1 3 3 
0
3
3 3 1 1 2 1 
0
3
5 3 1 1 2 1 
0
3
4 1 2 3 2 1 
0
3
4 1 1 1 3 1 
0
3
4 1 1 1 3 3 
0
3
4 3 2 1 2 1 
1
3
1 1 3 1 2 1 
0
3
2 1 3 1 2 1 
0
3
3 1 3 1 2 1 
0
3
1 1 3 3 2 1 
0
3
2 1 3 3 2 1 
0
3
3 1 3 3 2 1 
0
3
1 1 2 1 3 1 
0
3
2 1 2 1 3 1 
0
3
3 1 2 1 3 1 
0
3
1 1 2 1 3 3 
0
3
2 1 2 1 3 3 
0
3
3 1 2 1 3 3 
0
3
6 1 2 1 1 1 
0
3
6 3 2 1 1 1 
1
3
5 1 3 1 1 1 
0
3
5 1 3 3 1 1 
0
3
5 1 2 1 2 1 
0
3
5 1 2 1 2 3 
0
3
7 1 1 1 1 1 
0
3
7 3 1 1 1 1 
0
3
6 1 2 3 1 1 
0
3
6 1 1 1 2 1 
0
3
6 1 1 1 2 3 
0
3
3 3 2 1 2 1 
1
3
5 3 2 1 2 1 
1
3
4 1 3 1 2 1 
1
3
4 1 3 3 2 1 
1
3
4 1 2 1 3 1 
1
3
4 1 2 1 3 3 
1
3
8 1 1 1 1 1 
0
3
8 3 1 1 1 1 
0
3
7 1 2 1 1 1 
0
3
7 1 2 3 1 1 
1
3
7 1 1 1 2 1 
0
3
7 1 1 1 2 3 
0
3
6 3 1 1 2 1 
1
3
5 1 2 3 2 1 
1
3
5 1 1 1 3 1 
1
3
5 1 1 1 3 3 
1
3
8 1 2 1 1 1 
1
3
8 3 2 1 1 1 
1
3
6 1 3 1 1 1 
0
3
7 1 3 1 1 1 
1
3
6 1 3 3 1 1 
0
3
7 1 3 3 1 1 
1
3
6 1 2 1 2 1 
0
3
7 1 2 1 2 1 
1
3
6 1 2 1 2 3 
0
3
7 1 2 1 2 3 
1
3
7 3 2 1 1 1 
1

modlinear
1
5 3 137
0
0.000000e+00 1.000000e+00 0 0 0.000000e+00 1.000000e+00 0 0 0.000000e+00 1.000000e+00 0 0 
3
1 1 1 1 1 1 
0
3
2 1 1 1 1 1 
0
3
2 3 1 1 1 1 
0
3
3 1 1 1 1 1 
0
3
3 3 1 1 1 1 
0
3
3 5 1 1 1 1 
1
3
3 7 1 1 1 1 
1
3
1 1 2 1 1 1 
0
3
1 1 2 3 1 1 
0
3
1 1 3 1 1 1 
0
3
1 1 3 3 1 1 
0
3
1 1 3 5 1 1 
1
3
1 1 3 7 1 1 
1
3
2 1 2 1 1 1 
0
3
2 1 2 3 1 1 
0
3
2 3 2 1 1 1 
1
3
2 3 2 3 1 1 
1
3
1 1 1 1 2 1 
0
3
1 1 1 1 2 3 
0
3
1 1 1 1 3 1 
0
3
1 1 1 1 3 3 
0
3
1 1 1 1 3 5 
1
3
1 1 1 1 3 7 
1
3
2 1 1 1 2 1 
0
3
2 1 1 1 2 3 
0
3
2 3 1 1 2 1 
1
3
2 3 1 1 2 3 
1
3
1 1 2 1 2 1 
0
3
1 1 2 1 2 3 
0
3
1 1 2 3 2 1 
0
3
1 1 2 3 2 3 
1
3
3 1 2 1 1 1 
0
3
3 3 2 1 1 1 
0
3
2 1 3 1 1 1 
0
3
2 1 3 3 1 1 
0
3
2 1 2 1 2 1 
0
3
2 1 2 1 2 3 
0
3
4 1 1 1 1 1 
0
3
4 3 1 1 1 1 
0
3
3 1 2 3 1 1 
0
3
3 1 1 1 2 1 
0
3
3 1 1 1 2 3 
0
3
5 1 1 1 1 1 
0
3
5 3 1 1 1 1 
0
3
4 1 2 1 1 1 
0
3
4 1 2 3 1 1 
0
3
4 1 1 1 2 1 
0
3
4 1 1 1 2 3 
0
3
4 3 2 1 1 1 
0
3
3 1 3 1 1 1 
0
3
3 1 3 3 1 1 
0
3
3 1 2 1 2 1 
0
3
3 1 2 1 2 3 
0
3
6 1 1 1 1 1 
0
3
6 3 1 1 1 1 
0
3
5 1 2 1 1 1 
0
3
5 1 2 3 1 1 
0
3
5 1 1 1 2 1 
0
3
5 1 1 1 2 3 
0
3
5 3 2 1 1 1 
0
3
4 1 3 1 1 1 
0
3
4 1 3 3 1 1 
0
3
4 1 2 1 2 1 
0
3
4 1 2 1 2 3 
0
3
4 3 1 1 2 1 
0
3
2 1 2 3 2 1 
0
3
3 1 2 3 2 1 
0
3
2 1 1 1 3 1 
0
3
3 1 1 1 3 1 
0
3
2 1 1 1 3 3 
0
3
3 1 1 1 3 3 
0
3
3 3 1 1 2 1 
0
3
5 3 1 1 2 1 
0
3
4 1 2 3 2 1 
0
3
4 1 1 1 3 1 
0
3
4 1 1 1 3 3 
0
3
4 3 2 1 2 1 
1
3
1 1 3 1 2 1 
0
3
2 1 3 1 2 1 
0
3
3 1 3 1 2 1 
0
3
1 1 3 3 2 1 
0
3
2 1 3 3 2 1 
0
3
3 1 3 3 2 1 
0
3
1 1 2 1 3 1 
0
3
2 1 2 1 3 1 
0
3
3 1 2 1 3 1 
0
3
1 1 2 1 3 3 
0
3
2 1 2 1 3 3 
0
3
3 1 2 1 3 3 
0
3
6 1 2 1 1 1 
0
3
6 3 2 1 1 1 
0
3
5 1 3 1 1 1 
0
3
5 1 3 3 1 1 
0
3
5 1 2 1 2 1 
0
3
5 1 2 1 2 3 
0
3
7 1 1 1 1 1 
0
3
7 3 1 1 1 1 
0
3
6 1 2 3 1 1 
0
3
6 1 1 1 2 1 
0
3
6 1 1 1 2 3 
0
3
3 3 2 1 2 1 
1
3
5 3 2 1 2 1 
1
3
4 1 3 1 2 1 
0
3
4 1 3 3 2 1 
0
3
4 1 2 1 3 1 
0
3
4 1 2 1 3 3 
0
3
8 1 1 1 1 1 
0
3
8 3 1 1 1 1 
0
3
7 1 2 1 1 1 
0
3
7 1 2 3 1 1 
0
3
7 1 1 1 2 1 
0
3
7 1 1 1 2 3 
0
3
6 3 1 1 2 1 
0
3
5 1 2 3 2 1 
1
3
5 1 1 1 3 1 
0
3
5 1 1 1 3 3 
0
3
8 1 2 1 1 1 
1
3
8 3 2 1 1 1 
1
3
6 1 3 1 1 1 
0
3
7 1 3 1 1 1 
1
3
6 1 3 3 1 1 
0
3
7 1 3 3 1 1 
1
3
6 1 2 1 2 1 
0
3
7 1 2 1 2 1 
1
3
6 1 2 1 2 3 
0
3
7 1 2 1 2 3 
1
3
7 3 2 1 1 1 
1
3
9 1 1 1 1 1 
1
3
9 3 1 1 1 1 
1
3
8 1 2 3 1 1 
1
3
8 1 1 1 2 1 
1
3
8 1 1 1 2 3 
1
3
6 3 2 1 2 1 
1
3
5 1 3 1 2 1 
1
3
5 1 3 3 2 1 
1
3
5 1 2 1 3 1 
1
3
5 1 2 1 3 3 
1

modlinear
1
5 3 142
0
0.000000e+00 1.000000e+00 0 0 0.000000e+00 1.000000e+00 0 0 0.000000e+00 1.000000e+00 0 0 
3
1 1 1 1 1 1 
0
3
2 1 1 1 1 1 
0
3
2 3 1 1 1 1 
0
3
3 1 1 1 1 1 
0
3
3 3 1 1 1 1 
0
3
3 5 1 1 1 1 
1
3
3 7 1 1 1 1 
1
3
1 1 2 1 1 1 
0
3
1 1 2 3 1 1 
0
3
1 1 3 1 1 1 
0
3
1 1 3 3 1 1 
0
3
1 1 3 5 1 1 
1
3
1 1 3 7 1 1 
1
3
2 1 2 1 1 1 
0
3
2 1 2 3 1 1 
0
3
2 3 2 1 1 1 
0
3
2 3 2 3 1 1 
1
3
1 1 1 1 2 1 
0
3
1 1 1 1 2 3 
0
3
1 1 1 1 3 1 
0
3
1 1 1 1 3 3 
0
3
1 1 1 1 3 5 
1
3
1 1 1 1 3 7 
1
3
2 1 1 1 2 1 
0
3
2 1 1 1 2 3 
0
3
2 3 1 1 2 1 
0
3
2 3 1 1 2 3 
1
3
1 1 2 1 2 1 
0
3
1 1 2 1 2 3 
0
3
1 1 2 3 2 1 
0
3
1 1 2 3 2 3 
1
3
3 1 2 1 1 1 
0
3
3 3 2 1 1 1 
0
3
2 1 3 1 1 1 
0
3
2 1 3 3 1 1 
0
3
2 1 2 1 2 1 
0
3
2 1 2 1 2 3 
0
3
4 1 1 1 1 1 
0
3
4 3 1 1 1 1 
0
3
3 1 2 3 1 1 
0
3
3 1 1 1 2 1 
0
3
3 1 1 1 2 3 
0
3
5 1 1 1 1 1 
0
3
5 3 1 1 1 1 
0
3
4 1 2 1 1 1 
0
3
4 1 2 3 1 1 
0
3
4 1 1 1 2 1 
0
3
4 1 1 1 2 3 
0
3
4 3 2 1 1 1 
0
3
3 1 3 1 1 1 
0
3
3 1 3 3 1 1 
0
3
3 1 2 1 2 1 
0
3
3 1 2 1 2 3 
0
3
6 1 1 1 1 1 
0
3
6 3 1 1 1 1 
0
3
5 1 2 1 1 1 
0
3
5 1 2 3 1 1 
0
3
5 1 1 1 2 1 
0
3
5 1 1 1 2 3 
0
3
5 3 2 1 1 1 
0
3
4 1 3 1 1 1 
0
3
4 1 3 3 1 1 
0
3
4 1 2 1 2 1 
0
3
4 1 2 1 2 3 
0
3
4 3 1 1 2 1 
0
3
2 1 2 3 2 1 
0
3
3 1 2 3 2 1 
0
3
2 1 1 1 3 1 
0
3
3 1 1 1 3 1 
0
3
2 1 1 1 3 3 
0
3
3 1 1 1 3 3 
0
3
3 3 1 1 2 1 
0
3
5 3 1 1 2 1 
0
3
4 1 2 3 2 1 
0
3
4 1 1 1 3 1 
0
3
4 1 1 1 3 3 
0
3
4 3 2 1 2 1 
1
3
1 1 3 1 2 1 
0
3
2 1 3 1 2 1 
0
3
3 1 3 1 2 1 
0
3
1 1 3 3 2 1 
0
3
2 1 3 3 2 1 
0
3
3 1 3 3 2 1 
0
3
1 1 2 1 3 1 
0
3
2 1 2 1 3 1 
0
3
3 1 2 1 3 1 
0
3
1 1 2 1 3 3 
0
3
2 1 2 1 3 3 
0
3
3 1 2 1 3 3 
0
3
6 1 2 1 1 1 
0
3
6 3 2 1 1 1 
0
3
5 1 3 1 1 1 
0
3
5 1 3 3 1 1 
0
3
5 1 2 1 2 1 
0
3
5 1 2 1 2 3 
0
3
7 1 1 1 1 1 
0
3
7 3 1 1 1 1 
0
3
6 1 2 3 1 1 
0
3
6 1 1 1 2 1 
0
3
6 1 1 1 2 3 
0
3
3 3 2 1 2 1 
1
3
5 3 2 1 2 1 
1
3
4 1 3 1 2 1 
0
3
4 1 3 3 2 1 
0
3
4 1 2 1 3 1 
0
3
4 1 2 1 3 3 
0
3
8 1 1 1 1 1 
0
3
8 3 1 1 1 1 
0
3
7 1 2 1 1 1 
0
3
7 1 2 3 1 1 
0
3
7 1 1 1 2 1 
0
3
7 1 1 1 2 3 
0
3
6 3 1 1 2 1 
0
3
5 1 2 3 2 1 
0
3
5 1 1 1 3 1 
0
3
5 1 1 1 3 3 
0
3
8 1 2 1 1 1 
1
3
8 3 2 1 1 1 
1
3
6 1 3 1 1 1 
0
3
7 1 3 1 1 1 
1
3
6 1 3 3 1 1 
0
3
7 1 3 3 1 1 
1
3
6 1 2 1 2 1 
0
3
7 1 2 1 2 1 
1
3
6 1 2 1 2 3 
0
3
7 1 2 1 2 3 
1
3
7 3 2 1 1 1 
1
3
9 1 1 1 1 1 
1
3
9 3 1 1 1 1 
1
3
8 1 2 3 1 1 
1
3
8 1 1 1 2 1 
1
3
8 1 1 1 2 3 
1
3
6 3 2 1 2 1 
1
3
5 1 3 1 2 1 
1
3
5 1 3 3 2 1 
1
3
5 1 2 1 3 1 
1
3
5 1 2 1 3 3 
1
3
7 3 1 1 2 1 
1
3
6 1 2 3 2 1 
1
3
6 1 1 1 3 1 
1
3
6 1 1 1 3 3 
1
3
2 3 2 1 2 1 
1

modlinear
1
5 3 152
0
0.000000e+00 1.000000e+00 0 0 0.000000e+00 1.000000e+00 0 0 0.000000e+00 1.000000e+00 0 0 
3
1 1 1 1 1 1 
0
3
2 1 1 1 1 1 
0
3
2 3 1 1 1 1 
0
3
3 1 1 1 1 1 
0
3
3 3 1 1 1 1 
0
3
3 5 1 1 1 1 
1
3
3 7 1 1 1 1 
1
3
1 1 2 1 1 1 
0
3
1 1 2 3 1 1 
0
3
1 1 3 1 1 1 
0
3
1 1 3 3 1 1 
0
3
1 1 3 5 1 1 
1
3
1 1 3 7 1 1 
1
3
2 1 2 1 1 1 
0
3
2 1 2 3 1 1 
0
3
2 3 2 1 1 1 
0
3
2 3 2 3 1 1 
1
3
1 1 1 1 2 1 
0
3
1 1 1 1 2 3 
0
3
1 1 1 1 3 1 
0
3
1 1 1 1 3 3 
0
3
1 1 1 1 3 5 
1
3
1 1 1 1 3 7 
1
3
2 1 1 1 2 1 
0
3
2 1 1 1 2 3 
0
3
2 3 1 1 2 1 
0
3
2 3 1 1 2 3 
1
3
1 1 2 1 2 1 
0
3
1 1 2 1 2 3 
0
3
1 1 2 3 2 1 
0
3
1 1 2 3 2 3 
1
3
3 1 2 1 1 1 
0
3
3 3 2 1 1 1 
0
3
2 1 3 1 1 1 
0
3
2 1 3 3 1 1 
0
3
2 1 2 1 2 1 
0
3
2 1 2 1 2 3 
0
3
4 1 1 1 1 1 
0
3
4 3 1 1 1 1 
0
3
3 1 2 3 1 1 
0
3
3 1 1 1 2 1 
0
3
3 1 1 1 2 3 
0
3
5 1 1 1 1 1 
0
3
5 3 1 1 1 1 
0
3
4 1 2 1 1 1 
0
3
4 1 2 3 1 1 
0
3
4 1 1 1 2 1 
0
3
4 1 1 1 2 3 
0
3
4 3 2 1 1 1 
0
3
3 1 3 1 1 1 
0
3
3 1 3 3 1 1 
0
3
3 1 2 1 2 1 
0
3
3 1 2 1 2 3 
0
3
6 1 1 1 1 1 
0
3
6 3 1 1 1 1 
0
3
5 1 2 1 1 1 
0
3
5 1 2 3 1 1 
0
3
5 1 1 1 2 1 
0
3
5 1 1 1 2 3 
0
3
5 3 2 1 1 1 
0
3
4 1 3 1 1 1 
0
3
4 1 3 3 1 1 
0
3
4 1 2 1 2 1 
0
3
4 1 2 1 2 3 
0
3
4 3 1 1 2 1 
0
3
2 1 2 3 2 1 
0
3
3 1 2 3 2 1 
0
3
2 1 1 1 3 1 
0
3
3 1 1 1 3 1 
0
3
2 1 1 1 3 3 
0
3
3 1 1 1 3 3 
0
3
3 3 1 1 2 1 
0
3
5 3 1 1 2 1 
0
3
4 1 2 3 2 1 
0
3
4 1 1 1 3 1 
0
3
4 1 1 1 3 3 
0
3
4 3 2 1 2 1 
1
3
1 1 3 1 2 1 
0
3
2 1 3 1 2 1 
0
3
3 1 3 1 2 1 
0
3
1 1 3 3 2 1 
0
3
2 1 3 3 2 1 
0
3
3 1 3 3 2 1 
0
3
1 1 2 1 3 1 
0
3
2 1 2 1 3 1 
0
3
3 1 2 1 3 1 
0
3
1 1 2 1 3 3 
0
3
2 1 2 1 3 3 
0
3
3 1 2 1 3 3 
0
3
6 1 2 1 1 1 
0
3
6 3 2 1 1 1 
0
3
5 1 3 1 1 1 
0
3
5 1 3 3 1 1 
0
3
5 1 2 1 2 1 
0
3
5 1 2 1 2 3 
0
3
7 1 1 1 1 1 
0
3
7 3 1 1 1 1 
0
3
6 1 2 3 1 1 
0
3
6 1 1 1 2 1 
0
3
6 1 1 1 2 3 
0
3
3 3 2 1 2 1 
1
3
5 3 2 1 2 1 
1
3
4 1 3 1 2 1 
0
3
4 1 3 3 2 1 
0
3
4 1 2 1 3 1 
0
3
4 1 2 1 3 3 
0
3
8 1 1 1 1 1 
0
3
8 3 1 1 1 1 
0
3
7 1 2 1 1 1 
0
3
7 1 2 3 1 1 
0
3
7 1 1 1 2 1 
0
3
7 1 1 1 2 3 
0
3
6 3 1 1 2 1 
0
3
5 1 2 3 2 1 
0
3
5 1 1 1 3 1 
0
3
5 1 1 1 3 3 
0
3
8 1 2 1 1 1 
0
3
8 3 2 1 1 1 
1
3
6 1 3 1 1 1 
0
3
7 1 3 1 1 1 
0
3
6 1 3 3 1 1 
0
3
7 1 3 3 1 1 
0
3
6 1 2 1 2 1 
0
3
7 1 2 1 2 1 
0
3
6 1 2 1 2 3 
0
3
7 1 2 1 2 3 
0
3
7 3 2 1 1 1 
1
3
9 1 1 1 1 1 
0
3
9 3 1 1 1 1 
0
3
8 1 2 3 1 1 
1
3
8 1 1 1 2 1 
0
3
8 1 1 1 2 3 
0
3
6 3 2 1 2 1 
1
3
5 1 3 1 2 1 
1
3
5 1 3 3 2 1 
1
3
5 1 2 1 3 1 
1
3
5 1 2 1 3 3 
1
3
7 3 1 1 2 1 
1
3
6 1 2 3 2 1 
0
3
6 1 1 1 3 1 
0
3
6 1 1 1 3 3 
0
3
2 3 2 1 2 1 
1
3
9 1 2 1 1 1 
1
3
9 3 2 1 1 1 
1
3
8 1 3 1 1 1 
1
3
8 1 3 3 1 1 
1
3
8 1 2 1 2 1 
1
3
8 1 2 1 2 3 
1
3
8 3 1 1 2 1 
1
3
7 1 2 3 2 1 
1
3
7 1 1 1 3 1 
1
3
7 1 1 1 3 3 
1

modlinear
1
5 3 162
0
0.000000e+00 1.000000e+00 0 0 0.000000e+00 1.000000e+00 0 0 0.000000e+00 1.000000e+00 0 0 
3
1 1 1 1 1 1 
0
3
2 1 1 1 1 1 
0
3
2 3 1 1 1 1 
0
3
3 1 1 1 1 1 
0
3
3 3 1 1 1 1 
0
3
3 5 1 1 1 1 
1
3
3 7 1 1 1 1 
1
3
1 1 2 1 1 1 
0
3
1 1 2 3 1 1 
0
3
1 1 3 1 1 1 
0
3
1 1 3 3 1 1 
0
3
1 1 3 5 1 1 
1
3
1 1 3 7 1 1 
1
3
2 1 2 1 1 1 
0
3
2 1 2 3 1 1 
0
3
2 3 2 1 1 1 
0
3
2 3 2 3 1 1 
1
3
1 1 1 1 2 1 
0
3
1 1 1 1 2 3 
0
3
1 1 1 1 3 1 
0
3
1 1 1 1 3 3 
0
3
1 1 1 1 3 5 
1
3
1 1 1 1 3 7 
1
3
2 1 1 1 2 1 
0
3
2 1 1 1 2 3 
0
3
2 3 1 1 2 1 
0
3
2 3 1 1 2 3 
1
3
1 1 2 1 2 1 
0
3
1 1 2 1 2 3 
0
3
1 1 2 3 2 1 
0
3
1 1 2 3 2 3 
1
3
3 1 2 1 1 1 
0
3
3 3 2 1 1 1 
0
3
2 1 3 1 1 1 
0
3
2 1 3 3 1 1 
0
3
2 1 2 1 2 1 
0
3
2 1 2 1 2 3 
0
3
4 1 1 1 1 1 
0
3
4 3 1 1 1 1 
0
3
3 1 2 3 1 1 
0
3
3 1 1 1 2 1 
0
3
3 1 1 1 2 3 
0
3
5 1 1 1 1 1 
0
3
5 3 1 1 1 1 
0
3
4 1 2 1 1 1 
0
3
4 1 2 3 1 1 
0
3
4 1 1 1 2 1 
0
3
4 1 1 1 2 3 
0
3
4 3 2 1 1 1 
0
3
3 1 3 1 1 1 
0
3
3 1 3 3 1 1 
0
3
3 1 2 1 2 1 
0
3
3 1 2 1 2 3 
0
3
6 1 1 1 1 1 
0
3
6 3 1 1 1 1 
0
3
5 1 2 1 1 1 
0
3
5 1 2 3 1 1 
0
3
5 1 1 1 2 1 
0
3
5 1 1 1 2 3 
0
3
5 3 2 1 1 1 
0
3
4 1 3 1 1 1 
0
3
4 1 3 3 1 1 
0
3
4 1 2 1 2 1 
0
3
4 1 2 1 2 3 
0
3
4 3 1 1 2 1 
0
3
2 1 2 3 2 1 
0
3
3 1 2 3 2 1 
0
3
2 1 1 1 3 1 
0
3
3 1 1 1 3 1 
0
3
2 1 1 1 3 3 
0
3
3 1 1 1 3 3 
0
3
3 3 1 1 2 1 
0
3
5 3 1 1 2 1 
0
3
4 1 2 3 2 1 
0
3
4 1 1 1 3 1 
0
3
4 1 1 1 3 3 
0
3
4 3 2 1 2 1 
1
3
1 1 3 1 2 1 
0
3
2 1 3 1 2 1 
0
3
3 1 3 1 2 1 
0
3
1 1 3 3 2 1 
0
3
2 1 3 3 2 1 
0
3
3 1 3 3 2 1 
0
3
1 1 2 1 3 1 
0
3
2 1 2 1 3 1 
0
3
3 1 2 1 3 1 
0
3
1 1 2 1 3 3 
0
3
2 1 2 1 3 3 
0
3
3 1 2 1 3 3 
0
3
6 1 2 1 1 1 
0
3
6 3 2 1 1 1 
0
3
5 1 3 1 1 1 
0
3
5 1 3 3 1 1 
0
3
5 1 2 1 2 1 
0
3
5 1 2 1 2 3 
0
3
7 1 1 1 1 1 
0
3
7 3 1 1 1 1 
0
3
6 1 2 3 1 1 
0
3
6 1 1 1 2 1 
0
3
6 1 1 1 2 3 
0
3
3 3 2 1 2 1 
1
3
5 3 2 1 2 1 
1
3
4 1 3 1 2 1 
0
3
4 1 3 3 2 1 
0
3
4 1 2 1 3 1 
0
3
4 1 2 1 3 3 
0
3
8 1 1 1 1 1 
0
3
8 3 1 1 1 1 
0
3
7 1 2 1 1 1 
0
3
7 1 2 3 1 1 
0
3
7 1 1 1 2 1 
0
3
7 1 1 1 2 3 
0
3
6 3 1 1 2 1 
0
3
5 1 2 3 2 1 
0
3
5 1 1 1 3 1 
0
3
5 1 1 1 3 3 
0
3
8 1 2 1 1 1 
0
3
8 3 2 1 1 1 
0
3
6 1 3 1 1 1 
0
3
7 1 3 1 1 1 
0
3
6 1 3 3 1 1 
0
3
7 1 3 3 1 1 
0
3
6 1 2 1 2 1 
0
3
7 1 2 1 2 1 
0
3
6 1 2 1 2 3 
0
3
7 1 2 1 2 3 
0
3
7 3 2 1 1 1 
0
3
9 1 1 1 1 1 
0
3
9 3 1 1 1 1 
0
3
8 1 2 3 1 1 
1
3
8 1 1 1 2 1 
0
3
8 1 1 1 2 3 
0
3
6 3 2 1 2 1 
1
3
5 1 3 1 2 1 
0
3
5 1 3 3 2 1 
0
3
5 1 2 1 3 1 
0
3
5 1 2 1 3 3 
0
3
7 3 1 1 2 1 
0
3
6 1 2 3 2 1 
0
3
6 1 1 1 3 1 
0
3
6 1 1 1 3 3 
0
3
2 3 2 1 2 1 
1
3
9 1 2 1 1 1 
1
3
9 3 2 1 1 1 
1
3
8 1 3 1 1 1 
1
3
8 1 3 3 1 1 
1
3
8 1 2 1 2 1 
1
3
8 1 2 1 2 3 
1
3
8 3 1 1 2 1 
0
3
7 1 2 3 2 1 
1
3
7 1 1 1 3 1 
0
3
7 1 1 1 3 3 
0
3
7 3 2 1 2 1 
1
3
6 1 3 1 2 1 
0
3
6 1 3 3 2 1 
0
3
6 1 2 1 3 1 
0
3
6 1 2 1 3 3 
0
3
8 3 2 1 2 1 
1
3
7 1 3 1 2 1 
1
3
7 1 3 3 2 1 
1
3
7 1 2 1 3 1 
1
3
7 1 2 1 3 3 
1

modlinear
1
5 3 192
0
0.000000e+00 1.000000e+00 0 0 0.000000e+00 1.000000e+00 0 0 0.000000e+00 1.000000e+00 0 0 
3
1 1 1 1 1 1 
0
3
2 1 1 1 1 1 
0
3
2 3 1 1 1 1 
0
3
3 1 1 1 1 1 
0
3
3 3 1 1 1 1 
0
3
3 5 1 1 1 1 
1
3
3 7 1 1 1 1 
1
3
1 1 2 1 1 1 
0
3
1 1 2 3 1 1 
0
3
1 1 3 1 1 1 
0
3
1 1 3 3 1 1 
0
3
1 1 3 5 1 1 
1
3
1 1 3 7 1 1 
1
3
2 1 2 1 1 1 
0
3
2 1 2 3 1 1 
0
3
2 3 2 1 1 1 
0
3
2 3 2 3 1 1 
1
3
1 1 1 1 2 1 
0
3
1 1 1 1 2 3 
0
3
1 1 1 1 3 1 
0
3
1 1 1 1 3 3 
0
3
1 1 1 1 3 5 
1
3
1 1 1 1 3 7 
1
3
2 1 1 1 2 1 
0
3
2 1 1 1 2 3 
0
3
2 3 1 1 2 1 
0
3
2 3 1 1 2 3 
1
3
1 1 2 1 2 1 
0
3
1 1 2 1 2 3 
0
3
1 1 2 3 2 1 
0
3
1 1 2 3 2 3 
1
3
3 1 2 1 1 1 
0
3
3 3 2 1 1 1 
0
3
2 1 3 1 1 1 
0
3
2 1 3 3 1 1 
0
3
2 1 2 1 2 1 
0
3
2 1 2 1 2 3 
0
3
4 1 1 1 1 1 
0
3
4 3 1 1 1 1 
0
3
3 1 2 3 1 1 
0
3
3 1 1 1 2 1 
0
3
3 1 1 1 2 3 
0
3
5 1 1 1 1 1 
0
3
5 3 1 1 1 1 
0
3
4 1 2 1 1 1 
0
3
4 1 2 3 1 1 
0
3
4 1 1 1 2 1 
0
3
4 1 1 1 2 3 
0
3
4 3 2 1 1 1 
0
3
3 1 3 1 1 1 
0
3
3 1 3 3 1 1 
0
3
3 1 2 1 2 1 
0
3
3 1 2 1 2 3 
0
3
6 1 1 1 1 1 
0
3
6 3 1 1 1 1 
0
3
5 1 2 1 1 1 
0
3
5 1 2 3 1 1 
0
3
5 1 1 1 2 1 
0
3
5 1 1 1 2 3 
0
3
5 3 2 1 1 1 
0
3
4 1 3 1 1 1 
0
3
4 1 3 3 1 1 
0
3
4 1 2 1 2 1 
0
3
4 1 2 1 2 3 
0
3
4 3 1 1 2 1 
0
3
2 1 2 3 2 1 
0
3
3 1 2 3 2 1 
0
3
2 1 1 1 3 1 
0
3
3 1 1 1 3 1 
0
3
2 1 1 1 3 3 
0
3
3 1 1 1 3 3 
0
3
3 3 1 1 2 1 
0
3
5 3 1 1 2 1 
0
3
4 1 2 3 2 1 
0
3
4 1 1 1 3 1 
0
3
4 1 1 1 3 3 
0
3
4 3 2 1 2 1 
0
3
1 1 3 1 2 1 
0
3
2 1 3 1 2 1 
0
3
3 1 3 1 2 1 
0
3
1 1 3 3 2 1 
0
3
2 1 3 3 2 1 
0
3
3 1 3 3 2 1 
0
3
1 1 2 1 3 1 
0
3
2 1 2 1 3 1 
0
3
3 1 2 1 3 1 
0
3
1 1 2 1 3 3 
0
3
2 1 2 1 3 3 
0
3
3 1 2 1 3 3 
0
3
6 1 2 1 1 1 
0
3
6 3 2 1 1 1 
0
3
5 1 3 1 1 1 
0
3
5 1 3 3 1 1 
0
3
5 1 2 1 2 1 
0
3
5 1 2 1 2 3 
0
3
7 1 1 1 1 1 
0
3
7 3 1 1 1 1 
0
3
6 1 2 3 1 1 
0
3
6 1 1 1 2 1 
0
3
6 1 1 1 2 3 
0
3
3 3 2 1 2 1 
1
3
5 3 2 1 2 1 
1
3
4 1 3 1 2 1 
0
3
4 1 3 3 2 1 
0
3
4 1 2 1 3 1 
0
3
4 1 2 1 3 3 
0
3
8 1 1 1 1 1 
0
3
8 3 1 1 1 1 
0
3
7 1 2 1 1 1 
0
3
7 1 2 3 1 1 
0
3
7 1 1 1 2 1 
0
3
7 1 1 1 2 3 
0
3
6 3 1 1 2 1 
0
3
5 1 2 3 2 1 
0
3
5 1 1 1 3 1 
0
3
5 1 1 1 3 3 
0
3
8 1 2 1 1 1 
0
3
8 3 2 1 1 1 
0
3
6 1 3 1 1 1 
0
3
7 1 3 1 1 1 
0
3
6 1 3 3 1 1 
0
3
7 1 3 3 1 1 
0
3
6 1 2 1 2 1 
0
3
7 1 2 1 2 1 
0
3
6 1 2 1 2 3 
0
3
7 1 2 1 2 3 
0
3
7 3 2 1 1 1 
0
3
9 1 1 1 1 1 
0
3
9 3 1 1 1 1 
0
3
8 1 2 3 1 1 
1
3
8 1 1 1 2 1 
0
3
8 1 1 1 2 3 
0
3
6 3 2 1 2 1 
1
3
5 1 3 1 2 1 
0
3
5 1 3 3 2 1 
0
3
5 1 2 1 3 1 
0
3
5 1 2 1 3 3 
0
3
7 3 1 1 2 1 
0
3
6 1 2 3 2 1 
0
3
6 1 1 1 3 1 
0
3
6 1 1 1 3 3 
0
3
2 3 2 1 2 1 
1
3
9 1 2 1 1 1 
0
3
9 3 2 1 1 1 
0
3
8 1 3 1 1 1 
0
3
8 1 3 3 1 1 
0
3
8 1 2 1 2 1 
0
3
8 1 2 1 2 3 
1
3
8 3 1 1 2 1 
0
3
7 1 2 3 2 1 
1
3
7 1 1 1 3 1 
0
3
7 1 1 1 3 3 
0
3
7 3 2 1 2 1 
1
3
6 1 3 1 2 1 
0
3
6 1 3 3 2 1 
0
3
6 1 2 1 3 1 
0
3
6 1 2 1 3 3 
0
3
8 3 2 1 2 1 
1
3
7 1 3 1 2 1 
0
3
7 1 3 3 2 1 
0
3
7 1 2 1 3 1 
0
3
7 1 2 1 3 3 
0
3
4 3 3 1 1 1 
0
3
4 3 3 1 2 1 
1
3
1 1 4 1 1 1 
0
3
1 1 4 1 2 1 
0
3
2 1 4 1 1 1 
0
3
2 1 4 1 2 1 
0
3
3 1 4 1 1 1 
0
3
3 1 4 1 2 1 
1
3
1 1 4 3 1 1 
0
3
1 1 4 3 2 1 
0
3
2 1 4 3 1 1 
0
3
2 1 4 3 2 1 
0
3
3 1 4 3 1 1 
0
3
3 1 4 3 2 1 
1
3
1 1 3 1 3 1 
0
3
2 1 3 1 3 1 
0
3
3 1 3 1 3 1 
1
3
1 1 3 1 3 3 
0
3
2 1 3 1 3 3 
0
3
3 1 3 1 3 3 
1
3
9 1 1 1 2 1 
0
3
9 1 2 1 2 1 
1
3
9 3 1 1 2 1 
0
3
9 3 2 1 2 1 
1
3
8 1 3 1 2 1 
1
3
8 1 3 3 2 1 
1
3
8 1 1 1 3 1 
0
3
8 1 2 1 3 1 
1
3
8 1 1 1 3 3 
0
3
8 1 2 1 3 3 
1

modlinear
1
5 3 208
0
0.000000e+00 1.000000e+00 0 0 0.000000e+00 1.000000e+00 0 0 0.000000e+00 1.000000e+00 0 0 
3
1 1 1 1 1 1 
0
3
2 1 1 1 1 1 
0
3
2 3 1 1 1 1 
0
3
3 1 1 1 1 1 
0
3
3 3 1 1 1 1 
0
3
3 5 1 1 1 1 
1
3
3 7 1 1 1 1 
1
3
1 1 2 1 1 1 
0
3
1 1 2 3 1 1 
0
3
1 1 3 1 1 1 
0
3
1 1 3 3 1 1 
0
3
1 1 3 5 1 1 
1
3
1 1 3 7 1 1 
1
3
2 1 2 1 1 1 
0
3
2 1 2 3 1 1 
0
3
2 3 2 1 1 1 
0
3
2 3 2 3 1 1 
1
3
1 1 1 1 2 1 
0
3
1 1 1 1 2 3 
0
3
1 1 1 1 3 1 
0
3
1 1 1 1 3 3 
0
3
1 1 1 1 3 5 
1
3
1 1 1 1 3 7 
1
3
2 1 1 1 2 1 
0
3
2 1 1 1 2 3 
0
3
2 3 1 1 2 1 
0
3
2 3 1 1 2 3 
1
3
1 1 2 1 2 1 
0
3
1 1 2 1 2 3 
0
3
1 1 2 3 2 1 
0
3
1 1 2 3 2 3 
1
3
3 1 2 1 1 1 
0
3
3 3 2 1 1 1 
0
3
2 1 3 1 1 1 
0
3
2 1 3 3 1 1 
0
3
2 1 2 1 2 1 
0
3
2 1 2 1 2 3 
0
3
4 1 1 1 1 1 
0
3
4 3 1 1 1 1 
0
3
3 1 2 3 1 1 
0
3
3 1 1 1 2 1 
0
3
3 1 1 1 2 3 
0
3
5 1 1 1 1 1 
0
3
5 3 1 1 1 1 
0
3
4 1 2 1 1 1 
0
3
4 1 2 3 1 1 
0
3
4 1 1 1 2 1 
0
3
4 1 1 1 2 3 
0
3
4 3 2 1 1 1 
0
3
3 1 3 1 1 1 
0
3
3 1 3 3 1 1 
0
3
3 1 2 1 2 1 
0
3
3 1 2 1 2 3 
0
3
6 1 1 1 1 1 
0
3
6 3 1 1 1 1 
0
3
5 1 2 1 1 1 
0
3
5 1 2 3 1 1 
0
3
5 1 1 1 2 1 
0
3
5 1 1 1 2 3 
0
3
5 3 2 1 1 1 
0
3
4 1 3 1 1 1 
0
3
4 1 3 3 1 1 
0
3
4 1 2 1 2 1 
0
3
4 1 2 1 2 3 
0
3
4 3 1 1 2 1 
0
3
2 1 2 3 2 1 
0
3
3 1 2 3 2 1 
0
3
2 1 1 1 3 1 
0
3
3 1 1 1 3 1 
0
3
2 1 1 1 3 3 
0
3
3 1 1 1 3 3 
0
3
3 3 1 1 2 1 
0
3
5 3 1 1 2 1 
0
3
4 1 2 3 2 1 
0
3
4 1 1 1 3 1 
0
3
4 1 1 1 3 3 
0
3
4 3 2 1 2 1 
0
3
1 1 3 1 2 1 
0
3
2 1 3 1 2 1 
0
3
3 1 3 1 2 1 
0
3
1 1 3 3 2 1 
0
3
2 1 3 3 2 1 
0
3
3 1 3 3 2 1 
0
3
1 1 2 1 3 1 
0
3
2 1 2 1 3 1 
0
3
3 1 2 1 3 1 
0
3
1 1 2 1 3 3 
0
3
2 1 2 1 3 3 
0
3
3 1 2 1 3 3 
0
3
6 1 2 1 1 1 
0
3
6 3 2 1 1 1 
0
3
5 1 3 1 1 1 
0
3
5 1 3 3 1 1 
0
3
5 1 2 1 2 1 
0
3
5 1 2 1 2 3 
0
3
7 1 1 1 1 1 
0
3
7 3 1 1 1 1 
0
3
6 1 2 3 1 1 
0
3
6 1 1 1 2 1 
0
3
6 1 1 1 2 3 
0
3
3 3 2 1 2 1 
0
3
5 3 2 1 2 1 
1
3
4 1 3 1 2 1 
0
3
4 1 3 3 2 1 
0
3
4 1 2 1 3 1 
0
3
4 1 2 1 3 3 
0
3
8 1 1 1 1 1 
0
3
8 3 1 1 1 1 
0
3
7 1 2 1 1 1 
0
3
7 1 2 3 1 1 
0
3
7 1 1 1 2 1 
0
3
7 1 1 1 2 3 
0
3
6 3 1 1 2 1 
0
3
5 1 2 3 2 1 
0
3
5 1 1 1 3 1 
0
3
5 1 1 1 3 3 
0
3
8 1 2 1 1 1 
0
3
8 3 2 1 1 1 
0
3
6 1 3 1 1 1 
0
3
7 1 3 1 1 1 
0
3
6 1 3 3 1 1 
0
3
7 1 3 3 1 1 
0
3
6 1 2 1 2 1 
0
3
7 1 2 1 2 1 
0
3
6 1 2 1 2 3 
0
3
7 1 2 1 2 3 
0
3
7 3 2 1 1 1 
0
3
9 1 1 1 1 1 
0
3
9 3 1 1 1 1 
0
3
8 1 2 3 1 1 
1
3
8 1 1 1 2 1 
0
3
8 1 1 1 2 3 
0
3
6 3 2 1 2 1 
0
3
5 1 3 1 2 1 
0
3
5 1 3 3 2 1 
0
3
5 1 2 1 3 1 
0
3
5 1 2 1 3 3 
0
3
7 3 1 1 2 1 
0
3
6 1 2 3 2 1 
0
3
6 1 1 1 3 1 
0
3
6 1 1 1 3 3 
0
3
2 3 2 1 2 1 
1
3
9 1 2 1 1 1 
0
3
9 3 2 1 1 1 
0
3
8 1 3 1 1 1 
0
3
8 1 3 3 1 1 
0
3
8 1 2 1 2 1 
0
3
8 1 2 1 2 3 
1
3
8 3 1 1 2 1 
0
3
7 1 2 3 2 1 
1
3
7 1 1 1 3 1 
0
3
7 1 1 1 3 3 
0
3
7 3 2 1 2 1 
1
3
6 1 3 1 2 1 
0
3
6 1 3 3 2 1 
0
3
6 1 2 1 3 1 
0
3
6 1 2 1 3 3 
0
3
8 3 2 1 2 1 
1
3
7 1 3 1 2 1 
0
3
7 1 3 3 2 1 
0
3
7 1 2 1 3 1 
0
3
7 1 2 1 3 3 
0
3
4 3 3 1 1 1 
0
3
4 3 3 1 2 1 
1
3
1 1 4 1 1 1 
0
3
1 1 4 1 2 1 
0
3
2 1 4 1 1 1 
0
3
2 1 4 1 2 1 
0
3
3 1 4 1 1 1 
0
3
3 1 4 1 2 1 
0
3
1 1 4 3 1 1 
0
3
1 1 4 3 2 1 
0
3
2 1 4 3 1 1 
0
3
2 1 4 3 2 1 
0
3
3 1 4 3 1 1 
0
3
3 1 4 3 2 1 
0
3
1 1 3 1 3 1 
0
3
2 1 3 1 3 1 
0
3
3 1 3 1 3 1 
0
3
1 1 3 1 3 3 
0
3
2 1 3 1 3 3 
0
3
3 1 3 1 3 3 
0
3
9 1 1 1 2 1 
0
3
9 1 2 1 2 1 
1
3
9 3 1 1 2 1 
0
3
9 3 2 1 2 1 
1
3
8 1 3 1 2 1 
1
3
8 1 3 3 2 1 
1
3
8 1 1 1 3 1 
0
3
8 1 2 1 3 1 
1
3
8 1 1 1 3 3 
0
3
8 1 2 1 3 3 
1
3
6 3 3 1 1 1 
0
3
6 3 3 1 2 1 
1
3
4 1 4 1 1 1 
0
3
4 1 4 1 2 1 
0
3
5 1 4 1 1 1 
0
3
5 1 4 1 2 1 
1
3
4 1 4 3 1 1 
0
3
4 1 4 3 2 1 
0
3
5 1 4 3 1 1 
0
3
5 1 4 3 2 1 
1
3
4 1 3 1 3 1 
0
3
5 1 3 1 3 1 
1
3
4 1 3 1 3 3 
0
3
5 1 3 1 3 3 
1
3
3 3 3 1 1 1 
0
3
3 3 3 1 2 1 
1

