10,[[ 0, 0, 0, 0, 0, 0, 0, 0, 0, 1, 0.210833, 0.2926, 0.506095, 0.484405, 0.522022, 0.535969, 0.540685, 0.530063, 0.53082, 0.542803, 0.544078, 0.548339],
[ 0, 0, 0, 0, 0, 0, 0, 0, 0, 1, 0.334695, 0.649349, 0.478391, 0.375523, 0.462063, 0.545201, 0.558785, 0.475803, 0.510418, 0.524098, 0.509714, 0.510265],
[ 0, 0, 0, 0, 0, 0, 0, 1, 0, 0, 0.960187, 0.400478, 0.434755, 0.412706, 0.65474, 0.383876, 0.475036, 0.519712, 0.678404, 0.362362, 0.458995, 0.316755],
[ 0, 0, 0, 0, 1, 0, 0, 0, 0, 0, 0.228423, 0.16033, 0.495127, 0.488852, 0.507801, 0.508922, 0.503009, 0.500824, 0.490918, 0.4953, 0.491784, 0.461104],
[ 0, 0, 0, 0, 1, 0, 0, 0, 0, 0, 0.734057, 0.163109, 0.51116, 0.467003, 0.506441, 0.471497, 0.478425, 0.575019, 0.476359, 0.433058, 0.472952, 0.517874],
[ 1, 0, 0, 0, 0, 0, 0, 0, 0, 0, 0.547331, 0.155853, 0.52311, 0.453745, 0.513548, 0.532698, 0.448773, 0.49729, 0.504717, 0.502636, 0.514088, 0.462605],
[ 0, 0, 0, 0, 1, 0, 0, 0, 0, 0, 0.0810666, 0.153575, 0.495131, 0.497494, 0.500796, 0.503053, 0.49571, 0.50437, 0.492331, 0.500941, 0.506235, 0.498323],
[ 0, 0, 0, 1, 0, 0, 0, 0, 0, 0, 0.763067, 0.269018, 0.472904, 0.511053, 0.436552, 0.489066, 0.44547, 0.422996, 0.613504, 0.408406, 0.476185, 0.568268],
[ 0, 0, 0, 1, 0, 0, 0, 0, 0, 0, 0.174474, 0.151568, 0.509016, 0.50479, 0.507197, 0.492704, 0.479135, 0.478613, 0.516073, 0.469012, 0.491401, 0.511101],
[ 0, 0, 0, 0, 0, 0, 0, 0, 1, 0, 0.0782945, 0.153382, 0.517662, 0.519035, 0.502003, 0.493761, 0.472839, 0.487581, 0.505431, 0.476935, 0.502524, 0.516261]]
20,[[ 0, 0, 0, 0, 0, 0, 0, 0, 1, 0, 0.224681, 0.14466, 0.512606, 0.505451, 0.489023, 0.470713, 0.50051, 0.518781, 0.508999, 0.515235, 0.520372, 0.511327],
[ 0, 1, 0, 0, 0, 0, 0, 0, 0, 0, 0.96064, 0.239839, 0.453091, 0.420723, 0.624814, 0.490684, 0.471029, 0.472564, 0.447343, 0.492344, 0.596523, 0.439677],
[ 0, 0, 1, 0, 0, 0, 0, 0, 0, 0, 0.597078, 0.231733, 0.535082, 0.573741, 0.465088, 0.484621, 0.523735, 0.492343, 0.510518, 0.519559, 0.509865, 0.441921],
[ 0, 0, 0, 0, 0, 0, 0, 0, 0, 1, 0.847918, 0.49944, 0.591489, 0.316323, 0.450654, 0.569955, 0.625092, 0.453728, 0.555602, 0.472545, 0.477404, 0.513559],
[ 0, 0, 0, 0, 1, 0, 0, 0, 0, 0, 0.542192, 0.992936, 0.454063, 0.398599, 0.433416, 0.461195, 0.563275, 0.70654, 0.452254, 0.421758, 0.642785, 0.715807],
[ 0, 0, 0, 0, 0, 0, 0, 0, 1, 0, 0.544549, 0.150102, 0.480952, 0.508483, 0.520773, 0.463968, 0.516617, 0.537555, 0.496232, 0.491345, 0.500886, 0.501112],
[ 0, 0, 0, 0, 0, 0, 0, 0, 1, 0, 0.164956, 0.150603, 0.492166, 0.517551, 0.497721, 0.490665, 0.472138, 0.4997, 0.502026, 0.513671, 0.504708, 0.505488],
[ 0, 0, 0, 0, 0, 0, 0, 1, 0, 0, 0.130426, 0.156856, 0.479648, 0.488282, 0.516006, 0.509283, 0.509444, 0.50609, 0.510943, 0.494749, 0.471893, 0.502056],
[ 0, 0, 0, 0, 0, 0, 0, 0, 1, 0, 0.733117, 0.259601, 0.531748, 0.594787, 0.504428, 0.443295, 0.457674, 0.557327, 0.491318, 0.567472, 0.511179, 0.502931],
[ 0, 0, 0, 0, 1, 0, 0, 0, 0, 0, 0.525363, 0.153382, 0.501595, 0.495039, 0.500785, 0.499736, 0.510841, 0.516251, 0.517618, 0.473783, 0.515885, 0.530961]]
