[-4.47528396552234664085e+00, 2.39835629050025894715e-01, 1.58399672589600304384e+00, 1.28546056969339850262e+00, 3.04370145583015938584e+00, 4.87350380034960395381e-01, 2.00588394880799425479e+00, 1.44491102734113496808e+00, 3.22985268661292623804e+00, 6.73134709446598700211e-01, 7.26734193857173638165e-01, 9.56017643603441991118e-01, 1.01673189205543867963e+00, 2.96538130445655356837e-01, 3.36716398645083903052e-01, 6.38928941431169267196e-02, 8.34615573599548910000e-02, 1.93760809012219129250e-15, 6.93889390390722739157e-16, 7.07314989610797267994e-15, 
-2.21466363766372330314e-14, -1.22145741554032909786e-14, 1.47682791921492156268e-14, -1.39073201244297037777e-14, 5.01682029252492548595e-14, 3.57316261413287497573e-02, -1.48127458904801574853e-03, 4.01365315927262211737e-01, -1.30875252592530322282e+00, 2.85173957630270868968e-01, -5.78578529775273242564e-01, 1.76206856117515686666e-01, -2.44480303539997251283e-01, -3.60677664494852699868e-04, 3.65516936107905948683e-02, -2.40076571497778212816e+00, -2.47441072334430689494e-01, -1.73535353697479211021e+00, 4.48698968989316784861e-02, -2.50534644855096111371e+00, 
-3.36189829475990409335e-01, -1.11920673212345934864e-14, -1.26962281688215612755e-14, 3.88580728362635613420e-14, -4.42904803913913346219e-15, -1.88734721657501670756e-14, 9.90172076447553150382e-16, 1.36930698899210861845e-14, 2.94910301208499052073e-15, -3.38634014492716842911e-14, -1.40556602092288088554e-14, 1.30499300431566886622e-14, 1.21321861700403742258e-14, -4.95887119224192754352e-15, 2.53021902354564359185e-14, -1.02199387235661328169e-03, 3.08922581271088569910e-02, -1.31533710280030691209e+00, 3.51524968603253828991e-01, -5.67281176969502198837e-01, 
2.58248301804511193325e-01, -2.36990427778809437109e-01, 1.65080369935641346757e-01, 1.45050827136095428216e+00, 3.14388966892528209929e-01, -3.56208158842126823562e-02, 1.55383562149289500276e+00, -2.80627901956392600269e+00, 1.46245504515567548154e+00, -3.68732781222450833880e+00, 2.91825397405736552492e-14, 5.96835336093225426984e-14, 1.36401588087476160377e-14, -5.03954620696173487029e-15, 3.18523257026728601466e-15, 2.53730748169267669817e-14, -6.10622663543836018347e-15, -3.03345311832477625170e-14, 1.79477251976113902521e-14, 2.56045185054176695581e-14, 
-1.33615725173857222971e-16, 4.00027233560251652863e-14, 3.63911618913751941373e-02, -2.01927680162271392522e-03, 3.02537962734509557894e-01, -6.99769693348108567932e-01, 1.97868251685268864426e-01, -2.90301643149894650353e-01, 1.46596400202575538607e+00, -3.76620215200191044147e+00, 1.55689500270943925742e+00, -2.93803376623596346207e+00, 3.30679721997576059334e-01, -4.03454275862287353727e-02, 1.97989772724819562006e-14, -9.86523435030242203065e-15, -3.55271367880050029827e-14, -1.99155058713757245210e-14, 4.90348502542777429948e-14, -1.91016928665015672806e+00, 
9.24097436899909072117e-03, -1.13208665730086047163e-01, -2.39286811263818366413e+00, -4.87124530418709789092e-01, -1.45427315170905191444e+00, -6.15528076039792586065e-15, -1.42736902544429294761e-14, -3.93269521886057508586e-14, -5.23165615767200950033e-14, 1.92735488063138671580e-14, -1.95718370266417629466e+00, -2.45831257122615953747e+00, -6.01168585064956628727e-01, 1.16808581320747700838e-02, -1.59428903337654914729e-01, 6.97944485002966643892e-14, 6.03837021577345617131e-14, 3.05618781351644000678e-14, 3.38802113976551359106e-14, 9.65152937035910465256e-14, 
2.32140482290231800990e-14, 9.19824794185376047423e-14, 5.37824569741264020494e-14, -1.16993305106923213034e-03, 2.79394721914319743572e-02, -6.83027549729468219653e-01, 2.67727165588351634362e-01, -2.79849549901082184089e-01, 1.83211693394938507362e-01, -1.63091532638805847277e+00, 1.20110792947486413190e-03, 1.99785839360163315626e-02, 2.86817816917089599694e-14, 2.35527959842253689376e-14, -1.79343395787724641251e-15, 4.15198037261820820700e-14, -1.72814277204900515129e-14, -1.68495570863502637641e-14, -6.07210616947691330964e-15, -8.29835162019180377962e-16, 
-1.35038256883194895701e-14, -5.17992587753961510938e-15, -2.97275301232619805426e-15, -2.67388576903484891757e-15, 8.68196624517415666000e-02, -1.16914538930889804619e-02, -1.98475080661537385540e-02, 1.59346031087882589183e-01, 1.96021802142394035995e-01, 3.61027256684871011849e-01, 2.46283325612769443680e-02, 1.04993572617459021701e-01, 1.28152733577298172385e+00, -6.07218464780567360184e-02, 1.93693887814327636576e+00, -5.09521199807512134572e-02, 4.78893456713755327758e-01, 1.98566869030321668799e-01, 5.37410830402835527908e-03, -1.37551876770498765490e-02, 
-1.35806337123202253148e-02, 8.21988151067820638218e-01, 3.39626849985659351461e+00, 1.04872909687676606305e-13, 3.48432407239314650452e-14, 7.54144547861661660713e-14, -1.75328608810798351333e-14, 2.37653475880559808386e-14, 4.65528837692499614637e-14, -7.45691456504017814673e-15, 9.02258211775113354051e-14, 2.92701784142543037481e-14, 7.10773430351088703300e-14, 6.51326800543911448575e-14, -4.46821671580098488747e-14, -2.06650217155231295295e-15, -4.58073920949049259457e-15, -4.18603259295047806286e-16, -2.57754132888761720712e-15, -7.71805818311744750498e-16, 
-4.30407376793869684592e-15, -1.58061992616398955695e-15, -1.27476228765637571271e-15, -1.21207714868345646508e-02, 9.19092242509435275455e-02, 1.53794320541835560778e-01, -1.92995753142140256953e-02, 3.26806812271258906311e-01, 2.32639965433869250200e-01, 8.80217110116018330856e-02, 4.21581286687948628145e-02, -1.21449668776623422028e-02, 1.08718068029014167108e-01, 1.93361790170356817598e+00, 2.23430717120711630486e+00, 1.15379527197168907371e+00, 1.49260701428379749522e+00, 2.57644078443980517612e-01, -2.68931934442647041505e-02, 7.35758420481229682728e-14, 
7.97164346081186076352e-14, 7.98591318271112798267e-14, 5.45317276601677847457e-14, 1.06783569969909123016e-13, 1.28648453545871886499e-13, 8.82143022148937558993e-14, 4.24602373080076082887e-14, -8.26538780435231296151e-02, 2.06461810322355354685e+00, 6.62827635619607558048e-01, 5.87159554338039391813e-03, -1.27836653464667160396e-02, -5.73072664001492079744e-02, 5.41890259735123502871e-01, -5.60054909983912446449e-14, -1.24031000945801133914e-13, -8.17271925256579531961e-14, -1.71228848727991538312e-13, -1.21405300258689096967e-13, -6.75885189786456368699e-14, 
-1.03933374266507925919e-13, -1.96442819463164367915e-13, 3.53512738718961772033e-01, 2.37118567665670543221e+00, 1.44536940693291260374e-01, -1.16193419385811607530e-02, 2.92988940228648164776e+00, -6.76139753082564409770e-02, 6.47889935230982039194e-01, -1.04153882147736303532e-13, -3.38470692711711189486e-14, -7.92915182652963712892e-14, -1.19615281277233146061e-13, -4.36221126952181171433e-14, -6.20525043385871265106e-15, -3.04425957728420943332e-14, -1.05484606057348332019e-13, -1.20874959917387277825e-02, 1.09565156191041471190e-01, 2.16442817128207620758e-01, 
-2.31789215504760795494e-02, 1.06959797931730138387e+00, 1.49438556835659852595e+00, -6.83236061485109258503e-15, 4.82304983900134234296e-14, -7.68680607265924920527e-15, -7.26646677064666449725e-14, -1.66309360234362429403e-14, 4.46380790378208064093e-15, -3.04636077695068759730e-14, -2.80347415891478580186e-14, 7.66109987001806214124e-01, 2.16484148279512095270e-01, -2.26996057386231776809e-02, -2.14223646839829702515e-02, 2.01310224865566433916e-01, 2.04424201860926801899e+00, -3.15772995356922197852e-14, 5.94161282687330314883e-14, -4.13702666012894032581e-14, 
-8.67417763218627974501e-14, -3.09235106967956767121e-14, -4.02302393766547631855e-14, 1.96725575038635156840e-14, 7.95197064657778294635e-15, 4.79710644951917342116e-01, -5.96632432925149405745e-02, 5.75228112478967101850e-01, 2.78407159759531630527e+00, 1.82583040852465489090e-01, -1.32084411853474990861e-02, 7.61216241040770755678e-14, 2.99043758339206325476e-14, 1.03694373681605911878e-13, 1.04787467385272631934e-13, 9.05807344695759897758e-14, 1.17508927042771577523e-13, 1.64423800842760923508e-13, -4.98795717595553105804e-15, 8.40783795436673808688e-01, 
-2.15866491669532457875e-02, 2.02179288714432608964e-01, 2.62728610286610431146e-01, -2.65551479224394246237e-02, 1.02955574542306973894e-15, -5.25771523791941691031e-14, -5.59114258345471983723e-14, -1.04188142285752091817e-13, -2.83478332250017370633e-14, -2.23294585605615467203e-14, -3.55147312720375307971e-15, -1.17575905093362219487e-13, 1.04012337540936427444e-02, -1.13712635861458102177e-02, 5.85545129775172368269e-03, -1.45606573150844242903e-01, 1.09711299586097627001e-01, -2.76222628424753757770e-02, -2.64831100091193682999e+00, -1.22915417432460150060e+00, 
-1.48003592652626148052e+00, 8.39288359532646133232e-02, -3.20409596105845684288e-01, -1.97915098553580366680e-02, 6.52496645525154628231e-02, 2.98584777000673179392e-02, 1.91275676869874719510e-02, -2.54318448848737610479e-01, -1.83839732120215371136e-01, -8.01093535958289974971e-14, 3.66055107683426096953e-14, 1.12774130179096804565e-13, -6.72855687763454558447e-14, -1.92118608641593957304e-14, 2.60412740662456140562e-13, -7.83351458441330099539e-16, -5.54775508232653081055e-15, 8.06471502902265696532e-14, -5.45147381952785017646e-14, -1.20515161584261493506e-13, 
2.38401347743269935019e-13, -4.44643018594211078342e-14, -2.20069873237675322004e-14, 1.73618527654933644448e-13, 5.73135525833380445655e-15, 9.60815826030259726400e-17, 9.23726391392880970944e-14, -5.04744122078760559975e-14, -3.71709787412713454077e-14, 1.74559831488792556982e-13, -8.67697515907110173154e-14, -3.87004448917319556546e-14, 2.14938014125984552587e-13, -1.92427943607392526459e+00, 1.59182617366962464445e+00, -2.61995416915503787081e+00, 6.28391883088465774687e-02, -5.71724126016334266431e-01, -2.97610148147590514167e-01, 2.21047662002197470299e-01, 
2.45406347246449052513e-02, -4.83838625470993377586e-03, -5.34844002670643248187e-01, 4.23928237080892389432e-01, 5.75957637637075567372e-02, -5.07762787772915169526e-02, -4.81841683928404925506e-15, -1.14732514436218998278e-13, -7.46615636149984325502e-14, 2.11281760488836506098e-14, -1.17913910295903397060e-14, -2.23879009545342746372e-13, -1.01991507244551730062e-13, -1.50806484236311038989e-13, -5.10249151846363139385e-14, -1.19698256872358785989e-13, 6.26373091486166727816e-15, -1.70047086274069261099e-13, -4.76253246775554688751e-14, -2.05983098446017721857e-13, 
-1.42895554934554888406e-13, 7.06626576198431964954e-14, 1.04162210480005928970e-02, -2.68858000234358668085e-04, -1.43602097754172097765e-01, 4.10363915007699447957e-02, 2.62256311442956926983e-02, 2.03594432445338823640e-03, -2.39221264145320217098e-01, -2.32138022454616670120e-02, -8.58189737177186051653e-01, -5.53628938233017731108e-01, -4.38577547868687800392e-01, 4.58137583685732374672e-02, 6.64255866885452001569e-14, -2.55292334169421232764e-13, 5.79942202077326842520e-14, -2.31964655538129864411e-13, 1.07168859210005485268e-13, -3.19451976277986317876e-13, 
7.49204377033447365884e-14, -3.46210021411639874600e-13, 6.94555153786712405567e-14, -3.05465528059261762944e-13, 8.24603901451074061812e-14, -2.96821577959303963498e-13, 8.73317000235825126986e-14, -3.57313006451083888881e-13, 4.44667788575557694485e-14, -2.30126825624294559021e-13, 1.17765452486320106214e-03, 2.66702901453609239613e-02, -4.26050105758935815370e-01, 4.41954992387745895788e-02, -8.76229193592227728615e-01, -7.14203213483740384504e-01, 4.27547369066611643307e-03, -5.73624665746109568820e-02, 1.42316689795944222379e-13, 9.56296162276951313895e-14, 
8.48726912240088684362e-15, 1.00874582515356062945e-13, 3.17628529954783116665e-14, -4.91746657605465034803e-14, 7.69032603239057567780e-14, 1.25941018683399161158e-13, 1.90852645723310967996e-02, -2.08117995187944659907e-01, -6.38139255036602959237e-01, 1.25294253138232680039e-02, 6.86232674086037913730e-02, -2.51719956717756437534e-03, -3.09936587899395243895e+00, 3.15435292069538852910e-01, -2.77159633702514929254e+00, -6.81916863466602074517e-01, -1.60483585230945910612e-03, 7.53881318752222806534e-02, -2.69196222499735538305e-03, 3.73526911542115924164e-14, 
-1.12326211106448631876e-13, 9.42772815434895139549e-14, -2.32028140187682382223e-13, -4.00225449918672972743e-14, -7.12034140132758407050e-14, -3.21664745226283904819e-14, -8.89829431699658471640e-14, 3.95856708795766956820e-15, -1.36315351444514970391e-13, 3.27492972974746002395e-14, -1.62038122823557917464e-13, 5.40687821252936922965e-15, -6.73066652901278002504e-14, -6.14073174218938157701e-14, -3.72240557141675222203e-14, 2.93813983600836259313e+00, -1.82231835738882952391e+00, 4.28380669841892935956e-02, 2.63329687579262686214e-02, -3.84449995735564653554e-01, 
-2.33152286105183681464e-01, -3.35849443648570833432e-01, 6.47711542079048158138e-02, 4.93405600865230373198e-02, 2.20907747956893031616e-02, -4.05237938870025793392e-01, -2.47559848185259584463e-01, -7.25531262948018605513e-14, 7.93616254991463923186e-15, -5.72177293193422603061e-14, 1.41022696719818241975e-13, -3.63518262006555280003e-14, 3.25318060742852938894e-14, -5.32944121642730009426e-14, 1.25612726789226970385e-13, -1.15911941664052387091e-13, 1.72075367061907221093e-13, -6.02095236501656848132e-14, 6.51584884382676718500e-14, 7.42958633384304157444e-15, 
2.56985851180036543975e-14, -1.49591737941082288117e-13, 2.81908826087627329917e-13, 2.07810223228888446556e+00, -2.49176574149451024454e+00, 3.04049338425440088263e-02, 5.25997982974395553168e-03, -2.74697129325126743193e-01, -5.74363094149254183041e-02, 1.62625867802589363365e-02, 1.76719137135128499631e-03, -2.00453587847745529071e-01, 1.97664652278927849283e-02, -5.20814921488716664477e-01, 5.40544150256103694829e-02, -1.67362062507456499954e-14, 5.04877698236356347011e-14, -3.50309671019128325617e-14, 1.51419748409501502579e-13, -5.00291101533781360039e-15, 
6.74561559932558876163e-15, -2.22441587236580529112e-14, 2.94458886285553562328e-14, -1.30387725524713187878e-14, -9.37535569990288978666e-15, 1.42291457646225944107e-14, -3.97877586901059453191e-14, 6.58359573063800094971e-14, -1.11284010877739317759e-13, -5.18181839855825058437e-14, 1.53504503207146347034e-13, -2.61914706498921745492e+00, 6.74678462276578905232e-01, 8.01076260409337576052e-02, -1.01729306490630916349e-02, 3.24797396663722287569e-02, -3.38637246618092524475e-01, 6.93489783950897303866e-02, -1.12091580740735184685e-02, 3.63641609667603591294e-15, 
-8.31382827774177833231e-14, 9.98421194000034684993e-14, 1.39591284979174807770e-13, 3.16558191754033511566e-14, 4.93700703357899490565e-14, 2.83200475302842317132e-14, 9.23487248043229781210e-14, 2.20227053528121752279e+00, -2.49876647090873538204e+00, -4.96512835481042191788e-01, 5.12836645761800130616e-02, 1.61316107779784743970e-02, 4.32824690222674557383e-03, -2.01895229884586496771e-01, -2.56966202536068307263e-03, 3.44514074235924491751e-02, 8.41079509876443455474e-03, -2.89529861463464877058e-01, -1.02593918129297870245e-01, -7.75420173210782149245e-14, 
1.67505903322000472321e-13, -6.34931277125199210753e-14, 2.36850827235856408269e-14, -7.34895440604794454740e-14, 1.16965309003487886591e-13, -7.66884305544198041581e-14, 1.16388380414867842603e-13, -9.88380353692540186882e-14, 4.93859605836896064055e-14, -9.87479539529816288260e-14, 8.41583082451289272282e-14, -2.22874311361627627762e-15, -6.63643036094691224115e-14, -1.01497413124326739678e-13, 3.11845736352968518480e-14, -1.38248276261481706229e+00, 1.43827975544239095029e-01, -1.61918505867250893393e-02, -8.21251731903612815222e-03, -1.12387216506966876317e-02, 
-4.52385884087767101147e-02, 4.21780561461531255940e-01, 2.81151164914373059818e-14, 8.19512302896131294058e-16, 3.86364584095935837692e-14, 1.14432355742830234086e-14, 3.10684873188723404807e-14, -2.23803475930309839821e-14, 8.68481843062626490886e-15, -1.34841508397272287207e-15, -1.05109372084457350407e-14, 8.42036030710790166212e-14, 4.89945151939158969519e-14, -7.14234323286876815952e-14, -1.89407739537432368016e-01, -1.70735483502316404136e-01, 9.66445151787927864140e-02, 1.36541947429568051586e-02, 1.32219221959985391152e-02, -1.06147503145027442134e-02, 
-3.71510101177906004732e-01, 2.52277544470424441858e-01, 3.87498804339572039401e-02, -2.52977196344550854523e-02, -1.79890672950350372084e+00, 1.33836395236612726301e+00, -4.47164157301615683426e-01, 2.77414152967484506362e-01, 4.77274253759701824751e-02, -2.73550597808610747308e-02, 2.23203309150555683357e-14, 1.47508036759962760286e-14, -5.41111168555215989215e-14, -2.64005641216969116343e-14, 6.62183156245281163886e-14, -9.70928176639480092818e-14, 3.95716228062289973362e-14, -1.67637724624902242338e-14, 1.04399837895733483249e-14, 4.07395219741142703538e-14, 
-9.32682740399768024700e-15, -7.41990583962733148319e-14, 3.26128026031826558365e-14, -6.03205946478016787793e-14, 4.95642135442912259949e-15, 4.93183695144350801735e-14, -1.35794031749570417438e-14, -5.58522617286332619836e-14, 7.62929648517784366555e-14, -9.44878885117012572363e-15, -2.08950350660744203905e-14, -8.06511248584891026309e-14, -5.02799910348816462035e-14, 8.87838706397674424966e-14, -1.60265420128308522241e-02, 3.65350275173746616431e-02, -2.43102463321611145242e-01, 1.19115604813698275355e-01, 3.09698457006731923957e-02, 2.42866012186738783329e-01, 
-1.03811684463403150480e-02, -1.49347819661528845303e-02, 5.62831054217518694793e-02, -5.99922757299420458983e-04, 7.75633650031375913164e-03, -6.11057448745429068748e-02, 2.62265090659470789802e-01, 9.15956716149973343422e-02, 2.10447593672906940743e-01, -2.98776551214522505251e-02, -8.61200236045708313048e-03, -1.92416239607670937206e-02, -1.76221172574757313500e-02, 1.20802779962862535251e-02, 1.91745873879801270734e-02, -2.41705987721989312700e-02, 1.73311213324847196438e-01, -9.22092340829329532026e-02, -2.00047350205985491334e-01, 2.15906127736980923970e-01, 
-5.05886800242429796048e-02, 2.63929496048856265800e-02, 5.41746045636952791580e-02, -6.44297362706335863258e-02, 4.74102895649270883460e-01, -2.48525831581276557269e-01, -4.64734445484608849064e-01, 5.05359547512511109169e-01, -7.91381749611559192202e-14, -3.26670032286641172295e-14, 2.32264209703049630892e-13, 1.16925180706847186431e-13, 5.30859932610033833693e-14, -3.58084613754748990706e-13, -5.38691117467951727920e-14, -3.59216125297373265721e-14, 1.63023180680324983117e-13, 1.14980184871213657946e-15, -8.98879727119694289469e-14, -4.99685664580391599891e-14, 
-3.97639536131624287211e-14, -2.31458050417440127178e-14, 1.46928088705102609703e-13, 5.46032869497568403310e-14, 1.24451446656604367808e-14, -1.17154262344551182181e-13, -7.30975488742111857712e-14, -4.15400051925074223739e-14, 1.36933842852100216733e-13, 4.51791153799059563705e-14, 7.22984930759746086155e-15, -2.94532419420153346825e-14, -1.48561437100305254559e-13, -7.40741191198150753267e-14, 2.72544820312255615845e-13, 1.36981763353825577911e-13, 1.06629861999061755987e-13, -2.27756024529319447200e-13, -9.87438981650501070408e-14, -8.47168100128684648231e-14, 
2.78784765937055778401e-13, 5.46981163104459806602e-14, 9.92339191587398846514e-14, -2.36014279618991954264e-13, -3.24628352950776898064e-14, 2.97631065689552562836e-14, -1.51188390675817014628e-14, 1.84526548485448921240e-14, -2.39486771274618287977e-14, 1.26790390623817674233e-13, -1.70375265124584451907e-13, -6.45738367808047042925e-14, 2.05388713778710216191e-13, 1.52709209725899301007e-13, -2.48698311389843079188e-14, -2.63554492880241792043e-14, 4.75184962893129749645e-03, -1.83440411871162584179e-02, 1.79378310471381176294e-02, -1.53079109968163262767e-01, 
-2.99249391300747680233e-01, 6.44430205908560482797e-02, -1.80916445685299576934e-13, -5.90371099992760621253e-14, -1.92288439193934893896e-13, -6.42228758781901223223e-14, -1.23415568331658362884e-13, -1.05361338489973704722e-13, -1.40019167942749086461e-13, -6.61657460139610641826e-14, -4.51494844993629296237e-01, 3.49784587760164633607e-01, 4.74410482132913355335e-02, -3.54320024834404098679e-02, -2.71844603939414508620e-01, 1.91035251080082846276e-01, 2.33755604763692080572e-02, -2.01355528017450671752e-02, 3.83274960397869735029e-01, -3.84103818214497974570e-02, 
1.54236896189210659068e-14, 1.57904823238290706208e-14, 1.67347824313305343140e-14, 7.44913515964062521711e-15, -7.24035937118792537478e-14, 8.29122197358111152339e-14, -1.54782216594607507261e-13, 1.52564157757275253595e-13, -2.73979768571619373191e-14, 7.08194925702542306187e-14, -2.49095752640502261001e-15, 2.80373768893102486229e-14, -2.03029257325875406137e-14, 6.06994724296408140668e-14, -2.65519924594643402941e-14, 1.10798538283263798338e-13, 1.36541207084116041764e-02, -1.44647155355753908451e-02, -1.49947999522388825122e-01, 1.29450580104132989545e-01, 
3.01193445084244060261e-01, 4.68222384624205067993e-02, 2.71167224323525080099e-01, -3.44957185678276892493e-02, -3.91292505388273273437e-03, -2.59259314722038829160e-02, 1.76594266325270893292e-01, 9.17619417746052580542e-03, 3.37923815409430283729e-01, -6.30417928474680342582e-03, 9.93780290936392696199e-03, -7.11318558821698310179e-02, 6.58160599964255910166e-02, -5.90629546020692841601e-02, -5.72822138065696373488e-01, 4.65133115029730148660e-01, 1.44489193246448942558e-13, 7.25005133778017627441e-15, -3.01385995459675900155e-13, 1.78036906377770902655e-13, 
5.02516806169761044633e-14, -5.21554726832010616212e-13, 1.56971759101245568273e-13, 1.06518410646541555607e-13, -1.71933385100092913948e-13, 2.67046532029248944325e-13, 2.55224212715881977798e-13, -3.86458528293996028073e-13, 5.84421945107086991673e-14, 7.52150278435686230983e-14, -1.61320122999904905088e-13, 1.96384565636553375293e-14, 7.76161995240420516791e-14, -8.40546122711344420523e-14, 4.96971182267568685338e-14, 6.91160159774044086278e-14, -1.53025305035558781117e-13, 1.09774996828197074316e-13, 1.35442699366542353064e-14, -1.27752541339351403258e-13, 
4.50219618118060261464e-03, 3.17363349136041495227e-03, 3.39235207416619831064e-03, -1.43622726561392164563e-02, -6.63047682923984249559e-02, -8.37229186477479389583e-03, -1.20696464875118657928e-02, 1.33269405510031996309e-01, -3.18160992600932113206e-01, 4.41814185469479370205e-01, 4.12427991018005507540e-02, -5.12178744587106146713e-02, 6.11490173351224557824e-03, 4.63811668998282983917e-03, 4.93860952108465117716e-03, -2.12145243295510724235e-02, -7.83094009075947228293e-02, -2.38081260265233934925e-02, -2.80298568539827444579e-02, 1.89635173304310067355e-01, 
-3.70519050747636136123e-01, 5.12266782950986043765e-01, 4.87229815220934572850e-02, -5.91240729911357981718e-02, 8.08976845584705043099e-15, -8.84508776121331454746e-14, 2.53935686686065868788e-14, 6.21960570629409011608e-14, 2.12772798598695312037e-14, -8.01337990511037339492e-14, -8.07256547680117030094e-14, 2.46183362579476173087e-13, -1.44529493661317684986e-14, 9.70992875720130670957e-15, 6.59503220927987360715e-14, -9.05362985554889105618e-14, -5.75019548878978823116e-14, 7.13630278653407199597e-14, 1.48903696603396947427e-13, -1.39211106761439352785e-13, 
-1.22336422376935514833e-14, -6.81947540928713701458e-14, 8.27626987112917193483e-14, -7.18131416517050279164e-15, -1.17219927217875230105e-14, -6.26791610879557794384e-14, 1.05218270771710994366e-13, -4.73850447958126849673e-14, -1.85301118552635652613e-14, -9.14112615042447362837e-15, 7.38359266790993469692e-14, -1.49661093973399012390e-13, -1.21175573521072219253e-14, 1.57559454144090761351e-14, 1.07967368908440300516e-14, -7.53156791057965622659e-14, -2.26710399201369428024e-01, 5.36248926838823469776e-02, 2.74218267942610734178e-02, -2.37997577537505028422e-01, 
-1.84089399106609730161e+00, 2.34233243941966845503e-02, -2.50721317865534643055e-01, 1.22604437694926282182e-13, 7.81696240731831700964e-14, 9.72829348306655524856e-14, 1.18005438523780512858e-13, 3.42138875235621217137e-13, 2.66236518232192049440e-13, 7.26529499697596863137e-16, 3.25526433881865290660e-13, 1.41775036947696785744e-02, -1.24923234371058528708e-02, -1.57386821993027808952e-01, 1.16515838930934187423e-01, -5.53317734425358767614e-02, 4.43537229072057670454e-01, 2.53652578616752992502e-02, 2.67962227029735156059e-01, 1.03439836403807945697e-02, 
-7.27810843626628123371e-02, 7.59299442579848687940e-02, 1.48557738445287079720e-01, -8.07215197592427678719e-03, -1.10753244378680500842e-02, -7.01273662869690001044e-14, 3.46268887133815020584e-13, 1.65074980580201449816e-14, 1.73779925320161457465e-13, -8.04169578278258108699e-14, 5.75503839007456205412e-13, 1.63472319392827243078e-14, 5.52424152023208709412e-13, -4.39813395446226879857e-14, 3.88057838780532364130e-13, -7.96448871200557812068e-14, 3.01442321748499379341e-13, -3.45092135174632243718e-14, 5.05041540093004441108e-13, 2.91809743352048424798e-14, 
2.44403263059842254284e-13, -1.18914042670358224840e-01, 7.71706128527034282416e-03, -1.55862019741329765887e-01, 1.16494258231700370532e-02, 6.67152187447527461867e-14, 1.08561809675917372778e-14, 2.46583974647895222112e-14, -4.41046108005987131420e-14, -2.77039555067822401659e-14, 1.28001645227935490362e-14, -1.92939996636923313130e-14, -7.48444702762365870718e-14, 1.50026561444258388356e+00, 3.15592970530923846995e-02, -3.72265260790077563008e-03, 9.99576601137061038216e-02, -8.47977057806332222556e-03, 4.74527220126989210391e-02, -5.10216734152120834911e-03, 
-6.94834071985541911637e-14, -7.89514618101638883173e-14, 6.45162245189392950165e-14, 8.19303598502316355997e-14, 5.82733443815019229183e-14, 2.88283960705247016952e-14, 5.07973181315630083599e-14, 2.72390446373187920592e-14, -1.81142638510594401746e-02, 9.46464416393915861092e-03, 2.12664677966366455486e-01, -1.54891224537661187366e-01, -4.30549670619147298312e-02, 1.14020911403056347810e-02, 4.19542806842195803441e-01, -1.71276891656897772842e-01, 6.26051056936794636520e-01, -1.70849063891019253836e-01, -4.88996052954929483203e-02, 2.11396462299565171539e-02, 
4.54442477365639696529e-01, -1.94673800945465547141e-01, 5.31694992631549900306e-14, -1.72361988400954211315e-14, 3.93952908342687270066e-14, -2.76105152174886788496e-13, -8.04851049174177590223e-14, 1.04592106079714796986e-13, -4.85095186960873836853e-14, -5.96559816625041498103e-14, 4.51290993806807117500e-14, -1.71406789198152357668e-13, -9.49468579452507776490e-15, -1.05378595397090348273e-13, -3.54400361208361213785e-14, -4.60523966729673184944e-14, 7.52902246460561270515e-14, -2.35616800149546550697e-13, 6.95278360210040552447e-02, 1.54798988548901006457e-01, 
1.14466391389310917504e-01, -1.58984323035117530720e-01, -3.27189030051333205537e-03, 1.83026351913827050807e-03, 4.61263109889664593005e-03, -5.16233362975024225733e-03, 5.22971481513266056584e-02, 3.64176482034724718906e-02, -8.56466424177572058229e-03, -4.71586043186126513405e-01, -3.17055971058492980230e-01, 1.07706176900803210494e-01, 9.86142398240887341210e-02, 1.47614240796907603137e-01, -2.14122782439095632467e-01, -6.06853696412760091478e-03, 9.66463509563003750520e-04, 8.39169899474965282765e-04, 2.30908917982658890011e-01, 3.90486165238580040793e-01, 
-5.15230854316050645991e-01, -2.20630481234483921682e-02, -4.62886670767467534038e-02, 5.73616825912340033700e-02, -4.37701278068874261782e-14, -6.52662573623400652706e-14, -1.95068346205885984746e-13, 2.13592660113669002340e-13, 9.80106530898629758902e-14, 5.94063583637909644704e-14, -7.81901692114001764192e-14, -6.13292438253512437792e-14, -1.00691181305234928264e-13, -1.65144699426253464551e-13, -1.30978898561782835406e-13, 4.49929378993131330602e-13, -2.20998879166123061099e-14, -2.06452364385615099649e-13, -5.60277840258058524838e-14, 4.48690518295392083238e-13, 
-2.41493922402858411162e-14, -1.61169642127457869730e-13, -9.77196345291984039584e-14, 4.02967388870741273672e-13, -5.76128540135881833764e-14, -1.26428611383126645222e-13, -1.22963958048311527994e-13, 3.15081619414462040706e-13, -3.39356339226527961099e-14, -3.00221497630783286246e-13, -1.34701798879702833779e-13, 4.50865262002257009224e-13, 1.48087464674057061597e-13, 8.66730456327958561052e-14, 6.74644014334086695802e-14, -1.00148870701722189994e-13, -2.29311864836638790166e-01, 5.61384523121846057414e-01, 5.62701617309815382839e-02, -1.63221452466219135724e-01, 
-5.31691517621496537171e-02, 2.42982911057521046294e-02, 5.50541768998391925494e-03, 5.12911985718465190942e-01, -2.11218983865189335880e-01, -1.15578083768160352895e-01, -3.00220045946733883613e-02, 1.02130626740088627930e-02, 8.89880838276631107309e-03, 3.29688699348874847406e-01, -7.82847521135299900807e-02, -1.43934534612164738432e-01, -6.00491526417642335067e-02, 1.47222605456393106776e-02, 5.54108774352472188696e-01, -1.33932515574780641732e-01, 1.63927436240515330753e-13, 9.91508501156514238389e-14, -4.91164322208931430085e-13, 1.51030515715970059723e-13, 
1.49302867140046135734e-13, -4.02792540248957650958e-13, 1.15139791924893564678e-13, 4.10587218888507294337e-14, -3.60532509742087613954e-13, 1.04539398670391121661e-13, 8.16343716213284861170e-14, -4.00433539076933316670e-13, 1.88964636664003366598e-13, 1.12717935813569326573e-13, -6.67460547156184234678e-13, 1.49966786232882292750e-13, 1.44151076100648205567e-13, -6.62556417771941127401e-13, -4.50440058401257708600e-14, -8.95934075309610946590e-14, -3.36493204205727696099e-14, 1.99954304947537743172e-13, 1.70439948783302667547e-13, -5.63497631636830950726e-13, 
9.20347314207930894403e-02, 9.20745594387124971503e-02, 2.89319112892326034056e-03, -5.20665557871982584426e-02, -5.85761531735927570841e-02, 4.29688669004923695649e-01, 1.16695291165504533293e-01, 1.02546110249675678783e-01, 1.86791914652102600085e-04, -5.27069931430939123129e-02, 3.53932183878666525856e-02, -4.19963653522218982594e-02, -3.18105100371080029564e-01, 4.09906895017179251361e-01, -1.51190948349143952085e-14, 1.32650119427495417613e-13, 7.46699487050538960004e-14, -2.65548329097890020942e-14, 1.35816665430489492716e-14, -5.19479876888707991467e-15, 
1.01956841417648834075e-13, -5.98203435953423307526e-14, 1.88268723267902463004e-13, -3.55835906181136997925e-13, 1.11719309856529905619e-13, -2.49088007394739321034e-13, 1.16948619346234862036e-13, -5.85180102944753810977e-14, 2.57401279760194529925e-13, -4.79962314938578355992e-13, 4.49592879457059446668e-02, 1.92187310098307084782e-01, 8.38597550867713030509e-03, -6.46590385853664378901e-02, -6.05189687524519542849e-02, 4.85555788413328859310e-01, 1.97477182893482233750e-02, -2.05250994769641779969e-02, -2.10987743506302588559e-01, 2.01794942689656336965e-01, 
1.27792446080415733611e-01, 8.51867321467637966803e-02, -1.35854454203487937797e-02, -3.76703455140176739560e-03, 4.21928917862822244238e-14, -2.62712931698656195037e-13, 1.77779943690065724620e-13, -5.35127268978193606090e-13, 3.34611086717333366106e-14, -2.53675141175753629868e-14, 7.19371144772409900784e-14, -9.04591719585739834967e-14, -2.02748792661260069925e-14, 6.37132225140362946684e-14, 3.98569464983752912318e-14, -1.02471789613435510373e-13, -1.10925289694965792248e-13, 2.57506613454012829505e-13, 1.41187419728811923172e-13, -3.66830295804734595746e-13]