10,[[ 0.111111, 0, 0, 0, 0.111111, 0, 0.222222, 0, 0],
[ 0.222222, 0, 0, 0, 0.111111, 0, 0, 0, 0],
[ 1, 0.777778, 0.333333, 0.333333, 0.333333, 1, 0.222222, 1, 0.333333],
[ 0.333333, 0, 0, 0, 0.111111, 0, 0.222222, 0, 0],
[ 0.777778, 0.666667, 0.777778, 0.444444, 0.444444, 1, 0.888889, 1, 0],
[ 0.444444, 0, 0.111111, 0, 0.111111, 0, 0.222222, 0, 0],
[ 0.555556, 1, 0.111111, 0.777778, 1, 0.111111, 0.666667, 0.777778, 1],
[ 0.111111, 0, 0, 0, 0.111111, 0, 0.111111, 0, 0],
[ 1, 1, 1, 0.666667, 0.888889, 1, 0.666667, 1, 1],
[ 1, 0.222222, 0.222222, 1, 0.111111, 1, 0.666667, 0.222222, 0.222222]]
20,[[ 0, 0, 0, 0, 0.333333, 0.222222, 0, 0, 0],
[ 0, 0, 0, 0, 0.111111, 0, 0, 0, 0],
[ 0.444444, 0, 0, 0, 0.222222, 0.111111, 0.111111, 0.111111, 0],
[ 0.333333, 0, 0, 0, 0.111111, 0, 0.111111, 0, 0],
[ 0, 0, 0, 0, 0.111111, 0, 0, 0, 0],
[ 0.555556, 1, 0.444444, 0.444444, 0.333333, 1, 0.555556, 1, 0],
[ 0.222222, 0, 0, 0, 0.111111, 0.111111, 0.222222, 0, 0],
[ 0, 0, 0, 0, 0.111111, 0, 0, 0, 0],
[ 0.555556, 0.444444, 0.444444, 0.777778, 0.333333, 1, 0.222222, 0.333333, 0],
[ 0, 0, 0, 0, 0.111111, 0, 0.111111, 0, 0]]
30,[[ 0.555556, 0, 0.222222, 0, 0.111111, 0, 0.222222, 0, 0],
[ 1, 1, 1, 0.777778, 0.111111, 1, 0.333333, 0, 0],
[ 1, 0.888889, 0.666667, 0.222222, 0.333333, 0.111111, 0.666667, 0.666667, 0],
[ 0.222222, 0, 0.111111, 0, 0.111111, 0, 0.222222, 0, 0],
[ 0, 0, 0, 0, 0.111111, 0, 0, 0, 0],
[ 0, 0, 0, 0, 0, 0, 0.111111, 0, 0],
[ 0.444444, 0, 0.111111, 0, 0.111111, 0, 0, 0, 0],
[ 1, 0.777778, 1, 0, 0.222222, 1, 0.444444, 0, 0],
[ 0, 0, 0, 0, 0.111111, 0, 0, 0, 0],
[ 0.444444, 0.222222, 0.111111, 0.777778, 0.444444, 1, 0.777778, 0, 0.111111]]
40,[[ 0.444444, 0.555556, 0.555556, 0.777778, 0.555556, 1, 0.333333, 1, 0.333333],
[ 0, 0, 0, 0, 0, 0, 0.222222, 0, 0],
[ 0, 0, 0, 0, 0.111111, 0, 0.111111, 0, 0],
[ 0.222222, 0, 0, 0, 0.111111, 0, 0.111111, 0, 0],
[ 0.777778, 0.222222, 0.222222, 0, 0.111111, 0.111111, 0.222222, 0.111111, 0],
[ 0, 0, 0, 0, 0.111111, 0, 0.111111, 0, 0],
[ 0.222222, 0, 0, 0, 0.111111, 0, 0.111111, 0, 0],
[ 0.111111, 0, 0, 0, 0.111111, 0, 0.111111, 0, 0],
[ 0, 0, 0, 0.222222, 0.111111, 0.222222, 0, 0, 0],
[ 0.555556, 1, 1, 1, 0.777778, 1, 0.666667, 1, 0.666667]]
50,[[ 1, 0.444444, 0.666667, 0.222222, 0.222222, 0.666667, 0.222222, 0.222222, 0.777778],
[ 0.111111, 0, 0, 0, 0.111111, 0, 0, 0, 0],
[ 0.444444, 0, 0, 0, 0.111111, 0, 0.222222, 0, 0],
[ 0, 0, 0, 0, 0.111111, 0, 0.111111, 0.222222, 0],
[ 0.555556, 0, 0, 0, 0.111111, 0, 0.222222, 0, 0],
[ 0.222222, 0.222222, 0.444444, 0.111111, 0.222222, 1, 0.666667, 0, 0],
[ 0.444444, 0, 0, 0, 0.111111, 0, 0, 0, 0],
[ 1, 1, 1, 0.666667, 1, 1, 0.777778, 0.111111, 0],
[ 0.333333, 0, 0, 0, 0.111111, 0, 0, 0, 0],
[ 0.777778, 0.222222, 0.777778, 0.222222, 0.333333, 0.888889, 0.777778, 0.888889, 0.777778]]
60,[[ 0.444444, 0.111111, 0.111111, 0.111111, 0.111111, 0, 0.111111, 0.111111, 0],
[ 0.333333, 0, 0, 0, 0.111111, 0.222222, 0, 0, 0],
[ 0, 0.555556, 0.777778, 1, 0.777778, 1, 0.444444, 0.666667, 0],
[ 0.444444, 0.222222, 0.222222, 0.333333, 0.111111, 0.333333, 0.222222, 0.333333, 0],
[ 0, 0, 0, 0, 0, 0, 0.222222, 0, 0],
[ 0, 0, 0, 0, 0.111111, 0, 0.111111, 0, 0],
[ 0, 0, 0, 0, 0.111111, 0, 0.111111, 0, 0.111111],
[ 0, 0, 0, 0.111111, 0, 0, 0, 0, 0],
[ 0, 0, 0, 0, 0.111111, 0, 0.222222, 0, 0],
[ 0.333333, 0, 0, 0.111111, 0.111111, 0, 0, 0, 0]]
70,[[ 0, 0.111111, 0.222222, 0, 0.111111, 0, 0, 0, 0],
[ 0.222222, 0, 0, 0, 0.111111, 0, 0.111111, 0, 0],
[ 0.222222, 0, 0.111111, 0, 0.111111, 0, 0.111111, 0, 0],
[ 0.111111, 0, 0, 0, 0.111111, 0, 0, 0, 0.444444],
[ 0, 0, 0.222222, 0, 0.111111, 0, 0, 0, 0],
[ 0.333333, 0, 0, 0, 0.111111, 0, 0.111111, 0, 0],
[ 0.444444, 0, 0.222222, 0, 0.111111, 0, 0.111111, 0, 0],
[ 0.111111, 0, 0, 0, 0.111111, 0, 0.111111, 0, 0],
[ 0.222222, 0, 0, 0, 0.111111, 0.333333, 0, 0, 0],
[ 0.222222, 0, 0, 0, 0.111111, 0, 0, 0, 0]]
80,[[ 0.888889, 0, 0.111111, 0.555556, 0.333333, 1, 0.666667, 0.666667, 0.111111],
[ 1, 0.333333, 0.333333, 1, 0.555556, 1, 0.444444, 0.444444, 0],
[ 0.333333, 0, 0.111111, 0, 0.111111, 0, 0.111111, 0, 0],
[ 0.444444, 0, 0, 0.222222, 0.111111, 0, 0, 0, 0],
[ 0.444444, 0.666667, 0.888889, 0.777778, 0.555556, 1, 0.777778, 1, 0],
[ 0.222222, 0.444444, 0.666667, 0.777778, 0.777778, 0.888889, 0.666667, 1, 0.666667],
[ 0.222222, 0, 0, 0, 0.111111, 0, 0.111111, 0, 0],
[ 0, 0, 0, 0, 0.111111, 0, 0.222222, 0, 0],
[ 0.555556, 0, 0, 0, 0.111111, 0, 0.222222, 0, 0],
[ 0.222222, 0.111111, 0, 0, 0, 0, 0.111111, 0, 0]]
90,[[ 0.333333, 0, 0, 0, 0.111111, 0, 0, 0.111111, 0],
[ 0.444444, 0.111111, 0.111111, 0.111111, 0.222222, 0, 0, 0.222222, 0],
[ 0.222222, 0, 0, 0, 0.111111, 0, 0.111111, 0.111111, 0],
[ 1, 1, 1, 0.111111, 1, 1, 0.444444, 0.222222, 0.222222],
[ 0.222222, 0.666667, 0.666667, 0.333333, 0.333333, 0.888889, 0.333333, 0.777778, 0],
[ 0.777778, 0.222222, 0.444444, 0.333333, 0.444444, 1, 0, 0.555556, 0.111111],
[ 0.555556, 0, 0, 0, 0.111111, 0, 0.222222, 0, 0],
[ 0.333333, 0, 0, 0, 0.111111, 0, 0, 0, 0],
[ 0.777778, 1, 1, 1, 0.555556, 1, 1, 1, 0],
[ 0, 0, 0, 0, 0.111111, 0, 0.222222, 0, 0]]
100,[[ 0.111111, 0, 0, 0, 0, 0, 0.222222, 0, 0],
[ 0.444444, 0, 0.111111, 0, 0.111111, 0, 0, 0, 0],
[ 0.222222, 0, 0, 0.222222, 0.111111, 0, 0, 0, 0],
[ 0, 0, 0, 0, 0.111111, 0, 0.111111, 0, 0],
[ 0.777778, 1, 0.333333, 0.333333, 0.777778, 1, 0.777778, 0.111111, 0],
[ 0.222222, 0, 0, 0, 0.111111, 0, 0.222222, 0, 0],
[ 0.111111, 0, 0, 0, 0, 0, 0.111111, 0, 0],
[ 0, 0, 0.111111, 0, 0.111111, 0, 0.111111, 0, 0],
[ 0.222222, 0.222222, 0.444444, 0.111111, 0.222222, 1, 0.666667, 0, 0],
[ 0.444444, 0, 0, 0.111111, 0.111111, 0.111111, 0.222222, 0, 0]]
110,[[ 0, 0, 0, 0, 0.111111, 0.444444, 0, 0, 0],
[ 0.222222, 0, 0, 0, 0.111111, 0, 0.222222, 0, 0],
[ 0.777778, 1, 1, 1, 0.666667, 0.444444, 0.333333, 0.777778, 0.666667],
[ 0.222222, 0, 0.111111, 0, 0.111111, 0, 0.111111, 0, 0],
[ 0, 0, 0, 0, 0.111111, 0.333333, 0, 0, 0],
[ 0.111111, 0.666667, 1, 1, 0.666667, 1, 0.333333, 0.888889, 0.333333],
[ 0.222222, 1, 0.666667, 0.777778, 0.444444, 0.777778, 0.666667, 0.333333, 0],
[ 0, 0.444444, 0.777778, 0.555556, 0.444444, 0.777778, 0.666667, 1, 0],
[ 0.222222, 0, 0.333333, 0, 0.111111, 0, 0, 0, 0],
[ 0, 0, 0, 0, 0.111111, 0, 0.222222, 0, 0]]
120,[[ 0.333333, 0, 0, 0, 0, 0, 0.111111, 0, 0],
[ 1, 0.444444, 1, 0.222222, 0.444444, 0.777778, 0.666667, 0.777778, 0.222222],
[ 0.111111, 0.222222, 0, 0, 0.222222, 0, 0, 0, 0],
[ 0.333333, 0, 0, 0, 0.111111, 0, 0.111111, 0, 0],
[ 0, 0, 0, 0, 0.111111, 0, 0.222222, 0.111111, 0],
[ 0.777778, 0.333333, 0.333333, 0.444444, 0.333333, 0.666667, 0.666667, 0.777778, 0.111111],
[ 0.333333, 0, 0, 0, 0.222222, 0, 0, 0, 0],
[ 0.555556, 0.222222, 0.333333, 0, 0.444444, 0.111111, 0.222222, 0.888889, 0],
[ 0.888889, 0.444444, 0.777778, 0, 0.111111, 0.222222, 0.111111, 0, 0.444444],
[ 0.111111, 0, 0, 0, 0.111111, 0, 0.222222, 0, 0]]
130,[[ 0.444444, 0.333333, 0.555556, 1, 0.111111, 1, 0.333333, 0, 0],
[ 0.555556, 0.888889, 0.666667, 0.444444, 0.444444, 0.777778, 0.333333, 0.111111, 0],
[ 0.111111, 0, 0, 0, 0.111111, 0, 0, 0, 0],
[ 0.222222, 0, 0, 0, 0, 0, 0.111111, 0, 0],
[ 0, 0, 0, 0, 0.111111, 0, 0.111111, 0, 0],
[ 0.444444, 0, 0, 0, 0.111111, 0, 0.111111, 0, 0],
[ 0.111111, 0, 0, 0, 0.111111, 0, 0.222222, 0, 0],
[ 0, 0, 0.333333, 0, 0.111111, 0, 0.111111, 0, 0],
[ 0.444444, 0, 0, 0, 0.111111, 0, 0.111111, 0, 0],
[ 0.222222, 0, 0.111111, 0.111111, 0.111111, 0, 0, 0, 0]]
140,[[ 0.444444, 0, 0, 0.222222, 0.111111, 0, 0, 0, 0],
[ 0.555556, 0.222222, 0.222222, 0.444444, 0.222222, 1, 0.222222, 0.444444, 0.222222],
[ 0.222222, 0, 0, 0, 0.111111, 0, 0, 0, 0],
[ 0.222222, 0.111111, 0.111111, 0.111111, 0.111111, 0, 0.222222, 0.111111, 0],
[ 1, 0.222222, 0.555556, 0.111111, 0.222222, 0.444444, 0.333333, 1, 0.111111],
[ 0, 0, 0, 0, 0.111111, 0, 0.222222, 0, 0],
[ 0.444444, 0, 0, 0, 0.111111, 0, 0.111111, 0, 0],
[ 0.333333, 0.222222, 0.222222, 0, 0.111111, 0, 0.222222, 0.222222, 0],
[ 0.222222, 0, 0, 0, 0.111111, 0, 0.222222, 0, 0],
[ 0, 0, 0, 0, 0.111111, 0, 0, 0, 0]]
150,[[ 0.666667, 0.111111, 0.333333, 0, 0.555556, 1, 0.444444, 0.333333, 0.222222],
[ 0.777778, 0.333333, 0.333333, 0, 0.111111, 0.888889, 0.222222, 0.222222, 0],
[ 0, 0, 0, 0, 0.111111, 0.444444, 0.444444, 0, 0],
[ 1, 1, 0.666667, 0.777778, 0.666667, 0, 1, 1, 0.222222],
[ 0.111111, 0, 0, 0, 0.111111, 0, 0, 0, 0],
[ 0.777778, 0.666667, 0.777778, 0.444444, 1, 1, 0.666667, 0.111111, 0],
[ 0.444444, 0, 0.111111, 1, 0.333333, 0.444444, 0.111111, 0, 0],
[ 1, 0.444444, 0.555556, 1, 0.555556, 1, 0.666667, 0.666667, 1],
[ 0.555556, 0, 0, 0, 0, 0, 0, 0, 0],
[ 0.555556, 0.111111, 0.222222, 0, 0.111111, 0, 0, 0, 0]]
