modlinear
1
5 3 42
0
0.000000e+00 1.000000e+00 0 0 0.000000e+00 1.000000e+00 0 0 0.000000e+00 1.000000e+00 0 0 
3
1 1 1 1 1 1 
0
3
2 1 1 1 1 1 
0
3
2 3 1 1 1 1 
0
3
3 1 1 1 1 1 
1
3
3 3 1 1 1 1 
1
3
3 5 1 1 1 1 
1
3
3 7 1 1 1 1 
1
3
1 1 2 1 1 1 
0
3
1 1 2 3 1 1 
0
3
1 1 3 1 1 1 
0
3
1 1 3 3 1 1 
0
3
1 1 3 5 1 1 
1
3
1 1 3 7 1 1 
1
3
2 1 2 1 1 1 
0
3
2 1 2 3 1 1 
1
3
2 3 2 1 1 1 
0
3
2 3 2 3 1 1 
1
3
1 1 1 1 2 1 
0
3
1 1 1 1 2 3 
0
3
1 1 1 1 3 1 
0
3
1 1 1 1 3 3 
0
3
1 1 1 1 3 5 
1
3
1 1 1 1 3 7 
1
3
2 1 1 1 2 1 
0
3
2 1 1 1 2 3 
1
3
2 3 1 1 2 1 
0
3
2 3 1 1 2 3 
1
3
1 1 2 1 2 1 
0
3
1 1 2 1 2 3 
0
3
1 1 2 3 2 1 
1
3
1 1 2 3 2 3 
1
3
2 1 3 1 1 1 
1
3
2 3 3 1 1 1 
1
3
1 1 4 1 1 1 
1
3
1 1 4 3 1 1 
1
3
1 1 3 1 2 1 
1
3
1 1 3 1 2 3 
1
3
2 1 2 1 2 1 
1
3
2 3 2 1 2 1 
1
3
1 1 3 3 2 1 
1
3
1 1 2 1 3 1 
1
3
1 1 2 1 3 3 
1

modlinear
1
5 3 60
0
0.000000e+00 1.000000e+00 0 0 0.000000e+00 1.000000e+00 0 0 0.000000e+00 1.000000e+00 0 0 
3
1 1 1 1 1 1 
0
3
2 1 1 1 1 1 
0
3
2 3 1 1 1 1 
0
3
3 1 1 1 1 1 
0
3
3 3 1 1 1 1 
0
3
3 5 1 1 1 1 
1
3
3 7 1 1 1 1 
1
3
1 1 2 1 1 1 
0
3
1 1 2 3 1 1 
0
3
1 1 3 1 1 1 
0
3
1 1 3 3 1 1 
0
3
1 1 3 5 1 1 
1
3
1 1 3 7 1 1 
1
3
2 1 2 1 1 1 
0
3
2 1 2 3 1 1 
1
3
2 3 2 1 1 1 
0
3
2 3 2 3 1 1 
1
3
1 1 1 1 2 1 
0
3
1 1 1 1 2 3 
0
3
1 1 1 1 3 1 
0
3
1 1 1 1 3 3 
0
3
1 1 1 1 3 5 
1
3
1 1 1 1 3 7 
1
3
2 1 1 1 2 1 
0
3
2 1 1 1 2 3 
1
3
2 3 1 1 2 1 
0
3
2 3 1 1 2 3 
1
3
1 1 2 1 2 1 
0
3
1 1 2 1 2 3 
0
3
1 1 2 3 2 1 
1
3
1 1 2 3 2 3 
1
3
2 1 3 1 1 1 
0
3
2 3 3 1 1 1 
0
3
1 1 4 1 1 1 
0
3
1 1 4 3 1 1 
0
3
1 1 3 1 2 1 
0
3
1 1 3 1 2 3 
1
3
2 1 2 1 2 1 
0
3
2 3 2 1 2 1 
0
3
1 1 3 3 2 1 
0
3
1 1 2 1 3 1 
0
3
1 1 2 1 3 3 
0
3
2 1 3 1 2 1 
1
3
2 3 3 1 2 1 
1
3
1 1 4 1 2 1 
1
3
1 1 4 3 2 1 
1
3
1 1 3 1 3 1 
1
3
1 1 3 1 3 3 
1
3
3 1 1 1 2 1 
0
3
3 1 2 1 1 1 
0
3
3 1 2 1 2 1 
1
3
3 3 1 1 2 1 
0
3
3 3 2 1 1 1 
0
3
3 3 2 1 2 1 
1
3
2 1 3 3 1 1 
0
3
2 1 3 3 2 1 
1
3
2 1 1 1 3 1 
0
3
2 1 2 1 3 1 
1
3
2 1 1 1 3 3 
0
3
2 1 2 1 3 3 
1

modlinear
1
5 3 82
0
0.000000e+00 1.000000e+00 0 0 0.000000e+00 1.000000e+00 0 0 0.000000e+00 1.000000e+00 0 0 
3
1 1 1 1 1 1 
0
3
2 1 1 1 1 1 
0
3
2 3 1 1 1 1 
0
3
3 1 1 1 1 1 
0
3
3 3 1 1 1 1 
0
3
3 5 1 1 1 1 
1
3
3 7 1 1 1 1 
1
3
1 1 2 1 1 1 
0
3
1 1 2 3 1 1 
0
3
1 1 3 1 1 1 
0
3
1 1 3 3 1 1 
0
3
1 1 3 5 1 1 
1
3
1 1 3 7 1 1 
1
3
2 1 2 1 1 1 
0
3
2 1 2 3 1 1 
1
3
2 3 2 1 1 1 
0
3
2 3 2 3 1 1 
1
3
1 1 1 1 2 1 
0
3
1 1 1 1 2 3 
0
3
1 1 1 1 3 1 
0
3
1 1 1 1 3 3 
0
3
1 1 1 1 3 5 
1
3
1 1 1 1 3 7 
1
3
2 1 1 1 2 1 
0
3
2 1 1 1 2 3 
1
3
2 3 1 1 2 1 
0
3
2 3 1 1 2 3 
1
3
1 1 2 1 2 1 
0
3
1 1 2 1 2 3 
0
3
1 1 2 3 2 1 
1
3
1 1 2 3 2 3 
1
3
2 1 3 1 1 1 
0
3
2 3 3 1 1 1 
0
3
1 1 4 1 1 1 
0
3
1 1 4 3 1 1 
0
3
1 1 3 1 2 1 
0
3
1 1 3 1 2 3 
1
3
2 1 2 1 2 1 
0
3
2 3 2 1 2 1 
0
3
1 1 3 3 2 1 
0
3
1 1 2 1 3 1 
0
3
1 1 2 1 3 3 
0
3
2 1 3 1 2 1 
0
3
2 3 3 1 2 1 
0
3
1 1 4 1 2 1 
0
3
1 1 4 3 2 1 
0
3
1 1 3 1 3 1 
0
3
1 1 3 1 3 3 
1
3
3 1 1 1 2 1 
0
3
3 1 2 1 1 1 
0
3
3 1 2 1 2 1 
0
3
3 3 1 1 2 1 
0
3
3 3 2 1 1 1 
0
3
3 3 2 1 2 1 
0
3
2 1 3 3 1 1 
0
3
2 1 3 3 2 1 
0
3
2 1 1 1 3 1 
0
3
2 1 2 1 3 1 
0
3
2 1 1 1 3 3 
0
3
2 1 2 1 3 3 
1
3
2 1 3 1 3 1 
1
3
2 3 1 1 3 1 
0
3
2 3 2 1 3 1 
0
3
2 3 3 1 3 1 
1
3
1 1 4 1 3 1 
1
3
1 1 4 3 3 1 
1
3
1 1 1 1 4 1 
0
3
1 1 2 1 4 1 
0
3
1 1 3 1 4 1 
1
3
1 1 1 1 4 3 
0
3
1 1 2 1 4 3 
0
3
1 1 3 1 4 3 
1
3
3 1 1 1 3 1 
0
3
3 1 2 1 3 1 
1
3
3 3 1 1 3 1 
0
3
3 3 2 1 3 1 
1
3
1 1 3 3 3 1 
0
3
2 1 3 3 3 1 
1
3
2 1 1 1 4 1 
0
3
2 1 2 1 4 1 
1
3
2 1 1 1 4 3 
0
3
2 1 2 1 4 3 
1

modlinear
1
5 3 104
0
0.000000e+00 1.000000e+00 0 0 0.000000e+00 1.000000e+00 0 0 0.000000e+00 1.000000e+00 0 0 
3
1 1 1 1 1 1 
0
3
2 1 1 1 1 1 
0
3
2 3 1 1 1 1 
0
3
3 1 1 1 1 1 
0
3
3 3 1 1 1 1 
0
3
3 5 1 1 1 1 
1
3
3 7 1 1 1 1 
1
3
1 1 2 1 1 1 
0
3
1 1 2 3 1 1 
0
3
1 1 3 1 1 1 
0
3
1 1 3 3 1 1 
0
3
1 1 3 5 1 1 
1
3
1 1 3 7 1 1 
1
3
2 1 2 1 1 1 
0
3
2 1 2 3 1 1 
1
3
2 3 2 1 1 1 
0
3
2 3 2 3 1 1 
1
3
1 1 1 1 2 1 
0
3
1 1 1 1 2 3 
0
3
1 1 1 1 3 1 
0
3
1 1 1 1 3 3 
0
3
1 1 1 1 3 5 
1
3
1 1 1 1 3 7 
1
3
2 1 1 1 2 1 
0
3
2 1 1 1 2 3 
1
3
2 3 1 1 2 1 
0
3
2 3 1 1 2 3 
1
3
1 1 2 1 2 1 
0
3
1 1 2 1 2 3 
0
3
1 1 2 3 2 1 
1
3
1 1 2 3 2 3 
1
3
2 1 3 1 1 1 
0
3
2 3 3 1 1 1 
0
3
1 1 4 1 1 1 
0
3
1 1 4 3 1 1 
0
3
1 1 3 1 2 1 
0
3
1 1 3 1 2 3 
1
3
2 1 2 1 2 1 
0
3
2 3 2 1 2 1 
0
3
1 1 3 3 2 1 
0
3
1 1 2 1 3 1 
0
3
1 1 2 1 3 3 
0
3
2 1 3 1 2 1 
0
3
2 3 3 1 2 1 
0
3
1 1 4 1 2 1 
0
3
1 1 4 3 2 1 
0
3
1 1 3 1 3 1 
0
3
1 1 3 1 3 3 
1
3
3 1 1 1 2 1 
0
3
3 1 2 1 1 1 
0
3
3 1 2 1 2 1 
0
3
3 3 1 1 2 1 
0
3
3 3 2 1 1 1 
0
3
3 3 2 1 2 1 
0
3
2 1 3 3 1 1 
0
3
2 1 3 3 2 1 
0
3
2 1 1 1 3 1 
0
3
2 1 2 1 3 1 
0
3
2 1 1 1 3 3 
0
3
2 1 2 1 3 3 
1
3
2 1 3 1 3 1 
0
3
2 3 1 1 3 1 
0
3
2 3 2 1 3 1 
0
3
2 3 3 1 3 1 
0
3
1 1 4 1 3 1 
0
3
1 1 4 3 3 1 
0
3
1 1 1 1 4 1 
0
3
1 1 2 1 4 1 
0
3
1 1 3 1 4 1 
0
3
1 1 1 1 4 3 
0
3
1 1 2 1 4 3 
0
3
1 1 3 1 4 3 
1
3
3 1 1 1 3 1 
0
3
3 1 2 1 3 1 
0
3
3 3 1 1 3 1 
0
3
3 3 2 1 3 1 
0
3
1 1 3 3 3 1 
0
3
2 1 3 3 3 1 
0
3
2 1 1 1 4 1 
0
3
2 1 2 1 4 1 
0
3
2 1 1 1 4 3 
0
3
2 1 2 1 4 3 
1
3
2 1 3 1 4 1 
1
3
2 3 1 1 4 1 
0
3
2 3 2 1 4 1 
0
3
2 3 3 1 4 1 
1
3
1 1 4 1 4 1 
1
3
1 1 4 3 4 1 
1
3
1 1 1 1 5 1 
0
3
1 1 2 1 5 1 
0
3
1 1 3 1 5 1 
1
3
1 1 1 1 5 3 
0
3
1 1 2 1 5 3 
0
3
1 1 3 1 5 3 
1
3
3 1 1 1 4 1 
0
3
3 1 2 1 4 1 
1
3
3 3 1 1 4 1 
0
3
3 3 2 1 4 1 
1
3
1 1 3 3 4 1 
0
3
2 1 3 3 4 1 
1
3
2 1 1 1 5 1 
0
3
2 1 2 1 5 1 
1
3
2 1 1 1 5 3 
0
3
2 1 2 1 5 3 
1

modlinear
1
5 3 114
0
0.000000e+00 1.000000e+00 0 0 0.000000e+00 1.000000e+00 0 0 0.000000e+00 1.000000e+00 0 0 
3
1 1 1 1 1 1 
0
3
2 1 1 1 1 1 
0
3
2 3 1 1 1 1 
0
3
3 1 1 1 1 1 
0
3
3 3 1 1 1 1 
0
3
3 5 1 1 1 1 
1
3
3 7 1 1 1 1 
1
3
1 1 2 1 1 1 
0
3
1 1 2 3 1 1 
0
3
1 1 3 1 1 1 
0
3
1 1 3 3 1 1 
0
3
1 1 3 5 1 1 
1
3
1 1 3 7 1 1 
1
3
2 1 2 1 1 1 
0
3
2 1 2 3 1 1 
1
3
2 3 2 1 1 1 
0
3
2 3 2 3 1 1 
1
3
1 1 1 1 2 1 
0
3
1 1 1 1 2 3 
0
3
1 1 1 1 3 1 
0
3
1 1 1 1 3 3 
0
3
1 1 1 1 3 5 
1
3
1 1 1 1 3 7 
1
3
2 1 1 1 2 1 
0
3
2 1 1 1 2 3 
1
3
2 3 1 1 2 1 
0
3
2 3 1 1 2 3 
1
3
1 1 2 1 2 1 
0
3
1 1 2 1 2 3 
0
3
1 1 2 3 2 1 
1
3
1 1 2 3 2 3 
1
3
2 1 3 1 1 1 
0
3
2 3 3 1 1 1 
0
3
1 1 4 1 1 1 
0
3
1 1 4 3 1 1 
0
3
1 1 3 1 2 1 
0
3
1 1 3 1 2 3 
0
3
2 1 2 1 2 1 
0
3
2 3 2 1 2 1 
0
3
1 1 3 3 2 1 
0
3
1 1 2 1 3 1 
0
3
1 1 2 1 3 3 
0
3
2 1 3 1 2 1 
0
3
2 3 3 1 2 1 
0
3
1 1 4 1 2 1 
0
3
1 1 4 3 2 1 
0
3
1 1 3 1 3 1 
0
3
1 1 3 1 3 3 
0
3
3 1 1 1 2 1 
0
3
3 1 2 1 1 1 
0
3
3 1 2 1 2 1 
0
3
3 3 1 1 2 1 
0
3
3 3 2 1 1 1 
0
3
3 3 2 1 2 1 
0
3
2 1 3 3 1 1 
0
3
2 1 3 3 2 1 
0
3
2 1 1 1 3 1 
0
3
2 1 2 1 3 1 
0
3
2 1 1 1 3 3 
0
3
2 1 2 1 3 3 
1
3
2 1 3 1 3 1 
0
3
2 3 1 1 3 1 
0
3
2 3 2 1 3 1 
0
3
2 3 3 1 3 1 
0
3
1 1 4 1 3 1 
0
3
1 1 4 3 3 1 
0
3
1 1 1 1 4 1 
0
3
1 1 2 1 4 1 
0
3
1 1 3 1 4 1 
0
3
1 1 1 1 4 3 
0
3
1 1 2 1 4 3 
0
3
1 1 3 1 4 3 
1
3
3 1 1 1 3 1 
0
3
3 1 2 1 3 1 
0
3
3 3 1 1 3 1 
0
3
3 3 2 1 3 1 
0
3
1 1 3 3 3 1 
0
3
2 1 3 3 3 1 
0
3
2 1 1 1 4 1 
0
3
2 1 2 1 4 1 
0
3
2 1 1 1 4 3 
0
3
2 1 2 1 4 3 
1
3
2 1 3 1 4 1 
1
3
2 3 1 1 4 1 
0
3
2 3 2 1 4 1 
0
3
2 3 3 1 4 1 
1
3
1 1 4 1 4 1 
1
3
1 1 4 3 4 1 
1
3
1 1 1 1 5 1 
0
3
1 1 2 1 5 1 
0
3
1 1 3 1 5 1 
1
3
1 1 1 1 5 3 
0
3
1 1 2 1 5 3 
0
3
1 1 3 1 5 3 
1
3
3 1 1 1 4 1 
0
3
3 1 2 1 4 1 
1
3
3 3 1 1 4 1 
0
3
3 3 2 1 4 1 
1
3
1 1 3 3 4 1 
0
3
2 1 3 3 4 1 
1
3
2 1 1 1 5 1 
0
3
2 1 2 1 5 1 
1
3
2 1 1 1 5 3 
0
3
2 1 2 1 5 3 
1
3
2 1 4 1 1 1 
0
3
2 3 4 1 1 1 
0
3
1 1 5 1 1 1 
0
3
1 1 5 3 1 1 
0
3
1 1 4 1 2 3 
1
3
2 1 4 1 2 1 
1
3
2 3 4 1 2 1 
1
3
1 1 5 1 2 1 
1
3
1 1 5 3 2 1 
1
3
1 1 4 1 3 3 
1

modlinear
1
5 3 135
0
0.000000e+00 1.000000e+00 0 0 0.000000e+00 1.000000e+00 0 0 0.000000e+00 1.000000e+00 0 0 
3
1 1 1 1 1 1 
0
3
2 1 1 1 1 1 
0
3
2 3 1 1 1 1 
0
3
3 1 1 1 1 1 
0
3
3 3 1 1 1 1 
0
3
3 5 1 1 1 1 
1
3
3 7 1 1 1 1 
1
3
1 1 2 1 1 1 
0
3
1 1 2 3 1 1 
0
3
1 1 3 1 1 1 
0
3
1 1 3 3 1 1 
0
3
1 1 3 5 1 1 
1
3
1 1 3 7 1 1 
1
3
2 1 2 1 1 1 
0
3
2 1 2 3 1 1 
1
3
2 3 2 1 1 1 
0
3
2 3 2 3 1 1 
1
3
1 1 1 1 2 1 
0
3
1 1 1 1 2 3 
0
3
1 1 1 1 3 1 
0
3
1 1 1 1 3 3 
0
3
1 1 1 1 3 5 
1
3
1 1 1 1 3 7 
1
3
2 1 1 1 2 1 
0
3
2 1 1 1 2 3 
0
3
2 3 1 1 2 1 
0
3
2 3 1 1 2 3 
1
3
1 1 2 1 2 1 
0
3
1 1 2 1 2 3 
0
3
1 1 2 3 2 1 
1
3
1 1 2 3 2 3 
1
3
2 1 3 1 1 1 
0
3
2 3 3 1 1 1 
0
3
1 1 4 1 1 1 
0
3
1 1 4 3 1 1 
0
3
1 1 3 1 2 1 
0
3
1 1 3 1 2 3 
0
3
2 1 2 1 2 1 
0
3
2 3 2 1 2 1 
0
3
1 1 3 3 2 1 
0
3
1 1 2 1 3 1 
0
3
1 1 2 1 3 3 
0
3
2 1 3 1 2 1 
0
3
2 3 3 1 2 1 
0
3
1 1 4 1 2 1 
0
3
1 1 4 3 2 1 
0
3
1 1 3 1 3 1 
0
3
1 1 3 1 3 3 
0
3
3 1 1 1 2 1 
0
3
3 1 2 1 1 1 
0
3
3 1 2 1 2 1 
0
3
3 3 1 1 2 1 
0
3
3 3 2 1 1 1 
0
3
3 3 2 1 2 1 
0
3
2 1 3 3 1 1 
0
3
2 1 3 3 2 1 
0
3
2 1 1 1 3 1 
0
3
2 1 2 1 3 1 
0
3
2 1 1 1 3 3 
0
3
2 1 2 1 3 3 
1
3
2 1 3 1 3 1 
0
3
2 3 1 1 3 1 
0
3
2 3 2 1 3 1 
0
3
2 3 3 1 3 1 
0
3
1 1 4 1 3 1 
0
3
1 1 4 3 3 1 
0
3
1 1 1 1 4 1 
0
3
1 1 2 1 4 1 
0
3
1 1 3 1 4 1 
0
3
1 1 1 1 4 3 
0
3
1 1 2 1 4 3 
0
3
1 1 3 1 4 3 
1
3
3 1 1 1 3 1 
0
3
3 1 2 1 3 1 
0
3
3 3 1 1 3 1 
0
3
3 3 2 1 3 1 
0
3
1 1 3 3 3 1 
0
3
2 1 3 3 3 1 
0
3
2 1 1 1 4 1 
0
3
2 1 2 1 4 1 
0
3
2 1 1 1 4 3 
0
3
2 1 2 1 4 3 
1
3
2 1 3 1 4 1 
0
3
2 3 1 1 4 1 
0
3
2 3 2 1 4 1 
0
3
2 3 3 1 4 1 
0
3
1 1 4 1 4 1 
0
3
1 1 4 3 4 1 
0
3
1 1 1 1 5 1 
0
3
1 1 2 1 5 1 
0
3
1 1 3 1 5 1 
0
3
1 1 1 1 5 3 
0
3
1 1 2 1 5 3 
0
3
1 1 3 1 5 3 
1
3
3 1 1 1 4 1 
0
3
3 1 2 1 4 1 
1
3
3 3 1 1 4 1 
0
3
3 3 2 1 4 1 
1
3
1 1 3 3 4 1 
0
3
2 1 3 3 4 1 
1
3
2 1 1 1 5 1 
0
3
2 1 2 1 5 1 
0
3
2 1 1 1 5 3 
0
3
2 1 2 1 5 3 
1
3
2 1 4 1 1 1 
0
3
2 3 4 1 1 1 
0
3
1 1 5 1 1 1 
0
3
1 1 5 3 1 1 
0
3
1 1 4 1 2 3 
1
3
2 1 4 1 2 1 
1
3
2 3 4 1 2 1 
1
3
1 1 5 1 2 1 
1
3
1 1 5 3 2 1 
1
3
1 1 4 1 3 3 
1
3
4 1 1 1 1 1 
0
3
4 1 2 1 1 1 
1
3
4 3 1 1 1 1 
0
3
4 3 2 1 1 1 
1
3
3 1 3 1 1 1 
1
3
3 1 3 3 1 1 
1
3
2 1 2 1 2 3 
0
3
3 1 1 1 2 3 
0
3
3 1 2 1 2 3 
1
3
2 1 3 1 5 1 
1
3
2 3 1 1 5 1 
0
3
2 3 2 1 5 1 
0
3
2 3 3 1 5 1 
1
3
1 1 4 1 5 1 
1
3
1 1 4 3 5 1 
1
3
1 1 1 1 6 1 
0
3
1 1 2 1 6 1 
0
3
1 1 3 1 6 1 
1
3
1 1 1 1 6 3 
0
3
1 1 2 1 6 3 
0
3
1 1 3 1 6 3 
1

modlinear
1
5 3 153
0
0.000000e+00 1.000000e+00 0 0 0.000000e+00 1.000000e+00 0 0 0.000000e+00 1.000000e+00 0 0 
3
1 1 1 1 1 1 
0
3
2 1 1 1 1 1 
0
3
2 3 1 1 1 1 
0
3
3 1 1 1 1 1 
0
3
3 3 1 1 1 1 
0
3
3 5 1 1 1 1 
1
3
3 7 1 1 1 1 
1
3
1 1 2 1 1 1 
0
3
1 1 2 3 1 1 
0
3
1 1 3 1 1 1 
0
3
1 1 3 3 1 1 
0
3
1 1 3 5 1 1 
1
3
1 1 3 7 1 1 
1
3
2 1 2 1 1 1 
0
3
2 1 2 3 1 1 
1
3
2 3 2 1 1 1 
0
3
2 3 2 3 1 1 
1
3
1 1 1 1 2 1 
0
3
1 1 1 1 2 3 
0
3
1 1 1 1 3 1 
0
3
1 1 1 1 3 3 
0
3
1 1 1 1 3 5 
1
3
1 1 1 1 3 7 
1
3
2 1 1 1 2 1 
0
3
2 1 1 1 2 3 
0
3
2 3 1 1 2 1 
0
3
2 3 1 1 2 3 
1
3
1 1 2 1 2 1 
0
3
1 1 2 1 2 3 
0
3
1 1 2 3 2 1 
1
3
1 1 2 3 2 3 
1
3
2 1 3 1 1 1 
0
3
2 3 3 1 1 1 
0
3
1 1 4 1 1 1 
0
3
1 1 4 3 1 1 
0
3
1 1 3 1 2 1 
0
3
1 1 3 1 2 3 
0
3
2 1 2 1 2 1 
0
3
2 3 2 1 2 1 
0
3
1 1 3 3 2 1 
0
3
1 1 2 1 3 1 
0
3
1 1 2 1 3 3 
0
3
2 1 3 1 2 1 
0
3
2 3 3 1 2 1 
0
3
1 1 4 1 2 1 
0
3
1 1 4 3 2 1 
0
3
1 1 3 1 3 1 
0
3
1 1 3 1 3 3 
0
3
3 1 1 1 2 1 
0
3
3 1 2 1 1 1 
0
3
3 1 2 1 2 1 
0
3
3 3 1 1 2 1 
0
3
3 3 2 1 1 1 
0
3
3 3 2 1 2 1 
0
3
2 1 3 3 1 1 
0
3
2 1 3 3 2 1 
0
3
2 1 1 1 3 1 
0
3
2 1 2 1 3 1 
0
3
2 1 1 1 3 3 
0
3
2 1 2 1 3 3 
0
3
2 1 3 1 3 1 
0
3
2 3 1 1 3 1 
0
3
2 3 2 1 3 1 
0
3
2 3 3 1 3 1 
0
3
1 1 4 1 3 1 
0
3
1 1 4 3 3 1 
0
3
1 1 1 1 4 1 
0
3
1 1 2 1 4 1 
0
3
1 1 3 1 4 1 
0
3
1 1 1 1 4 3 
0
3
1 1 2 1 4 3 
0
3
1 1 3 1 4 3 
1
3
3 1 1 1 3 1 
0
3
3 1 2 1 3 1 
0
3
3 3 1 1 3 1 
0
3
3 3 2 1 3 1 
0
3
1 1 3 3 3 1 
0
3
2 1 3 3 3 1 
0
3
2 1 1 1 4 1 
0
3
2 1 2 1 4 1 
0
3
2 1 1 1 4 3 
0
3
2 1 2 1 4 3 
1
3
2 1 3 1 4 1 
0
3
2 3 1 1 4 1 
0
3
2 3 2 1 4 1 
0
3
2 3 3 1 4 1 
0
3
1 1 4 1 4 1 
0
3
1 1 4 3 4 1 
0
3
1 1 1 1 5 1 
0
3
1 1 2 1 5 1 
0
3
1 1 3 1 5 1 
0
3
1 1 1 1 5 3 
0
3
1 1 2 1 5 3 
0
3
1 1 3 1 5 3 
1
3
3 1 1 1 4 1 
0
3
3 1 2 1 4 1 
0
3
3 3 1 1 4 1 
0
3
3 3 2 1 4 1 
0
3
1 1 3 3 4 1 
0
3
2 1 3 3 4 1 
0
3
2 1 1 1 5 1 
0
3
2 1 2 1 5 1 
0
3
2 1 1 1 5 3 
0
3
2 1 2 1 5 3 
1
3
2 1 4 1 1 1 
0
3
2 3 4 1 1 1 
0
3
1 1 5 1 1 1 
0
3
1 1 5 3 1 1 
0
3
1 1 4 1 2 3 
1
3
2 1 4 1 2 1 
1
3
2 3 4 1 2 1 
1
3
1 1 5 1 2 1 
1
3
1 1 5 3 2 1 
1
3
1 1 4 1 3 3 
1
3
4 1 1 1 1 1 
0
3
4 1 2 1 1 1 
0
3
4 3 1 1 1 1 
0
3
4 3 2 1 1 1 
0
3
3 1 3 1 1 1 
0
3
3 1 3 3 1 1 
0
3
2 1 2 1 2 3 
0
3
3 1 1 1 2 3 
0
3
3 1 2 1 2 3 
1
3
2 1 3 1 5 1 
1
3
2 3 1 1 5 1 
0
3
2 3 2 1 5 1 
0
3
2 3 3 1 5 1 
1
3
1 1 4 1 5 1 
1
3
1 1 4 3 5 1 
1
3
1 1 1 1 6 1 
0
3
1 1 2 1 6 1 
0
3
1 1 3 1 6 1 
1
3
1 1 1 1 6 3 
0
3
1 1 2 1 6 3 
0
3
1 1 3 1 6 3 
1
3
4 1 1 1 2 1 
0
3
4 1 2 1 2 1 
1
3
4 3 1 1 2 1 
0
3
4 3 2 1 2 1 
1
3
3 1 3 1 2 1 
1
3
3 1 3 3 2 1 
1
3
3 1 1 1 3 3 
0
3
3 1 2 1 3 3 
1
3
3 1 1 1 5 1 
0
3
3 1 2 1 5 1 
1
3
3 3 1 1 5 1 
0
3
3 3 2 1 5 1 
1
3
1 1 3 3 5 1 
0
3
2 1 3 3 5 1 
1
3
2 1 1 1 6 1 
0
3
2 1 2 1 6 1 
1
3
2 1 1 1 6 3 
0
3
2 1 2 1 6 3 
1

modlinear
1
5 3 166
0
0.000000e+00 1.000000e+00 0 0 0.000000e+00 1.000000e+00 0 0 0.000000e+00 1.000000e+00 0 0 
3
1 1 1 1 1 1 
0
3
2 1 1 1 1 1 
0
3
2 3 1 1 1 1 
0
3
3 1 1 1 1 1 
0
3
3 3 1 1 1 1 
0
3
3 5 1 1 1 1 
1
3
3 7 1 1 1 1 
1
3
1 1 2 1 1 1 
0
3
1 1 2 3 1 1 
0
3
1 1 3 1 1 1 
0
3
1 1 3 3 1 1 
0
3
1 1 3 5 1 1 
1
3
1 1 3 7 1 1 
1
3
2 1 2 1 1 1 
0
3
2 1 2 3 1 1 
1
3
2 3 2 1 1 1 
0
3
2 3 2 3 1 1 
1
3
1 1 1 1 2 1 
0
3
1 1 1 1 2 3 
0
3
1 1 1 1 3 1 
0
3
1 1 1 1 3 3 
0
3
1 1 1 1 3 5 
1
3
1 1 1 1 3 7 
1
3
2 1 1 1 2 1 
0
3
2 1 1 1 2 3 
0
3
2 3 1 1 2 1 
0
3
2 3 1 1 2 3 
1
3
1 1 2 1 2 1 
0
3
1 1 2 1 2 3 
0
3
1 1 2 3 2 1 
1
3
1 1 2 3 2 3 
1
3
2 1 3 1 1 1 
0
3
2 3 3 1 1 1 
0
3
1 1 4 1 1 1 
0
3
1 1 4 3 1 1 
0
3
1 1 3 1 2 1 
0
3
1 1 3 1 2 3 
0
3
2 1 2 1 2 1 
0
3
2 3 2 1 2 1 
0
3
1 1 3 3 2 1 
0
3
1 1 2 1 3 1 
0
3
1 1 2 1 3 3 
0
3
2 1 3 1 2 1 
0
3
2 3 3 1 2 1 
0
3
1 1 4 1 2 1 
0
3
1 1 4 3 2 1 
0
3
1 1 3 1 3 1 
0
3
1 1 3 1 3 3 
0
3
3 1 1 1 2 1 
0
3
3 1 2 1 1 1 
0
3
3 1 2 1 2 1 
0
3
3 3 1 1 2 1 
0
3
3 3 2 1 1 1 
0
3
3 3 2 1 2 1 
0
3
2 1 3 3 1 1 
0
3
2 1 3 3 2 1 
0
3
2 1 1 1 3 1 
0
3
2 1 2 1 3 1 
0
3
2 1 1 1 3 3 
0
3
2 1 2 1 3 3 
0
3
2 1 3 1 3 1 
0
3
2 3 1 1 3 1 
0
3
2 3 2 1 3 1 
0
3
2 3 3 1 3 1 
0
3
1 1 4 1 3 1 
0
3
1 1 4 3 3 1 
0
3
1 1 1 1 4 1 
0
3
1 1 2 1 4 1 
0
3
1 1 3 1 4 1 
0
3
1 1 1 1 4 3 
0
3
1 1 2 1 4 3 
0
3
1 1 3 1 4 3 
0
3
3 1 1 1 3 1 
0
3
3 1 2 1 3 1 
0
3
3 3 1 1 3 1 
0
3
3 3 2 1 3 1 
0
3
1 1 3 3 3 1 
0
3
2 1 3 3 3 1 
0
3
2 1 1 1 4 1 
0
3
2 1 2 1 4 1 
0
3
2 1 1 1 4 3 
0
3
2 1 2 1 4 3 
0
3
2 1 3 1 4 1 
0
3
2 3 1 1 4 1 
0
3
2 3 2 1 4 1 
0
3
2 3 3 1 4 1 
0
3
1 1 4 1 4 1 
0
3
1 1 4 3 4 1 
0
3
1 1 1 1 5 1 
0
3
1 1 2 1 5 1 
0
3
1 1 3 1 5 1 
0
3
1 1 1 1 5 3 
0
3
1 1 2 1 5 3 
0
3
1 1 3 1 5 3 
1
3
3 1 1 1 4 1 
0
3
3 1 2 1 4 1 
0
3
3 3 1 1 4 1 
0
3
3 3 2 1 4 1 
0
3
1 1 3 3 4 1 
0
3
2 1 3 3 4 1 
0
3
2 1 1 1 5 1 
0
3
2 1 2 1 5 1 
0
3
2 1 1 1 5 3 
0
3
2 1 2 1 5 3 
1
3
2 1 4 1 1 1 
0
3
2 3 4 1 1 1 
0
3
1 1 5 1 1 1 
0
3
1 1 5 3 1 1 
0
3
1 1 4 1 2 3 
1
3
2 1 4 1 2 1 
0
3
2 3 4 1 2 1 
0
3
1 1 5 1 2 1 
0
3
1 1 5 3 2 1 
0
3
1 1 4 1 3 3 
1
3
4 1 1 1 1 1 
0
3
4 1 2 1 1 1 
0
3
4 3 1 1 1 1 
0
3
4 3 2 1 1 1 
0
3
3 1 3 1 1 1 
0
3
3 1 3 3 1 1 
0
3
2 1 2 1 2 3 
0
3
3 1 1 1 2 3 
0
3
3 1 2 1 2 3 
1
3
2 1 3 1 5 1 
1
3
2 3 1 1 5 1 
0
3
2 3 2 1 5 1 
0
3
2 3 3 1 5 1 
1
3
1 1 4 1 5 1 
1
3
1 1 4 3 5 1 
1
3
1 1 1 1 6 1 
0
3
1 1 2 1 6 1 
0
3
1 1 3 1 6 1 
1
3
1 1 1 1 6 3 
0
3
1 1 2 1 6 3 
0
3
1 1 3 1 6 3 
1
3
4 1 1 1 2 1 
0
3
4 1 2 1 2 1 
0
3
4 3 1 1 2 1 
0
3
4 3 2 1 2 1 
0
3
3 1 3 1 2 1 
0
3
3 1 3 3 2 1 
0
3
3 1 1 1 3 3 
0
3
3 1 2 1 3 3 
1
3
3 1 1 1 5 1 
0
3
3 1 2 1 5 1 
1
3
3 3 1 1 5 1 
0
3
3 3 2 1 5 1 
1
3
1 1 3 3 5 1 
0
3
2 1 3 3 5 1 
1
3
2 1 1 1 6 1 
0
3
2 1 2 1 6 1 
1
3
2 1 1 1 6 3 
0
3
2 1 2 1 6 3 
1
3
2 1 4 1 3 1 
1
3
2 3 4 1 3 1 
1
3
1 1 5 1 3 1 
1
3
1 1 5 3 3 1 
1
3
1 1 4 1 4 3 
1
3
4 1 1 1 3 1 
0
3
4 1 2 1 3 1 
1
3
4 3 1 1 3 1 
0
3
4 3 2 1 3 1 
1
3
3 1 3 1 3 1 
1
3
3 1 3 3 3 1 
1
3
3 1 1 1 4 3 
0
3
3 1 2 1 4 3 
1

modlinear
1
5 3 179
0
0.000000e+00 1.000000e+00 0 0 0.000000e+00 1.000000e+00 0 0 0.000000e+00 1.000000e+00 0 0 
3
1 1 1 1 1 1 
0
3
2 1 1 1 1 1 
0
3
2 3 1 1 1 1 
0
3
3 1 1 1 1 1 
0
3
3 3 1 1 1 1 
0
3
3 5 1 1 1 1 
1
3
3 7 1 1 1 1 
1
3
1 1 2 1 1 1 
0
3
1 1 2 3 1 1 
0
3
1 1 3 1 1 1 
0
3
1 1 3 3 1 1 
0
3
1 1 3 5 1 1 
1
3
1 1 3 7 1 1 
1
3
2 1 2 1 1 1 
0
3
2 1 2 3 1 1 
1
3
2 3 2 1 1 1 
0
3
2 3 2 3 1 1 
1
3
1 1 1 1 2 1 
0
3
1 1 1 1 2 3 
0
3
1 1 1 1 3 1 
0
3
1 1 1 1 3 3 
0
3
1 1 1 1 3 5 
1
3
1 1 1 1 3 7 
1
3
2 1 1 1 2 1 
0
3
2 1 1 1 2 3 
0
3
2 3 1 1 2 1 
0
3
2 3 1 1 2 3 
1
3
1 1 2 1 2 1 
0
3
1 1 2 1 2 3 
0
3
1 1 2 3 2 1 
1
3
1 1 2 3 2 3 
1
3
2 1 3 1 1 1 
0
3
2 3 3 1 1 1 
0
3
1 1 4 1 1 1 
0
3
1 1 4 3 1 1 
0
3
1 1 3 1 2 1 
0
3
1 1 3 1 2 3 
0
3
2 1 2 1 2 1 
0
3
2 3 2 1 2 1 
0
3
1 1 3 3 2 1 
0
3
1 1 2 1 3 1 
0
3
1 1 2 1 3 3 
0
3
2 1 3 1 2 1 
0
3
2 3 3 1 2 1 
0
3
1 1 4 1 2 1 
0
3
1 1 4 3 2 1 
0
3
1 1 3 1 3 1 
0
3
1 1 3 1 3 3 
0
3
3 1 1 1 2 1 
0
3
3 1 2 1 1 1 
0
3
3 1 2 1 2 1 
0
3
3 3 1 1 2 1 
0
3
3 3 2 1 1 1 
0
3
3 3 2 1 2 1 
0
3
2 1 3 3 1 1 
0
3
2 1 3 3 2 1 
0
3
2 1 1 1 3 1 
0
3
2 1 2 1 3 1 
0
3
2 1 1 1 3 3 
0
3
2 1 2 1 3 3 
0
3
2 1 3 1 3 1 
0
3
2 3 1 1 3 1 
0
3
2 3 2 1 3 1 
0
3
2 3 3 1 3 1 
0
3
1 1 4 1 3 1 
0
3
1 1 4 3 3 1 
0
3
1 1 1 1 4 1 
0
3
1 1 2 1 4 1 
0
3
1 1 3 1 4 1 
0
3
1 1 1 1 4 3 
0
3
1 1 2 1 4 3 
0
3
1 1 3 1 4 3 
0
3
3 1 1 1 3 1 
0
3
3 1 2 1 3 1 
0
3
3 3 1 1 3 1 
0
3
3 3 2 1 3 1 
0
3
1 1 3 3 3 1 
0
3
2 1 3 3 3 1 
0
3
2 1 1 1 4 1 
0
3
2 1 2 1 4 1 
0
3
2 1 1 1 4 3 
0
3
2 1 2 1 4 3 
0
3
2 1 3 1 4 1 
0
3
2 3 1 1 4 1 
0
3
2 3 2 1 4 1 
0
3
2 3 3 1 4 1 
0
3
1 1 4 1 4 1 
0
3
1 1 4 3 4 1 
0
3
1 1 1 1 5 1 
0
3
1 1 2 1 5 1 
0
3
1 1 3 1 5 1 
0
3
1 1 1 1 5 3 
0
3
1 1 2 1 5 3 
0
3
1 1 3 1 5 3 
0
3
3 1 1 1 4 1 
0
3
3 1 2 1 4 1 
0
3
3 3 1 1 4 1 
0
3
3 3 2 1 4 1 
0
3
1 1 3 3 4 1 
0
3
2 1 3 3 4 1 
0
3
2 1 1 1 5 1 
0
3
2 1 2 1 5 1 
0
3
2 1 1 1 5 3 
0
3
2 1 2 1 5 3 
0
3
2 1 4 1 1 1 
0
3
2 3 4 1 1 1 
0
3
1 1 5 1 1 1 
0
3
1 1 5 3 1 1 
0
3
1 1 4 1 2 3 
1
3
2 1 4 1 2 1 
0
3
2 3 4 1 2 1 
0
3
1 1 5 1 2 1 
0
3
1 1 5 3 2 1 
0
3
1 1 4 1 3 3 
1
3
4 1 1 1 1 1 
0
3
4 1 2 1 1 1 
0
3
4 3 1 1 1 1 
0
3
4 3 2 1 1 1 
0
3
3 1 3 1 1 1 
0
3
3 1 3 3 1 1 
0
3
2 1 2 1 2 3 
0
3
3 1 1 1 2 3 
0
3
3 1 2 1 2 3 
1
3
2 1 3 1 5 1 
1
3
2 3 1 1 5 1 
0
3
2 3 2 1 5 1 
0
3
2 3 3 1 5 1 
1
3
1 1 4 1 5 1 
1
3
1 1 4 3 5 1 
1
3
1 1 1 1 6 1 
0
3
1 1 2 1 6 1 
0
3
1 1 3 1 6 1 
1
3
1 1 1 1 6 3 
0
3
1 1 2 1 6 3 
0
3
1 1 3 1 6 3 
1
3
4 1 1 1 2 1 
0
3
4 1 2 1 2 1 
0
3
4 3 1 1 2 1 
0
3
4 3 2 1 2 1 
0
3
3 1 3 1 2 1 
0
3
3 1 3 3 2 1 
0
3
3 1 1 1 3 3 
0
3
3 1 2 1 3 3 
1
3
3 1 1 1 5 1 
0
3
3 1 2 1 5 1 
1
3
3 3 1 1 5 1 
0
3
3 3 2 1 5 1 
1
3
1 1 3 3 5 1 
0
3
2 1 3 3 5 1 
1
3
2 1 1 1 6 1 
0
3
2 1 2 1 6 1 
1
3
2 1 1 1 6 3 
0
3
2 1 2 1 6 3 
1
3
2 1 4 1 3 1 
0
3
2 3 4 1 3 1 
0
3
1 1 5 1 3 1 
0
3
1 1 5 3 3 1 
0
3
1 1 4 1 4 3 
1
3
4 1 1 1 3 1 
0
3
4 1 2 1 3 1 
0
3
4 3 1 1 3 1 
0
3
4 3 2 1 3 1 
0
3
3 1 3 1 3 1 
0
3
3 1 3 3 3 1 
0
3
3 1 1 1 4 3 
0
3
3 1 2 1 4 3 
1
3
2 1 4 1 4 1 
1
3
2 3 4 1 4 1 
1
3
1 1 5 1 4 1 
1
3
1 1 5 3 4 1 
1
3
1 1 4 1 5 3 
1
3
4 1 1 1 4 1 
0
3
4 1 2 1 4 1 
1
3
4 3 1 1 4 1 
0
3
4 3 2 1 4 1 
1
3
3 1 3 1 4 1 
1
3
3 1 3 3 4 1 
1
3
3 1 1 1 5 3 
0
3
3 1 2 1 5 3 
1

modlinear
1
5 3 195
0
0.000000e+00 1.000000e+00 0 0 0.000000e+00 1.000000e+00 0 0 0.000000e+00 1.000000e+00 0 0 
3
1 1 1 1 1 1 
0
3
2 1 1 1 1 1 
0
3
2 3 1 1 1 1 
0
3
3 1 1 1 1 1 
0
3
3 3 1 1 1 1 
0
3
3 5 1 1 1 1 
1
3
3 7 1 1 1 1 
1
3
1 1 2 1 1 1 
0
3
1 1 2 3 1 1 
0
3
1 1 3 1 1 1 
0
3
1 1 3 3 1 1 
0
3
1 1 3 5 1 1 
1
3
1 1 3 7 1 1 
1
3
2 1 2 1 1 1 
0
3
2 1 2 3 1 1 
1
3
2 3 2 1 1 1 
0
3
2 3 2 3 1 1 
1
3
1 1 1 1 2 1 
0
3
1 1 1 1 2 3 
0
3
1 1 1 1 3 1 
0
3
1 1 1 1 3 3 
0
3
1 1 1 1 3 5 
1
3
1 1 1 1 3 7 
1
3
2 1 1 1 2 1 
0
3
2 1 1 1 2 3 
0
3
2 3 1 1 2 1 
0
3
2 3 1 1 2 3 
1
3
1 1 2 1 2 1 
0
3
1 1 2 1 2 3 
0
3
1 1 2 3 2 1 
1
3
1 1 2 3 2 3 
1
3
2 1 3 1 1 1 
0
3
2 3 3 1 1 1 
0
3
1 1 4 1 1 1 
0
3
1 1 4 3 1 1 
0
3
1 1 3 1 2 1 
0
3
1 1 3 1 2 3 
0
3
2 1 2 1 2 1 
0
3
2 3 2 1 2 1 
0
3
1 1 3 3 2 1 
0
3
1 1 2 1 3 1 
0
3
1 1 2 1 3 3 
0
3
2 1 3 1 2 1 
0
3
2 3 3 1 2 1 
0
3
1 1 4 1 2 1 
0
3
1 1 4 3 2 1 
0
3
1 1 3 1 3 1 
0
3
1 1 3 1 3 3 
0
3
3 1 1 1 2 1 
0
3
3 1 2 1 1 1 
0
3
3 1 2 1 2 1 
0
3
3 3 1 1 2 1 
0
3
3 3 2 1 1 1 
0
3
3 3 2 1 2 1 
0
3
2 1 3 3 1 1 
0
3
2 1 3 3 2 1 
0
3
2 1 1 1 3 1 
0
3
2 1 2 1 3 1 
0
3
2 1 1 1 3 3 
0
3
2 1 2 1 3 3 
0
3
2 1 3 1 3 1 
0
3
2 3 1 1 3 1 
0
3
2 3 2 1 3 1 
0
3
2 3 3 1 3 1 
0
3
1 1 4 1 3 1 
0
3
1 1 4 3 3 1 
0
3
1 1 1 1 4 1 
0
3
1 1 2 1 4 1 
0
3
1 1 3 1 4 1 
0
3
1 1 1 1 4 3 
0
3
1 1 2 1 4 3 
0
3
1 1 3 1 4 3 
0
3
3 1 1 1 3 1 
0
3
3 1 2 1 3 1 
0
3
3 3 1 1 3 1 
0
3
3 3 2 1 3 1 
0
3
1 1 3 3 3 1 
0
3
2 1 3 3 3 1 
0
3
2 1 1 1 4 1 
0
3
2 1 2 1 4 1 
0
3
2 1 1 1 4 3 
0
3
2 1 2 1 4 3 
0
3
2 1 3 1 4 1 
0
3
2 3 1 1 4 1 
0
3
2 3 2 1 4 1 
0
3
2 3 3 1 4 1 
0
3
1 1 4 1 4 1 
0
3
1 1 4 3 4 1 
0
3
1 1 1 1 5 1 
0
3
1 1 2 1 5 1 
0
3
1 1 3 1 5 1 
0
3
1 1 1 1 5 3 
0
3
1 1 2 1 5 3 
0
3
1 1 3 1 5 3 
0
3
3 1 1 1 4 1 
0
3
3 1 2 1 4 1 
0
3
3 3 1 1 4 1 
0
3
3 3 2 1 4 1 
0
3
1 1 3 3 4 1 
0
3
2 1 3 3 4 1 
0
3
2 1 1 1 5 1 
0
3
2 1 2 1 5 1 
0
3
2 1 1 1 5 3 
0
3
2 1 2 1 5 3 
0
3
2 1 4 1 1 1 
0
3
2 3 4 1 1 1 
0
3
1 1 5 1 1 1 
0
3
1 1 5 3 1 1 
0
3
1 1 4 1 2 3 
1
3
2 1 4 1 2 1 
0
3
2 3 4 1 2 1 
0
3
1 1 5 1 2 1 
0
3
1 1 5 3 2 1 
0
3
1 1 4 1 3 3 
1
3
4 1 1 1 1 1 
0
3
4 1 2 1 1 1 
0
3
4 3 1 1 1 1 
0
3
4 3 2 1 1 1 
0
3
3 1 3 1 1 1 
0
3
3 1 3 3 1 1 
0
3
2 1 2 1 2 3 
0
3
3 1 1 1 2 3 
0
3
3 1 2 1 2 3 
1
3
2 1 3 1 5 1 
0
3
2 3 1 1 5 1 
0
3
2 3 2 1 5 1 
0
3
2 3 3 1 5 1 
0
3
1 1 4 1 5 1 
0
3
1 1 4 3 5 1 
1
3
1 1 1 1 6 1 
0
3
1 1 2 1 6 1 
0
3
1 1 3 1 6 1 
0
3
1 1 1 1 6 3 
0
3
1 1 2 1 6 3 
0
3
1 1 3 1 6 3 
0
3
4 1 1 1 2 1 
0
3
4 1 2 1 2 1 
0
3
4 3 1 1 2 1 
0
3
4 3 2 1 2 1 
0
3
3 1 3 1 2 1 
0
3
3 1 3 3 2 1 
0
3
3 1 1 1 3 3 
0
3
3 1 2 1 3 3 
1
3
3 1 1 1 5 1 
0
3
3 1 2 1 5 1 
0
3
3 3 1 1 5 1 
0
3
3 3 2 1 5 1 
1
3
1 1 3 3 5 1 
0
3
2 1 3 3 5 1 
0
3
2 1 1 1 6 1 
0
3
2 1 2 1 6 1 
0
3
2 1 1 1 6 3 
0
3
2 1 2 1 6 3 
0
3
2 1 4 1 3 1 
0
3
2 3 4 1 3 1 
0
3
1 1 5 1 3 1 
0
3
1 1 5 3 3 1 
0
3
1 1 4 1 4 3 
1
3
4 1 1 1 3 1 
0
3
4 1 2 1 3 1 
0
3
4 3 1 1 3 1 
0
3
4 3 2 1 3 1 
0
3
3 1 3 1 3 1 
0
3
3 1 3 3 3 1 
0
3
3 1 1 1 4 3 
0
3
3 1 2 1 4 3 
1
3
2 1 4 1 4 1 
0
3
2 3 4 1 4 1 
0
3
1 1 5 1 4 1 
0
3
1 1 5 3 4 1 
0
3
1 1 4 1 5 3 
1
3
4 1 1 1 4 1 
0
3
4 1 2 1 4 1 
0
3
4 3 1 1 4 1 
0
3
4 3 2 1 4 1 
0
3
3 1 3 1 4 1 
0
3
3 1 3 3 4 1 
0
3
3 1 1 1 5 3 
0
3
3 1 2 1 5 3 
1
3
4 1 1 1 5 1 
0
3
4 1 2 1 5 1 
1
3
4 3 1 1 5 1 
0
3
4 3 2 1 5 1 
1
3
3 1 3 1 5 1 
1
3
3 1 3 3 5 1 
1
3
3 1 1 1 6 1 
0
3
3 1 2 1 6 1 
1
3
3 1 1 1 6 3 
0
3
3 1 2 1 6 3 
1
3
2 1 4 1 5 1 
1
3
2 3 4 1 5 1 
1
3
1 1 5 1 5 1 
1
3
1 1 5 3 5 1 
1
3
1 1 4 1 6 1 
1
3
1 1 4 1 6 3 
1

modlinear
1
5 3 218
0
0.000000e+00 1.000000e+00 0 0 0.000000e+00 1.000000e+00 0 0 0.000000e+00 1.000000e+00 0 0 
3
1 1 1 1 1 1 
0
3
2 1 1 1 1 1 
0
3
2 3 1 1 1 1 
0
3
3 1 1 1 1 1 
0
3
3 3 1 1 1 1 
0
3
3 5 1 1 1 1 
1
3
3 7 1 1 1 1 
1
3
1 1 2 1 1 1 
0
3
1 1 2 3 1 1 
0
3
1 1 3 1 1 1 
0
3
1 1 3 3 1 1 
0
3
1 1 3 5 1 1 
1
3
1 1 3 7 1 1 
1
3
2 1 2 1 1 1 
0
3
2 1 2 3 1 1 
1
3
2 3 2 1 1 1 
0
3
2 3 2 3 1 1 
1
3
1 1 1 1 2 1 
0
3
1 1 1 1 2 3 
0
3
1 1 1 1 3 1 
0
3
1 1 1 1 3 3 
0
3
1 1 1 1 3 5 
1
3
1 1 1 1 3 7 
1
3
2 1 1 1 2 1 
0
3
2 1 1 1 2 3 
0
3
2 3 1 1 2 1 
0
3
2 3 1 1 2 3 
1
3
1 1 2 1 2 1 
0
3
1 1 2 1 2 3 
0
3
1 1 2 3 2 1 
1
3
1 1 2 3 2 3 
1
3
2 1 3 1 1 1 
0
3
2 3 3 1 1 1 
0
3
1 1 4 1 1 1 
0
3
1 1 4 3 1 1 
0
3
1 1 3 1 2 1 
0
3
1 1 3 1 2 3 
0
3
2 1 2 1 2 1 
0
3
2 3 2 1 2 1 
0
3
1 1 3 3 2 1 
0
3
1 1 2 1 3 1 
0
3
1 1 2 1 3 3 
0
3
2 1 3 1 2 1 
0
3
2 3 3 1 2 1 
0
3
1 1 4 1 2 1 
0
3
1 1 4 3 2 1 
0
3
1 1 3 1 3 1 
0
3
1 1 3 1 3 3 
0
3
3 1 1 1 2 1 
0
3
3 1 2 1 1 1 
0
3
3 1 2 1 2 1 
0
3
3 3 1 1 2 1 
0
3
3 3 2 1 1 1 
0
3
3 3 2 1 2 1 
0
3
2 1 3 3 1 1 
0
3
2 1 3 3 2 1 
0
3
2 1 1 1 3 1 
0
3
2 1 2 1 3 1 
0
3
2 1 1 1 3 3 
0
3
2 1 2 1 3 3 
0
3
2 1 3 1 3 1 
0
3
2 3 1 1 3 1 
0
3
2 3 2 1 3 1 
0
3
2 3 3 1 3 1 
0
3
1 1 4 1 3 1 
0
3
1 1 4 3 3 1 
0
3
1 1 1 1 4 1 
0
3
1 1 2 1 4 1 
0
3
1 1 3 1 4 1 
0
3
1 1 1 1 4 3 
0
3
1 1 2 1 4 3 
0
3
1 1 3 1 4 3 
0
3
3 1 1 1 3 1 
0
3
3 1 2 1 3 1 
0
3
3 3 1 1 3 1 
0
3
3 3 2 1 3 1 
0
3
1 1 3 3 3 1 
0
3
2 1 3 3 3 1 
0
3
2 1 1 1 4 1 
0
3
2 1 2 1 4 1 
0
3
2 1 1 1 4 3 
0
3
2 1 2 1 4 3 
0
3
2 1 3 1 4 1 
0
3
2 3 1 1 4 1 
0
3
2 3 2 1 4 1 
0
3
2 3 3 1 4 1 
0
3
1 1 4 1 4 1 
0
3
1 1 4 3 4 1 
0
3
1 1 1 1 5 1 
0
3
1 1 2 1 5 1 
0
3
1 1 3 1 5 1 
0
3
1 1 1 1 5 3 
0
3
1 1 2 1 5 3 
0
3
1 1 3 1 5 3 
0
3
3 1 1 1 4 1 
0
3
3 1 2 1 4 1 
0
3
3 3 1 1 4 1 
0
3
3 3 2 1 4 1 
0
3
1 1 3 3 4 1 
0
3
2 1 3 3 4 1 
0
3
2 1 1 1 5 1 
0
3
2 1 2 1 5 1 
0
3
2 1 1 1 5 3 
0
3
2 1 2 1 5 3 
0
3
2 1 4 1 1 1 
0
3
2 3 4 1 1 1 
0
3
1 1 5 1 1 1 
0
3
1 1 5 3 1 1 
0
3
1 1 4 1 2 3 
1
3
2 1 4 1 2 1 
0
3
2 3 4 1 2 1 
0
3
1 1 5 1 2 1 
0
3
1 1 5 3 2 1 
0
3
1 1 4 1 3 3 
1
3
4 1 1 1 1 1 
0
3
4 1 2 1 1 1 
0
3
4 3 1 1 1 1 
0
3
4 3 2 1 1 1 
0
3
3 1 3 1 1 1 
0
3
3 1 3 3 1 1 
0
3
2 1 2 1 2 3 
0
3
3 1 1 1 2 3 
0
3
3 1 2 1 2 3 
1
3
2 1 3 1 5 1 
0
3
2 3 1 1 5 1 
0
3
2 3 2 1 5 1 
0
3
2 3 3 1 5 1 
0
3
1 1 4 1 5 1 
0
3
1 1 4 3 5 1 
1
3
1 1 1 1 6 1 
0
3
1 1 2 1 6 1 
0
3
1 1 3 1 6 1 
0
3
1 1 1 1 6 3 
0
3
1 1 2 1 6 3 
0
3
1 1 3 1 6 3 
0
3
4 1 1 1 2 1 
0
3
4 1 2 1 2 1 
0
3
4 3 1 1 2 1 
0
3
4 3 2 1 2 1 
0
3
3 1 3 1 2 1 
0
3
3 1 3 3 2 1 
0
3
3 1 1 1 3 3 
0
3
3 1 2 1 3 3 
1
3
3 1 1 1 5 1 
0
3
3 1 2 1 5 1 
0
3
3 3 1 1 5 1 
0
3
3 3 2 1 5 1 
1
3
1 1 3 3 5 1 
0
3
2 1 3 3 5 1 
0
3
2 1 1 1 6 1 
0
3
2 1 2 1 6 1 
0
3
2 1 1 1 6 3 
0
3
2 1 2 1 6 3 
0
3
2 1 4 1 3 1 
0
3
2 3 4 1 3 1 
0
3
1 1 5 1 3 1 
0
3
1 1 5 3 3 1 
0
3
1 1 4 1 4 3 
1
3
4 1 1 1 3 1 
0
3
4 1 2 1 3 1 
0
3
4 3 1 1 3 1 
0
3
4 3 2 1 3 1 
0
3
3 1 3 1 3 1 
0
3
3 1 3 3 3 1 
0
3
3 1 1 1 4 3 
0
3
3 1 2 1 4 3 
1
3
2 1 4 1 4 1 
0
3
2 3 4 1 4 1 
0
3
1 1 5 1 4 1 
0
3
1 1 5 3 4 1 
0
3
1 1 4 1 5 3 
1
3
4 1 1 1 4 1 
0
3
4 1 2 1 4 1 
0
3
4 3 1 1 4 1 
0
3
4 3 2 1 4 1 
0
3
3 1 3 1 4 1 
0
3
3 1 3 3 4 1 
0
3
3 1 1 1 5 3 
0
3
3 1 2 1 5 3 
1
3
4 1 1 1 5 1 
0
3
4 1 2 1 5 1 
0
3
4 3 1 1 5 1 
0
3
4 3 2 1 5 1 
0
3
3 1 3 1 5 1 
0
3
3 1 3 3 5 1 
0
3
3 1 1 1 6 1 
0
3
3 1 2 1 6 1 
0
3
3 1 1 1 6 3 
0
3
3 1 2 1 6 3 
1
3
2 1 4 1 5 1 
1
3
2 3 4 1 5 1 
1
3
1 1 5 1 5 1 
1
3
1 1 5 3 5 1 
1
3
1 1 4 1 6 1 
1
3
1 1 4 1 6 3 
1
3
2 3 1 1 6 1 
0
3
2 3 2 1 6 1 
1
3
1 1 3 3 6 1 
0
3
1 1 1 1 7 1 
0
3
1 1 2 1 7 1 
0
3
1 1 1 1 7 3 
0
3
1 1 2 1 7 3 
0
3
4 1 1 1 6 1 
0
3
4 1 2 1 6 1 
1
3
4 3 1 1 6 1 
0
3
4 3 2 1 6 1 
1
3
2 1 3 1 6 1 
0
3
3 1 3 1 6 1 
1
3
2 1 3 3 6 1 
0
3
3 1 3 3 6 1 
1
3
2 1 1 1 7 1 
0
3
2 1 2 1 7 1 
0
3
3 1 1 1 7 1 
0
3
3 1 2 1 7 1 
1
3
2 1 1 1 7 3 
0
3
2 1 2 1 7 3 
0
3
3 1 1 1 7 3 
0
3
3 1 2 1 7 3 
1

modlinear
1
5 3 224
0
0.000000e+00 1.000000e+00 0 0 0.000000e+00 1.000000e+00 0 0 0.000000e+00 1.000000e+00 0 0 
3
1 1 1 1 1 1 
0
3
2 1 1 1 1 1 
0
3
2 3 1 1 1 1 
0
3
3 1 1 1 1 1 
0
3
3 3 1 1 1 1 
0
3
3 5 1 1 1 1 
1
3
3 7 1 1 1 1 
1
3
1 1 2 1 1 1 
0
3
1 1 2 3 1 1 
0
3
1 1 3 1 1 1 
0
3
1 1 3 3 1 1 
0
3
1 1 3 5 1 1 
1
3
1 1 3 7 1 1 
1
3
2 1 2 1 1 1 
0
3
2 1 2 3 1 1 
1
3
2 3 2 1 1 1 
0
3
2 3 2 3 1 1 
1
3
1 1 1 1 2 1 
0
3
1 1 1 1 2 3 
0
3
1 1 1 1 3 1 
0
3
1 1 1 1 3 3 
0
3
1 1 1 1 3 5 
1
3
1 1 1 1 3 7 
1
3
2 1 1 1 2 1 
0
3
2 1 1 1 2 3 
0
3
2 3 1 1 2 1 
0
3
2 3 1 1 2 3 
1
3
1 1 2 1 2 1 
0
3
1 1 2 1 2 3 
0
3
1 1 2 3 2 1 
1
3
1 1 2 3 2 3 
1
3
2 1 3 1 1 1 
0
3
2 3 3 1 1 1 
0
3
1 1 4 1 1 1 
0
3
1 1 4 3 1 1 
0
3
1 1 3 1 2 1 
0
3
1 1 3 1 2 3 
0
3
2 1 2 1 2 1 
0
3
2 3 2 1 2 1 
0
3
1 1 3 3 2 1 
0
3
1 1 2 1 3 1 
0
3
1 1 2 1 3 3 
0
3
2 1 3 1 2 1 
0
3
2 3 3 1 2 1 
0
3
1 1 4 1 2 1 
0
3
1 1 4 3 2 1 
0
3
1 1 3 1 3 1 
0
3
1 1 3 1 3 3 
0
3
3 1 1 1 2 1 
0
3
3 1 2 1 1 1 
0
3
3 1 2 1 2 1 
0
3
3 3 1 1 2 1 
0
3
3 3 2 1 1 1 
0
3
3 3 2 1 2 1 
0
3
2 1 3 3 1 1 
0
3
2 1 3 3 2 1 
0
3
2 1 1 1 3 1 
0
3
2 1 2 1 3 1 
0
3
2 1 1 1 3 3 
0
3
2 1 2 1 3 3 
0
3
2 1 3 1 3 1 
0
3
2 3 1 1 3 1 
0
3
2 3 2 1 3 1 
0
3
2 3 3 1 3 1 
0
3
1 1 4 1 3 1 
0
3
1 1 4 3 3 1 
0
3
1 1 1 1 4 1 
0
3
1 1 2 1 4 1 
0
3
1 1 3 1 4 1 
0
3
1 1 1 1 4 3 
0
3
1 1 2 1 4 3 
0
3
1 1 3 1 4 3 
0
3
3 1 1 1 3 1 
0
3
3 1 2 1 3 1 
0
3
3 3 1 1 3 1 
0
3
3 3 2 1 3 1 
0
3
1 1 3 3 3 1 
0
3
2 1 3 3 3 1 
0
3
2 1 1 1 4 1 
0
3
2 1 2 1 4 1 
0
3
2 1 1 1 4 3 
0
3
2 1 2 1 4 3 
0
3
2 1 3 1 4 1 
0
3
2 3 1 1 4 1 
0
3
2 3 2 1 4 1 
0
3
2 3 3 1 4 1 
0
3
1 1 4 1 4 1 
0
3
1 1 4 3 4 1 
0
3
1 1 1 1 5 1 
0
3
1 1 2 1 5 1 
0
3
1 1 3 1 5 1 
0
3
1 1 1 1 5 3 
0
3
1 1 2 1 5 3 
0
3
1 1 3 1 5 3 
0
3
3 1 1 1 4 1 
0
3
3 1 2 1 4 1 
0
3
3 3 1 1 4 1 
0
3
3 3 2 1 4 1 
0
3
1 1 3 3 4 1 
0
3
2 1 3 3 4 1 
0
3
2 1 1 1 5 1 
0
3
2 1 2 1 5 1 
0
3
2 1 1 1 5 3 
0
3
2 1 2 1 5 3 
0
3
2 1 4 1 1 1 
0
3
2 3 4 1 1 1 
0
3
1 1 5 1 1 1 
0
3
1 1 5 3 1 1 
0
3
1 1 4 1 2 3 
1
3
2 1 4 1 2 1 
0
3
2 3 4 1 2 1 
0
3
1 1 5 1 2 1 
0
3
1 1 5 3 2 1 
0
3
1 1 4 1 3 3 
1
3
4 1 1 1 1 1 
0
3
4 1 2 1 1 1 
0
3
4 3 1 1 1 1 
0
3
4 3 2 1 1 1 
0
3
3 1 3 1 1 1 
0
3
3 1 3 3 1 1 
0
3
2 1 2 1 2 3 
0
3
3 1 1 1 2 3 
0
3
3 1 2 1 2 3 
1
3
2 1 3 1 5 1 
0
3
2 3 1 1 5 1 
0
3
2 3 2 1 5 1 
0
3
2 3 3 1 5 1 
0
3
1 1 4 1 5 1 
0
3
1 1 4 3 5 1 
1
3
1 1 1 1 6 1 
0
3
1 1 2 1 6 1 
0
3
1 1 3 1 6 1 
0
3
1 1 1 1 6 3 
0
3
1 1 2 1 6 3 
0
3
1 1 3 1 6 3 
0
3
4 1 1 1 2 1 
0
3
4 1 2 1 2 1 
0
3
4 3 1 1 2 1 
0
3
4 3 2 1 2 1 
0
3
3 1 3 1 2 1 
0
3
3 1 3 3 2 1 
0
3
3 1 1 1 3 3 
0
3
3 1 2 1 3 3 
1
3
3 1 1 1 5 1 
0
3
3 1 2 1 5 1 
0
3
3 3 1 1 5 1 
0
3
3 3 2 1 5 1 
1
3
1 1 3 3 5 1 
0
3
2 1 3 3 5 1 
0
3
2 1 1 1 6 1 
0
3
2 1 2 1 6 1 
0
3
2 1 1 1 6 3 
0
3
2 1 2 1 6 3 
0
3
2 1 4 1 3 1 
0
3
2 3 4 1 3 1 
0
3
1 1 5 1 3 1 
0
3
1 1 5 3 3 1 
0
3
1 1 4 1 4 3 
1
3
4 1 1 1 3 1 
0
3
4 1 2 1 3 1 
0
3
4 3 1 1 3 1 
0
3
4 3 2 1 3 1 
0
3
3 1 3 1 3 1 
0
3
3 1 3 3 3 1 
0
3
3 1 1 1 4 3 
0
3
3 1 2 1 4 3 
1
3
2 1 4 1 4 1 
0
3
2 3 4 1 4 1 
0
3
1 1 5 1 4 1 
0
3
1 1 5 3 4 1 
0
3
1 1 4 1 5 3 
1
3
4 1 1 1 4 1 
0
3
4 1 2 1 4 1 
0
3
4 3 1 1 4 1 
0
3
4 3 2 1 4 1 
0
3
3 1 3 1 4 1 
0
3
3 1 3 3 4 1 
0
3
3 1 1 1 5 3 
0
3
3 1 2 1 5 3 
1
3
4 1 1 1 5 1 
0
3
4 1 2 1 5 1 
0
3
4 3 1 1 5 1 
0
3
4 3 2 1 5 1 
0
3
3 1 3 1 5 1 
0
3
3 1 3 3 5 1 
0
3
3 1 1 1 6 1 
0
3
3 1 2 1 6 1 
0
3
3 1 1 1 6 3 
0
3
3 1 2 1 6 3 
1
3
2 1 4 1 5 1 
1
3
2 3 4 1 5 1 
1
3
1 1 5 1 5 1 
1
3
1 1 5 3 5 1 
1
3
1 1 4 1 6 1 
1
3
1 1 4 1 6 3 
1
3
2 3 1 1 6 1 
0
3
2 3 2 1 6 1 
1
3
1 1 3 3 6 1 
0
3
1 1 1 1 7 1 
0
3
1 1 2 1 7 1 
0
3
1 1 1 1 7 3 
0
3
1 1 2 1 7 3 
0
3
4 1 1 1 6 1 
0
3
4 1 2 1 6 1 
1
3
4 3 1 1 6 1 
0
3
4 3 2 1 6 1 
1
3
2 1 3 1 6 1 
0
3
3 1 3 1 6 1 
1
3
2 1 3 3 6 1 
0
3
3 1 3 3 6 1 
1
3
2 1 1 1 7 1 
0
3
2 1 2 1 7 1 
0
3
3 1 1 1 7 1 
0
3
3 1 2 1 7 1 
1
3
2 1 1 1 7 3 
0
3
2 1 2 1 7 3 
0
3
3 1 1 1 7 3 
0
3
3 1 2 1 7 3 
1
3
3 3 3 1 1 1 
0
3
2 1 4 3 1 1 
0
3
2 1 3 1 2 3 
1
3
3 3 3 1 2 1 
1
3
2 1 4 3 2 1 
1
3
2 1 3 1 3 3 
1

modlinear
1
5 3 230
0
0.000000e+00 1.000000e+00 0 0 0.000000e+00 1.000000e+00 0 0 0.000000e+00 1.000000e+00 0 0 
3
1 1 1 1 1 1 
0
3
2 1 1 1 1 1 
0
3
2 3 1 1 1 1 
0
3
3 1 1 1 1 1 
0
3
3 3 1 1 1 1 
0
3
3 5 1 1 1 1 
1
3
3 7 1 1 1 1 
1
3
1 1 2 1 1 1 
0
3
1 1 2 3 1 1 
0
3
1 1 3 1 1 1 
0
3
1 1 3 3 1 1 
0
3
1 1 3 5 1 1 
1
3
1 1 3 7 1 1 
1
3
2 1 2 1 1 1 
0
3
2 1 2 3 1 1 
1
3
2 3 2 1 1 1 
0
3
2 3 2 3 1 1 
1
3
1 1 1 1 2 1 
0
3
1 1 1 1 2 3 
0
3
1 1 1 1 3 1 
0
3
1 1 1 1 3 3 
0
3
1 1 1 1 3 5 
1
3
1 1 1 1 3 7 
1
3
2 1 1 1 2 1 
0
3
2 1 1 1 2 3 
0
3
2 3 1 1 2 1 
0
3
2 3 1 1 2 3 
1
3
1 1 2 1 2 1 
0
3
1 1 2 1 2 3 
0
3
1 1 2 3 2 1 
1
3
1 1 2 3 2 3 
1
3
2 1 3 1 1 1 
0
3
2 3 3 1 1 1 
0
3
1 1 4 1 1 1 
0
3
1 1 4 3 1 1 
0
3
1 1 3 1 2 1 
0
3
1 1 3 1 2 3 
0
3
2 1 2 1 2 1 
0
3
2 3 2 1 2 1 
0
3
1 1 3 3 2 1 
0
3
1 1 2 1 3 1 
0
3
1 1 2 1 3 3 
0
3
2 1 3 1 2 1 
0
3
2 3 3 1 2 1 
0
3
1 1 4 1 2 1 
0
3
1 1 4 3 2 1 
0
3
1 1 3 1 3 1 
0
3
1 1 3 1 3 3 
0
3
3 1 1 1 2 1 
0
3
3 1 2 1 1 1 
0
3
3 1 2 1 2 1 
0
3
3 3 1 1 2 1 
0
3
3 3 2 1 1 1 
0
3
3 3 2 1 2 1 
0
3
2 1 3 3 1 1 
0
3
2 1 3 3 2 1 
0
3
2 1 1 1 3 1 
0
3
2 1 2 1 3 1 
0
3
2 1 1 1 3 3 
0
3
2 1 2 1 3 3 
0
3
2 1 3 1 3 1 
0
3
2 3 1 1 3 1 
0
3
2 3 2 1 3 1 
0
3
2 3 3 1 3 1 
0
3
1 1 4 1 3 1 
0
3
1 1 4 3 3 1 
0
3
1 1 1 1 4 1 
0
3
1 1 2 1 4 1 
0
3
1 1 3 1 4 1 
0
3
1 1 1 1 4 3 
0
3
1 1 2 1 4 3 
0
3
1 1 3 1 4 3 
0
3
3 1 1 1 3 1 
0
3
3 1 2 1 3 1 
0
3
3 3 1 1 3 1 
0
3
3 3 2 1 3 1 
0
3
1 1 3 3 3 1 
0
3
2 1 3 3 3 1 
0
3
2 1 1 1 4 1 
0
3
2 1 2 1 4 1 
0
3
2 1 1 1 4 3 
0
3
2 1 2 1 4 3 
0
3
2 1 3 1 4 1 
0
3
2 3 1 1 4 1 
0
3
2 3 2 1 4 1 
0
3
2 3 3 1 4 1 
0
3
1 1 4 1 4 1 
0
3
1 1 4 3 4 1 
0
3
1 1 1 1 5 1 
0
3
1 1 2 1 5 1 
0
3
1 1 3 1 5 1 
0
3
1 1 1 1 5 3 
0
3
1 1 2 1 5 3 
0
3
1 1 3 1 5 3 
0
3
3 1 1 1 4 1 
0
3
3 1 2 1 4 1 
0
3
3 3 1 1 4 1 
0
3
3 3 2 1 4 1 
0
3
1 1 3 3 4 1 
0
3
2 1 3 3 4 1 
0
3
2 1 1 1 5 1 
0
3
2 1 2 1 5 1 
0
3
2 1 1 1 5 3 
0
3
2 1 2 1 5 3 
0
3
2 1 4 1 1 1 
0
3
2 3 4 1 1 1 
0
3
1 1 5 1 1 1 
0
3
1 1 5 3 1 1 
0
3
1 1 4 1 2 3 
1
3
2 1 4 1 2 1 
0
3
2 3 4 1 2 1 
0
3
1 1 5 1 2 1 
0
3
1 1 5 3 2 1 
0
3
1 1 4 1 3 3 
1
3
4 1 1 1 1 1 
0
3
4 1 2 1 1 1 
0
3
4 3 1 1 1 1 
0
3
4 3 2 1 1 1 
0
3
3 1 3 1 1 1 
0
3
3 1 3 3 1 1 
0
3
2 1 2 1 2 3 
0
3
3 1 1 1 2 3 
0
3
3 1 2 1 2 3 
1
3
2 1 3 1 5 1 
0
3
2 3 1 1 5 1 
0
3
2 3 2 1 5 1 
0
3
2 3 3 1 5 1 
0
3
1 1 4 1 5 1 
0
3
1 1 4 3 5 1 
1
3
1 1 1 1 6 1 
0
3
1 1 2 1 6 1 
0
3
1 1 3 1 6 1 
0
3
1 1 1 1 6 3 
0
3
1 1 2 1 6 3 
0
3
1 1 3 1 6 3 
0
3
4 1 1 1 2 1 
0
3
4 1 2 1 2 1 
0
3
4 3 1 1 2 1 
0
3
4 3 2 1 2 1 
0
3
3 1 3 1 2 1 
0
3
3 1 3 3 2 1 
0
3
3 1 1 1 3 3 
0
3
3 1 2 1 3 3 
1
3
3 1 1 1 5 1 
0
3
3 1 2 1 5 1 
0
3
3 3 1 1 5 1 
0
3
3 3 2 1 5 1 
1
3
1 1 3 3 5 1 
0
3
2 1 3 3 5 1 
0
3
2 1 1 1 6 1 
0
3
2 1 2 1 6 1 
0
3
2 1 1 1 6 3 
0
3
2 1 2 1 6 3 
0
3
2 1 4 1 3 1 
0
3
2 3 4 1 3 1 
0
3
1 1 5 1 3 1 
0
3
1 1 5 3 3 1 
0
3
1 1 4 1 4 3 
1
3
4 1 1 1 3 1 
0
3
4 1 2 1 3 1 
0
3
4 3 1 1 3 1 
0
3
4 3 2 1 3 1 
0
3
3 1 3 1 3 1 
0
3
3 1 3 3 3 1 
0
3
3 1 1 1 4 3 
0
3
3 1 2 1 4 3 
1
3
2 1 4 1 4 1 
0
3
2 3 4 1 4 1 
0
3
1 1 5 1 4 1 
0
3
1 1 5 3 4 1 
0
3
1 1 4 1 5 3 
1
3
4 1 1 1 4 1 
0
3
4 1 2 1 4 1 
0
3
4 3 1 1 4 1 
0
3
4 3 2 1 4 1 
0
3
3 1 3 1 4 1 
0
3
3 1 3 3 4 1 
0
3
3 1 1 1 5 3 
0
3
3 1 2 1 5 3 
1
3
4 1 1 1 5 1 
0
3
4 1 2 1 5 1 
0
3
4 3 1 1 5 1 
0
3
4 3 2 1 5 1 
0
3
3 1 3 1 5 1 
0
3
3 1 3 3 5 1 
0
3
3 1 1 1 6 1 
0
3
3 1 2 1 6 1 
0
3
3 1 1 1 6 3 
0
3
3 1 2 1 6 3 
1
3
2 1 4 1 5 1 
1
3
2 3 4 1 5 1 
1
3
1 1 5 1 5 1 
1
3
1 1 5 3 5 1 
1
3
1 1 4 1 6 1 
1
3
1 1 4 1 6 3 
1
3
2 3 1 1 6 1 
0
3
2 3 2 1 6 1 
1
3
1 1 3 3 6 1 
0
3
1 1 1 1 7 1 
0
3
1 1 2 1 7 1 
0
3
1 1 1 1 7 3 
0
3
1 1 2 1 7 3 
0
3
4 1 1 1 6 1 
0
3
4 1 2 1 6 1 
1
3
4 3 1 1 6 1 
0
3
4 3 2 1 6 1 
1
3
2 1 3 1 6 1 
0
3
3 1 3 1 6 1 
1
3
2 1 3 3 6 1 
0
3
3 1 3 3 6 1 
1
3
2 1 1 1 7 1 
0
3
2 1 2 1 7 1 
0
3
3 1 1 1 7 1 
0
3
3 1 2 1 7 1 
1
3
2 1 1 1 7 3 
0
3
2 1 2 1 7 3 
0
3
3 1 1 1 7 3 
0
3
3 1 2 1 7 3 
1
3
3 3 3 1 1 1 
0
3
2 1 4 3 1 1 
0
3
2 1 3 1 2 3 
1
3
3 3 3 1 2 1 
0
3
2 1 4 3 2 1 
0
3
2 1 3 1 3 3 
1
3
3 3 3 1 3 1 
0
3
2 1 4 3 3 1 
0
3
2 1 3 1 4 3 
1
3
3 3 3 1 4 1 
1
3
2 1 4 3 4 1 
1
3
2 1 3 1 5 3 
1

modlinear
1
5 3 238
0
0.000000e+00 1.000000e+00 0 0 0.000000e+00 1.000000e+00 0 0 0.000000e+00 1.000000e+00 0 0 
3
1 1 1 1 1 1 
0
3
2 1 1 1 1 1 
0
3
2 3 1 1 1 1 
0
3
3 1 1 1 1 1 
0
3
3 3 1 1 1 1 
0
3
3 5 1 1 1 1 
1
3
3 7 1 1 1 1 
1
3
1 1 2 1 1 1 
0
3
1 1 2 3 1 1 
0
3
1 1 3 1 1 1 
0
3
1 1 3 3 1 1 
0
3
1 1 3 5 1 1 
1
3
1 1 3 7 1 1 
1
3
2 1 2 1 1 1 
0
3
2 1 2 3 1 1 
1
3
2 3 2 1 1 1 
0
3
2 3 2 3 1 1 
1
3
1 1 1 1 2 1 
0
3
1 1 1 1 2 3 
0
3
1 1 1 1 3 1 
0
3
1 1 1 1 3 3 
0
3
1 1 1 1 3 5 
1
3
1 1 1 1 3 7 
1
3
2 1 1 1 2 1 
0
3
2 1 1 1 2 3 
0
3
2 3 1 1 2 1 
0
3
2 3 1 1 2 3 
1
3
1 1 2 1 2 1 
0
3
1 1 2 1 2 3 
0
3
1 1 2 3 2 1 
1
3
1 1 2 3 2 3 
1
3
2 1 3 1 1 1 
0
3
2 3 3 1 1 1 
0
3
1 1 4 1 1 1 
0
3
1 1 4 3 1 1 
0
3
1 1 3 1 2 1 
0
3
1 1 3 1 2 3 
0
3
2 1 2 1 2 1 
0
3
2 3 2 1 2 1 
0
3
1 1 3 3 2 1 
0
3
1 1 2 1 3 1 
0
3
1 1 2 1 3 3 
0
3
2 1 3 1 2 1 
0
3
2 3 3 1 2 1 
0
3
1 1 4 1 2 1 
0
3
1 1 4 3 2 1 
0
3
1 1 3 1 3 1 
0
3
1 1 3 1 3 3 
0
3
3 1 1 1 2 1 
0
3
3 1 2 1 1 1 
0
3
3 1 2 1 2 1 
0
3
3 3 1 1 2 1 
0
3
3 3 2 1 1 1 
0
3
3 3 2 1 2 1 
0
3
2 1 3 3 1 1 
0
3
2 1 3 3 2 1 
0
3
2 1 1 1 3 1 
0
3
2 1 2 1 3 1 
0
3
2 1 1 1 3 3 
0
3
2 1 2 1 3 3 
0
3
2 1 3 1 3 1 
0
3
2 3 1 1 3 1 
0
3
2 3 2 1 3 1 
0
3
2 3 3 1 3 1 
0
3
1 1 4 1 3 1 
0
3
1 1 4 3 3 1 
0
3
1 1 1 1 4 1 
0
3
1 1 2 1 4 1 
0
3
1 1 3 1 4 1 
0
3
1 1 1 1 4 3 
0
3
1 1 2 1 4 3 
0
3
1 1 3 1 4 3 
0
3
3 1 1 1 3 1 
0
3
3 1 2 1 3 1 
0
3
3 3 1 1 3 1 
0
3
3 3 2 1 3 1 
0
3
1 1 3 3 3 1 
0
3
2 1 3 3 3 1 
0
3
2 1 1 1 4 1 
0
3
2 1 2 1 4 1 
0
3
2 1 1 1 4 3 
0
3
2 1 2 1 4 3 
0
3
2 1 3 1 4 1 
0
3
2 3 1 1 4 1 
0
3
2 3 2 1 4 1 
0
3
2 3 3 1 4 1 
0
3
1 1 4 1 4 1 
0
3
1 1 4 3 4 1 
0
3
1 1 1 1 5 1 
0
3
1 1 2 1 5 1 
0
3
1 1 3 1 5 1 
0
3
1 1 1 1 5 3 
0
3
1 1 2 1 5 3 
0
3
1 1 3 1 5 3 
0
3
3 1 1 1 4 1 
0
3
3 1 2 1 4 1 
0
3
3 3 1 1 4 1 
0
3
3 3 2 1 4 1 
0
3
1 1 3 3 4 1 
0
3
2 1 3 3 4 1 
0
3
2 1 1 1 5 1 
0
3
2 1 2 1 5 1 
0
3
2 1 1 1 5 3 
0
3
2 1 2 1 5 3 
0
3
2 1 4 1 1 1 
0
3
2 3 4 1 1 1 
0
3
1 1 5 1 1 1 
0
3
1 1 5 3 1 1 
0
3
1 1 4 1 2 3 
0
3
2 1 4 1 2 1 
0
3
2 3 4 1 2 1 
0
3
1 1 5 1 2 1 
0
3
1 1 5 3 2 1 
0
3
1 1 4 1 3 3 
1
3
4 1 1 1 1 1 
0
3
4 1 2 1 1 1 
0
3
4 3 1 1 1 1 
0
3
4 3 2 1 1 1 
0
3
3 1 3 1 1 1 
0
3
3 1 3 3 1 1 
0
3
2 1 2 1 2 3 
0
3
3 1 1 1 2 3 
0
3
3 1 2 1 2 3 
1
3
2 1 3 1 5 1 
0
3
2 3 1 1 5 1 
0
3
2 3 2 1 5 1 
0
3
2 3 3 1 5 1 
0
3
1 1 4 1 5 1 
0
3
1 1 4 3 5 1 
0
3
1 1 1 1 6 1 
0
3
1 1 2 1 6 1 
0
3
1 1 3 1 6 1 
0
3
1 1 1 1 6 3 
0
3
1 1 2 1 6 3 
0
3
1 1 3 1 6 3 
0
3
4 1 1 1 2 1 
0
3
4 1 2 1 2 1 
0
3
4 3 1 1 2 1 
0
3
4 3 2 1 2 1 
0
3
3 1 3 1 2 1 
0
3
3 1 3 3 2 1 
0
3
3 1 1 1 3 3 
0
3
3 1 2 1 3 3 
1
3
3 1 1 1 5 1 
0
3
3 1 2 1 5 1 
0
3
3 3 1 1 5 1 
0
3
3 3 2 1 5 1 
0
3
1 1 3 3 5 1 
0
3
2 1 3 3 5 1 
0
3
2 1 1 1 6 1 
0
3
2 1 2 1 6 1 
0
3
2 1 1 1 6 3 
0
3
2 1 2 1 6 3 
0
3
2 1 4 1 3 1 
0
3
2 3 4 1 3 1 
0
3
1 1 5 1 3 1 
0
3
1 1 5 3 3 1 
0
3
1 1 4 1 4 3 
1
3
4 1 1 1 3 1 
0
3
4 1 2 1 3 1 
0
3
4 3 1 1 3 1 
0
3
4 3 2 1 3 1 
0
3
3 1 3 1 3 1 
0
3
3 1 3 3 3 1 
0
3
3 1 1 1 4 3 
0
3
3 1 2 1 4 3 
1
3
2 1 4 1 4 1 
0
3
2 3 4 1 4 1 
0
3
1 1 5 1 4 1 
0
3
1 1 5 3 4 1 
0
3
1 1 4 1 5 3 
1
3
4 1 1 1 4 1 
0
3
4 1 2 1 4 1 
0
3
4 3 1 1 4 1 
0
3
4 3 2 1 4 1 
0
3
3 1 3 1 4 1 
0
3
3 1 3 3 4 1 
0
3
3 1 1 1 5 3 
0
3
3 1 2 1 5 3 
1
3
4 1 1 1 5 1 
0
3
4 1 2 1 5 1 
0
3
4 3 1 1 5 1 
0
3
4 3 2 1 5 1 
0
3
3 1 3 1 5 1 
0
3
3 1 3 3 5 1 
0
3
3 1 1 1 6 1 
0
3
3 1 2 1 6 1 
0
3
3 1 1 1 6 3 
0
3
3 1 2 1 6 3 
1
3
2 1 4 1 5 1 
1
3
2 3 4 1 5 1 
1
3
1 1 5 1 5 1 
1
3
1 1 5 3 5 1 
1
3
1 1 4 1 6 1 
1
3
1 1 4 1 6 3 
1
3
2 3 1 1 6 1 
0
3
2 3 2 1 6 1 
1
3
1 1 3 3 6 1 
0
3
1 1 1 1 7 1 
0
3
1 1 2 1 7 1 
0
3
1 1 1 1 7 3 
0
3
1 1 2 1 7 3 
0
3
4 1 1 1 6 1 
0
3
4 1 2 1 6 1 
1
3
4 3 1 1 6 1 
0
3
4 3 2 1 6 1 
1
3
2 1 3 1 6 1 
0
3
3 1 3 1 6 1 
1
3
2 1 3 3 6 1 
0
3
3 1 3 3 6 1 
1
3
2 1 1 1 7 1 
0
3
2 1 2 1 7 1 
0
3
3 1 1 1 7 1 
0
3
3 1 2 1 7 1 
1
3
2 1 1 1 7 3 
0
3
2 1 2 1 7 3 
0
3
3 1 1 1 7 3 
0
3
3 1 2 1 7 3 
1
3
3 3 3 1 1 1 
0
3
2 1 4 3 1 1 
0
3
2 1 3 1 2 3 
0
3
3 3 3 1 2 1 
0
3
2 1 4 3 2 1 
0
3
2 1 3 1 3 3 
1
3
3 3 3 1 3 1 
0
3
2 1 4 3 3 1 
0
3
2 1 3 1 4 3 
1
3
3 3 3 1 4 1 
0
3
2 1 4 3 4 1 
0
3
2 1 3 1 5 3 
1
3
3 3 3 1 5 1 
1
3
2 1 4 3 5 1 
1
3
2 1 3 1 6 3 
1
3
3 1 4 1 1 1 
1
3
3 3 4 1 1 1 
1
3
2 1 5 1 1 1 
1
3
2 1 5 3 1 1 
1
3
2 1 4 1 2 3 
1

