10,0.900439
20,0.850659
30,0.8653
40,0.849195
50,0.866764
60,0.866764
70,0.850659
80,0.8653
90,0.871157
100,0.879941
110,0.887262
120,0.89019
130,0.885798
140,0.885798
150,0.89019
160,0.891654
170,0.894583
180,0.896047
190,0.903367
200,0.90776
210,0.909224
220,0.909224
230,0.910688
240,0.910688
250,0.915081
260,0.923865
270,0.923865
280,0.923865
290,0.923865
300,0.923865
310,0.923865
320,0.923865
330,0.931186
340,0.923865
350,0.923865
360,0.925329
370,0.937042
380,0.937042
390,0.935578
400,0.937042
410,0.939971
420,0.939971
430,0.939971
440,0.939971
450,0.939971
460,0.939971
470,0.944363
480,0.944363
490,0.944363
500,0.944363
510,0.941435
520,0.941435
530,0.941435
540,0.941435
550,0.941435
560,0.941435
570,0.944363
580,0.944363
590,0.945827
600,0.945827
610,0.945827
620,0.945827
630,0.947291
640,0.947291
650,0.945827
660,0.945827
670,0.945827
680,0.944363
690,0.947291
