0.98263
0.93927
0.9907
1.0147
0.9532
1.023
0.8764
1.0775
1.0454
1.0412
1.0718
1.0261
1.0815
1.0123
1.2171
0.9716
0.98586
0.93178
0.97902
1.0452
0.90595
0.98369
0.98132
1.1041
0.91355
0.93253
1.0415
1.019
1.0644
0.97653
1.0049
0.98503
1.0268
0.90071
0.9901
0.98527
1.0475
0.9532
1
0.95006
0.99801
0.9532
0.90059
1.0255
0.97759
0.99465
0.95614
0.93686
1.091
0.87347
0.83609
0.97168
1.0801
0.99028
0.93419
0.94278
1.0282
1.0069
0.9831
1.0516
0.93915
1.1339
0.99192
0.9792
1.0745
0.93642
1.0283
1.0423
1.0143
1.0231
1.0235
0.97565
1.1179
1.0229
1.0953
0.99308
0.99394
0.93647
0.96267
1.103
1.0285
0.99682
1.0747
1.3242
0.97593
0.92112
1.0225
1.0514
0.81749
1.0602
0.96241
0.97164
0.98897
0.92255
0.98671
0.98014
1.005
0.96961
1.0079
1.2057
0.98109
0.8717
0.94057
0.95428
1.0666
0.89338
1.1168
0.90401
1.0105
0.9555
1.1644
1.0871
0.9346
1.0371
0.93522
1.016
0.98517
0.93381
1.1105
1.1661
1.0265
0.92337
0.90545
0.98567
1.1366
0.99045
1.0299
0.975
0.92769
0.95553
0.95705
1.0513
0.97122
1.0895
0.96492
1.0107
1.0552
0.85754
0.99842
0.97651
0.90584
1.0031
1.027
1.05
0.98433
1.0454
1.0374
0.98173
0.83895
1.0828
1.1213
0.94244
1.1281
0.98879
1.1139
1.0359
0.96691
1.0843
1.0038
1.0514
0.90957
0.84597
1.0736
1.0283
1.0277
0.92365
0.99597
0.96381
1.0918
1.0204
1.029
1.0659
1.0288
1.076
1.0502
0.98831
0.88183
1.027
1.0249
1.0297
0.97143
1.087
1.1053
0.98387
0.96383
0.95348
0.8813
1.0105
1.0513
0.91495
1.0743
0.94301
0.9629
1.0007
0.94675
1.0735
0.90116
1.0072
0.97432
1.0242
0.89547
1.132
1.0118
0.92292
0.87508
1.1138
0.91449
1.0548
1.0309
0.89879
0.91501
1.065
0.92252
0.97934
0.91044
1.0167
1.0413
0.85444
0.99905
1.0778
1.0176
1.058
0.96411
0.96743
1.0223
0.98952
1.1819
0.97197
0.98202
0.97226
1.0649
0.94289
0.98559
1.0905
0.98174
0.96047
1.0278
1.0687
0.94558
1.07
0.99891
0.98031
1.0192
1.0347
0.94079
1.0989
0.97327
0.97895
0.86356
1.1334
1.0476
1.0385
1.0782
0.93032
0.9616
0.99421
0.94435
1.0918
1.005
0.98576
0.98681
1.0156
1.0635
1.0066
0.98124
1.0389
0.96891
0.90476
0.87802
0.90895
1.1442
0.90304
0.97313
0.95754
1.1048
1.0336
1.1525
0.98182
1.0361
0.9458
1.215
0.97333
0.98154
1.09
0.99597
1.0243
0.90259
1.0872
1.0114
1.0285
0.81847
1.0561
0.99198
1.0549
1.0402
0.90246
1.0177
0.99532
1.0667
1.0032
0.93469
0.91337
1.016
0.96273
0.8684
0.94629
1.107
0.81525
1.0038
1.0462
0.90938
0.95906
0.98801
0.98467
0.95153
0.98788
0.87052
0.96191
0.98181
0.80586
1.0062
0.99221
1.1009
1.0104
1.0707
1.036
1.0497
0.93132
0.93898
1.0847
1.0215
1.077
0.96469
1.0512
1.0287
1.0921
1.0401
1.032
0.89539
0.99749
0.93895
1.0659
0.9577
1.1065
1.1687
1.02
1.0017
1.0718
1.0225
0.92884
1.0351
0.97508
1.1816
1.095
0.90268
0.98859
0.99562
1.0675
1.0686
0.98858
1.0606
1.022
1.0962
1.0093
0.97149
0.92715
0.94487
0.96777
1.0068
0.92866
0.95108
0.94633
0.98902
1.136
0.84121
0.92297
1.1013
0.91189
1.0068
0.95979
1.0369
1.0575
0.9904
1.0701
1.0359
1.0759
0.93453
1.006
0.99892
1.0307
1.0734
1.0909
0.9918
0.95854
1.1254
0.96572
1.0104
1.0319
0.8956
1.0207
1.0259
0.95565
1.0668
0.97838
1.0758
0.95942
1.0637
1.1537
1.0424
1.0527
1.04
0.99
1.0374
1.104
0.96472
0.95443
1.0714
0.846
1.0757
1.0808
0.92149
1.0768
0.99041
0.84107
1.0357
0.94113
1.0022
0.89315
1.0111
1.0229
0.88495
0.96697
1.053
1.1267
0.99776
1.0102
1.0367
1.098
0.91514
0.92843
1.0123
0.95855
0.91574
1.0716
0.97768
0.98293
0.90702
0.83534
0.99014
0.98021
0.98993
1.0763
1.0281
0.86783
0.87769
0.9488
0.86998
1.0855
0.96886
1.0548
0.9741
1.0158
1.0624
0.93793
0.90915
0.82487
1.106
0.88519
0.97344
1.0776
1.0079
1.002
0.9162
1.0964
1.0292
0.96224
1.0593
0.92087
0.91829
0.94175
0.93493
1.033
0.99436
1.0566
0.92806
0.92292
1.0727
0.95615
1.0333
0.98381
0.88093
1.0824
1.0295
0.97619
1.0553
0.95351
0.98583
1.111
1.0357
0.9224
0.92799
0.9733
0.99135
1.0051
1.0503
1.0266
1.0695
0.86653
0.9638
1.0897
1.0743
0.91043
1.0382
1.0933
1.0258
0.93702
0.93338
1.0347
1.1164
0.96725
0.98106
1.0438
0.90625
0.93868
0.95953
1.0374
0.9727
0.97637
1.1011
1.0077
1.0552
0.93192
1.063
1.0799
1.0134
1.1012
0.97827
1.0307
0.92012
1.0695
1.0033
1.1106
1.0168
1.0066
0.91418
0.97015
0.94965
0.97189
1.0079
1.013
1.0672
1.0265
0.94449
0.9772
1.0533
1.0132
1.1176
0.83403
0.94349
1.03
0.97916
1.0045
0.97446
1.1601
1.0083
1.0624
1.0026
1.0564
0.91053
0.9741
1.0635
1.0388
0.9355
1.0912
1.0225
1.0132
1.052
1.0292
1.0409
0.98938
0.92975
0.94263
0.94786
0.98583
0.95908
1.1337
0.96705
1.0825
0.94133
0.9484
0.94359
0.97804
1.157
1.023
0.91495
0.94802
0.83913
0.97821
1.0116
1.0096
1.0038
1.049
0.98215
1.012
0.94789
1.0384
0.95559
1.1081
1.1022
0.99828
1.0134
1.0381
0.97201
0.99899
1.0224
1.0118
1.0354
1.0793
0.97428
0.90223
0.97359
1.0561
1.1397
1.0233
1.0799
0.87103
1.0885
0.98699
1.0565
1.078
0.93782
1.0902
0.99086
1.0679
1.0196
1.1052
1.1045
1.013
1.0439
0.95772
1.0882
1.0696
0.96076
1.0023
0.91558
1.0167
1.0981
1.038
0.94351
0.97945
1.0397
1.069
0.95549
1.1344
0.90354
0.82362
1.0801
1.0097
1.0166
1.151
0.97973
0.90061
1.0175
1.0141
1.0995
0.89538
0.96213
1.0182
0.99319
1.0216
0.88303
1.0805
0.93086
0.98226
0.90501
0.9635
0.99649
0.92918
1.1351
1.0812
1.0618
0.98
1.0012
0.96947
1.0991
1.1005
0.98472
0.87422
0.92656
1.0392
0.97612
1.0762
0.94689
0.96863
0.93699
1.0681
1.0465
0.96852
0.92556
1.0767
1.025
1.1136
0.96884
0.89269
0.93246
1.107
1.084
0.96477
1.0947
0.94512
0.92168
1.018
1.0558
0.97315
0.88131
0.9719
0.99398
0.99369
0.89471
1.013
0.98305
1.0879
1.0006
0.90246
1.0432
0.9851
1.0326
0.99386
1.0996
0.95736
0.93165
1.0681
1.12
0.99273
1.1324
1.1095
1.0508
1.0323
1.0655
0.85638
1.1101
1.0308
1.0652
0.90561
0.92694
0.9232
0.95361
1.0249
1.114
1.0339
1.0955
1.044
0.97418
0.92193
0.91681
1.0521
0.94362
0.91397
0.97289
1.0029
0.86986
0.9919
0.94385
0.93687
1.0089
0.9087
0.96793
1.0554
1.0356
0.95335
0.85518
1.1634
0.94821
0.92564
0.9305
1.0125
1.0612
1.0226
1.1324
0.96144
1.026
1.1536
0.96359
0.97913
0.93274
1.1174
1.0956
1.0958
1.0297
0.94127
1.071
0.97797
0.99911
1.0085
1.1417
0.99809
0.93765
0.97462
1.1504
0.93314
0.91569
0.91824
1.0134
1.2054
0.95846
0.91642
1.0117
1.1404
0.95674
0.96691
1.0814
0.94358
0.94409
1.1809
0.92023
1.0604
0.97785
0.917
1.1029
1.046
0.97347
1.032
0.90237
1.0973
0.94575
0.8217
0.90094
0.91746
0.96776
1.0432
0.96083
0.99401
1.0894
1.1429
1.0214
0.9589
0.97806
1.0367
1.0528
1.0491
0.97204
0.9384
1.0226
1.0663
0.86939
0.98967
0.94551
1.0348
1.001
1.0926
1.0661
0.94401
0.89252
1.033
0.92461
0.90887
0.90381
0.96228
1.001
0.97674
0.98023
1.0639
1.118
1.0462
0.98149
0.96884
0.98046
1.0416
0.85861
1.02
1.0104
0.94332
0.98793
0.94903
1.0838
1.18
1.0029
0.95395
0.84552
0.9967
0.88717
0.96245
0.99506
0.95798
1.2271
0.93034
0.90197
1.1229
1.0388
1.072
1.0423
1.0971
1.0073
1.0294
0.98472
1.0423
0.99575
0.97479
1.0214
1.0569
1.0318
0.97772
0.96075
0.95353
1.0476
0.99048
1.1522
1.0039
0.99301
1.01
0.99044
1.0164
0.95245
0.92017
1.0551
0.89167
1.0584
0.91878
0.94446
1.0306
1.1169
0.99415
0.97648
0.91615
0.99751
0.95831
0.98739
1.0831
0.95577
0.9974
0.92176
1.0132
0.998
0.95588
0.96825
1.0831
0.95432
1.0608
0.99561
0.97391
1.0773
1.0069
1.0889
1.028
0.92819
0.9092
1.0412
1.0233
0.96519
0.88689
0.96061
0.91562
0.85427
1.0137
1.0931
0.83722
1.008
1.0815
0.88249
0.93491
0.90223
1.0208
1.0836
1.024
1.0226
0.98637
1.0169
0.97851
0.99032
0.97697
0.99686
0.87666
0.97256
1.0174
1.0082
0.87842
0.9345
0.94325
0.99444
0.99585
0.865
0.94796
1.0163
1.0292
1.0166
1.1609
0.99194
1.0987
0.99091
0.97141
0.87274
0.99746
0.93103
1.0569
0.91537
1.0299
0.97508
1.0715
1.0704
0.94763
