0
0.60471
0.25225
0
0
0
0
0
0.16347
0.10139
0.22688
0
0.011645
0.2736
0
0.18996
0
0
0
0
0.51396
0.22023
0.044092
0.40144
0.042919
0.071497
0
0.25035
0.19886
0
0.1252
0
0.23303
0.18962
0
0.042785
0
0.032683
0
0.052934
0.052081
0
0.078913
0
0.074225
0.099047
0.35039
0
0
0
0.14833
0.2752
0.022871
0
0
0.16002
0.25562
0.18925
0
0.31471
0.087055
0.28555
0.1174
0.002138
0.36606
0.15484
0
0
0
0
0.038757
0.33334
0.1645
0
0.0090241
0
0.10984
0.023123
0.39907
0
0
0.26064
0
0.063895
0.30224
0.22013
0.15589
0.061139
0
0.098005
0
0.016847
0.19723
0.34295
0
0.16119
0.08192
0
0.022453
0
0.19885
0.26479
0.009548
0.12448
0.21962
0
0
0
0.014607
0
0
0.2872
0
0
0.25502
0
0.2023
0.17207
0
0.058634
0
0
0.044959
0
0
0
0.11515
0
0
0
0.033928
0.30558
0
0.064994
0
0.24417
0
0.097675
0.02906
0.11776
0.20347
0
0.17169
0
0
0.14674
0.05481
0
0
0
0.24984
0.012928
0
0
0
0
0.07771
0.023479
0
0
0
0.20463
0.088087
0.16409
0.042126
0
0.10397
0
0.18661
0
0
0.1135
0
0
0.071727
0.063517
0.10384
0
0
0
0
0.036416
0.48355
0.17824
0
0
0
0.20997
0
0.17475
0.0070699
0.13965
0.26033
0.070751
0
0.40506
0.027643
0
0
0.22351
0.05068
0
0
0
0.28302
0.12337
0.015477
0
0.016943
0.025102
0.024507
0
0
0
0.16971
0.27451
0
0
0.096768
0.038492
0.26494
0.1389
0
0.24628
0
0
0.0232
0
0.12138
0.14472
0
0.015683
0.14993
0
0.1268
0.076666
0
0.12045
0
0
0.027562
0
0.32411
0
0.0034114
0.1187
0
0.049304
0.18626
0.10255
0.059467
0
0
0.020362
0
0
0.027831
0
0.039259
0.15939
0
0
0.41674
0
0.036889
0.13829
0
0.068311
0
0
0
0
0
0.6605
0
0.047627
0
0.36988
0.0228
0
0.17486
0
0.094893
0.059485
0
0.31828
0.12192
0
0
0.041041
0
0.017611
0
0.14468
0
0
0.15983
0
0
0
0
0.012003
0
0.0025621
0
0.17266
0
0.044254
0
0.19194
0
0.33873
0.090454
0.24107
0
0.29443
0
0
0.061123
0
0.041956
0
0
0
0.094658
0
0.23106
0.16144
0.042977
0
0.045843
0
0
0
0.082112
0.2246
0
0.072125
0.019024
0.010352
0
0.055714
0
0.0007448
0.1947
0
0.095281
0
0.18031
0.13848
0.15278
0
0.010731
0
0.3055
0.022453
0.091486
0
0.13643
0.11301
0.039761
0.093954
0
0.07262
0.11929
0.020828
0
0.11318
0.11042
0
0.10111
0
0.021583
0
0.31573
0.13832
0
0
0
0.081938
0
0
0
0.037613
0.027029
0
0.092391
0
0.013705
0.03437
0
0
0.11483
0
0
0
0.12219
0.098177
0
0.0020167
0.03293
0.00077497
0
0
0
0.069003
0
0.13508
0
0.0087444
0.020599
0.16056
0.20466
0
0
0
0
0
0.1112
0
0.13515
0.00077602
0
0
0
0.1633
0.069781
0.19548
0
0
0.11979
0
0.042728
0.024777
0.26303
0.087053
0.16369
0.054458
0
0
0.24677
0.018896
0
0
0.34931
0.15191
0
0.058874
0.21606
0
0.071278
0
0
0.055765
0.20587
0.14681
0
0
0
0.015836
0
0
0
0.20003
0.028593
0
0.083471
0.055108
0.016835
0.2555
0
0
0
0
0
0.067187
0.090667
0.081331
0
0
0
0.1975
0.01885
0
0
0.073944
0
0.16931
0.030588
0
0.041948
0.18333
0
0.23561
0.01628
0
0
0.30435
0.077028
0
0.0040967
0
0.14413
0
0
0.40134
0.13105
0
0
0
0.17431
0.080897
0
0.11277
0.025291
0.19868
0
0.018344
0.199
0.043566
0.049209
0
0
0
0.14667
0.13229
0.15916
0.15011
0.053463
0
0.063905
0.32862
0.16962
0.17952
0.35383
0.31825
0.20891
0
0
0
0.016105
0
0.24022
0.20278
0.039957
0.07714
0
0.40316
0.076066
0
0.17583
0.018723
0
0
0
0.017505
0.13644
0.031283
0.22268
0.08973
0
0.17562
0
0
0.34775
0
0
0.042735
0
0
0.1559
0
0.2568
0.071357
0
0
0.0085975
0.28829
0.20454
0
0
0
0.19446
0.027687
0
0
0
0
0.053412
0.012512
0
0.14026
0.16914
0.35653
0
0.05655
0
0.16652
0
0
0.07176
0.23754
0
0
0.10703
0.018393
0.13521
0
0.10262
0
0
0
0.14553
0.39875
0
0
0.12162
0.32633
0
0.20059
0
0.082959
0.02923
0.30703
0
0.28892
0.11632
0.03118
0
0.18547
0.17639
0.090521
0.090093
0
0.14364
0
0.036173
0.1228
0.35441
0.13315
0.24072
0.077115
0
0
0.040876
0.066256
0.37578
0
0.21928
0.037341
0.00013532
0.035118
0.0050759
0.28332
0.38441
0
0.077774
0
0.051657
0.080197
0
0
0.018655
0
0
0
0.2587
0
0.01847
0.0084346
0.23867
0.18906
0
0.27134
0
0
0
0
0.040501
0
0.17577
0
0
0
0.014507
0.047115
0
0.20771
0
0
0.041972
0.09258
0
0.10811
0.36981
0
0.18764
0
0.039953
0
0
0.0022168
0
0.12062
0
0
0.053474
0
0.18357
0.0093247
0
0.14065
0.032943
0.030654
0.032909
0.0037643
0
0
0
0.099775
0
0.033961
0
0.072915
0
0.11397
0.32628
0
0
0
0
0
0.21029
0.24695
0
0.16526
0
0
0
0.1002
0.1185
0.046709
0.17846
0
0
0.033132
0.10317
0.22523
0
0
0.10127
0
0.35657
0.11137
0
0.01275
0.1072
0.11141
0.098144
0
0.58124
0.19663
0.016562
0
0.24835
0.26428
0
0.13541
0
0
0
0.13663
0
0
0
0.1663
0.14968
0
0.12031
0.049344
0.045094
0
0
0.12594
0
0
0.073762
0.3871
0.053203
0.013444
0.10755
0.17294
0.20607
0.19956
0.11502
0
0.17595
0
0.28526
0
0
0.044907
0.22913
0.053585
0.14278
0.072314
0.091289
0
0
0
0.066549
0.28886
0.083098
0.35567
0.18347
0
0
0.060804
0.0030877
0
0
0.11023
0
0.075672
0.21721
0
0
0
0.29329
0
0
0.13849
0.20602
0.27184
0.10355
0
0.12212
0.35692
0
0.13682
0
0
0.19828
0
0.176
0.041989
0
0.054213
0.175
0
0
0.026837
0
0.24718
5.8028e-005
0.21906
0.036961
0
0.09647
0.28988
0.04852
0
0.16149
0
0
0.080937
0.15411
0
0.08073
0.23545
0.11309
0
0.28721
0.0040988
0
0
0
0
0.1747
0.13224
0.045048
0.011066
0
0.089261
0
0
0.44316
0
0.25238
0.10802
0.055882
0.31317
0
0.15925
0.14719
0
0
0
0.018451
0
0.00033547
0
0.1721
0.16765
0
0.27457
0
0.057445
0
0
0.016834
0.075673
0
0.29086
0.12689
0
0.31813
0.080642
0
0.12019
0.062086
0
0.18162
0
0
0.20725
0
0.13034
0
0
0
0.17312
0
0
0
0
0.13411
0
0
0.010004
0
0.19563
0
0.12735
0.034899
0
0.051645
0.12304
0
0.1587
0.01766
0
0.060286
0
0.13455
0
0
0
0.10991
0
0.20845
0.33686
0.2411
0.2961
0
0
0
0.16322
0.034499
0.12639
0.17903
0.3427
0
0.03136
0
0.12666
0.05366
0
0
0.14921
0
0
0
0
0.15681
0
0
0.25309
0
0
0.022558
0.07682
0.055486
0.20576
0.5553
0.23996
0
0.074373
0.017721
0.011434
0.011932
0
0
0.31746
0
0
0.08723
0
0
0.28283
0
0
0.22467
0.0036806
0.24238
0
0.008792
0
0
0.17765
0.077474
0.33484
0.047588
0
0.072294
0.33617
0.24119
0.017317
0.14873
0
0
0
0
0
0.18974
0.21215
0
0.22157
0.15611
0.0096757
0
0
0.0050722
0.16565
0.16306
0
0.11482
0.2947
0.070616
0
0.011111
0
0
0.066661
0.09667
0.23274
0.12029
0
0.095622
0
0.031858
0.021745
0.19279
0
0
0.39559
0
0.013238
0.02335
0.16624
0
0.38993
0.20108
0.13821
0.2616
0.2432
0.28918
0
0.020985
0.088851
0
0
0.10691
0.0021968
0.13121
0.049065
0
0.19046
0
0
0.039541
0.031915
0.13928
0
0.29712
0.081852
0
0.13
0.051976
0
0.29265
0.018183
0
0
0
0.12819
0
0
0
0.28738
0
0
0
0.24991
0
0.12103
0.014243
0.26482
0
0.17747
0.053597
0.091433
0
0.20808
0
0.19134
0.29027
0
0.00027813
0.15028
0.15764
0
0
0
0.12848
0
0.072841
0.2656
0.055497
0.095623
0.11372
0.030848
0.25761
0.067554
0
0.026526
0.25944
0
0
0.023307
0.16542
0
0.080538
0.13328
0
0.092591
0
0.056547
0.042835
0.11467
0
0.068185
0.25109
0.06423
0.048302
0.048099
0
0.12094
0.10257
0
0
0.29873
0.25632
0
0
0.0052033
0.091432
0.12228
0.096429
0
0.078861
0.16533
0
0.025189
0
0
0
0.26688
0.14526
0.0047924
0
0.061029
0
0
0
0
0
0.12868
0
0
0.36332
0
0.18327
0
0
0.16914
0.13037
0.12715
0
0
0.056306
0
0
0
0.041065
0
0.14474
0.27309
0
0
0
0
0
0.23594
0.22233
0.27924
0.00091987
0
0.27608
0.07314
0
0.18994
0
0
0.25146
0
0
0
0
0.13176
0.046517
0.02448
0
0.064384
0.17296
0
0.22133
0
0
0
0.13377
0.018404
0
0.14222
0
0.046371
0
0
0.099079
0.22938
0
0.0083115
0
0.13693
0
0.0011156
0
0.15231
0.22052
0
0.15049
0.011771
0
0.09243
0
0
0.070159
0
0
0
0
0
0.087213
0.18873
0
0
0.0058052
0.45339
0.02285
0
0
0.15179
0
0.091587
0.044115
0.08612
0
0.11609
0
0
0.26092
0
0.0063916
0.0029093
0
0
0
0
0
0.036773
0.26168
0.28366
0.11613
0.022509
0
0.19876
0
0.23388
0
0.005383
0
0.22364
0.073042
0
0
0.044565
0
0
0
0.084849
0
0.23943
0.11307
0
0.066679
0
0.24132
0.10747
0
0
0
0
0.10827
0
0
0.057893
0
0
0
0.098725
0
0.037742
0.13077
0.47862
0.27898
0
0.51404
0.068979
0
0.099451
0.14248
0
0
0.19482
0.031126
0.22787
0.18264
0
0
0
0
0.033786
0.19564
0.072134
0
0
0.23526
0.050791
0.14011
0.070988
0
0
0
0
0.080102
0
0.062482
0.26562
0
0
0.067958
0.11943
0
0
0.094345
0.061147
0
0
0
0.22004
0
0
0.15288
0
0
0.23272
0.024165
0.33128
0.18709
0.052049
0
0.025064
0
0.12031
0.15085
0
0
0
0.17899
0.059391
0
0
0
0
0.094355
0.046976
0
0.029343
0.18733
0.052228
0
0.092371
0
0
0.1517
0
0.0303
0
0.0675
0.079808
0
0
0
0
0.13665
0.071058
0.074986
0
0
0.06462
0
0.24545
0
0
0
0
0.14315
0.17464
0.0028865
0.13651
0.10047
0
0.073974
0
0.30068
0
0
0.17276
0
0
0.11182
0.22404
0
0
0.12841
0
0
0
0
0.23763
0.069001
0
0.24527
0.16978
0
0.010819
0
0.0078669
0
0
0
0
0
0
0
0.066617
0.23066
0
0.20493
0
0
0
0
0.034935
0.0090031
0.048992
0
0.25491
0
0
0.17903
0
0.12522
0.30734
0.33433
0
0.013159
0.053779
0
0.048104
0.066968
0
0.19898
0
0.13397
0.15377
0
0
0
0.055225
0
0.062732
0
0.1981
0
0.11793
0.024502
0.10117
0.020464
0
0
0
0.30722
0
0.082884
0.030189
0
0
0
0
0.047604
0.17788
0.21823
0
0.098622
0
0.13989
0
0.11283
0.11292
0
0.1735
0.2912
0.045649
0
0.17773
0
0.29652
0
0
0
0.13144
0
0
0
0
0.10018
0
0
0
0.21615
0.065918
0
0.13525
0
0.004816
0.035669
0.009771
0.24129
0
0.034874
0.0020387
0.051436
0.26969
0.085033
0
0.30287
0.15686
0
0
0.091148
0.28687
0
0.12163
0.23106
0.29073
0
0
0.050389
0
0.20491
0
0.058335
0
0.12291
0
0.14072
0.21891
0.17365
0.0022171
0.29093
0
0
0.019542
0.070755
0.045292
0
0
0.21616
0.070525
0.057417
0
0
0.31704
0
0
0
0.4322
0
0.2362
0.28593
0
0
0
0.087575
0.39258
0.10624
0.11774
0
0
0
0
0.13012
0
0
0.2673
0
0
0
0
0
0.16893
0.0080929
0
0
0.087398
0.37193
0
0.29394
0
0
0.11397
0.012853
0.055204
0.12802
0
0.060496
0
0
0.2427
0.018152
0.14853
0.061988
0
0
0
0
0
0.07221
0.021058
0.12418
0.031972
0
0
0
0
0
0.0026199
0
0.11378
0
0
0.021229
0.27551
0.051695
0
0.12613
0
0.30618
0
0
0.12097
0
0
0.054727
0
0
0.11105
0.16226
0
0
0
0.016475
0
0.44101
0
0
0
0.14234
0.18897
0.034839
0
0.15171
0
0.11249
0.0046147
0.18404
0
0.26946
0
0.2177
0.10043
0.065324
0.061451
0.09408
0.026812
0
0
0.23617
0
0.052954
0
0
0.085768
0
0.11601
0.047671
0.27
0.003597
0.026046
0.17328
0.033163
0.10246
0
0
0.1933
0.06951
0.23036
0
0
0
0.063269
0.046341
0
0.057706
0.077798
0
0.03037
0
0
0
0.42658
0.39307
0
0
0
0.047318
0.15147
0
0.029259
0.090809
0
0.089696
0
0.035863
0
0
0
0.061818
0.060544
0.13811
0
0.21061
0.55233
0
0.1118
0.071693
0
0.11615
0.086263
0.074201
0.031279
0.00083534
0.091026
0.067178
0.010132
0
0
0.081937
0.11303
0
0.011895
0.14377
0.26634
0.062122
0
0
0
0.22643
0
0
0
0.21934
0
0
0
0.016256
0.024207
0
0
0
0.24314
0
0.080696
0
0.095545
0.026499
0
0
0
0.23324
0
0
0.027828
0
0
0
0.048246
0
0.25179
0
0
0
0
0
0
0
0
0
0
0.27229
0.19681
0.30318
0.15453
0
0.28722
0.214
0
0.30768
0.082324
0.10928
0.098268
0.19787
0
0.10861
0
0.054109
0.28155
0.019748
0
0.015535
0.095793
0
0.078997
0.094943
0.15212
0.16324
0.59949
0.25921
0
0.17197
0
0.36264
0
0
0
0
0.10872
0
0.065208
0
0.45848
0
0.068013
0.16982
0.25181
0
0
0.18697
0
0
0
0.049391
0.02937
0
0.05899
0
0
0.14652
0.068868
0.15314
0
0.19727
0
0.17225
0
0
0
0.068752
0
0
0.11258
0
0.22163
0
0.24089
0.0009264
0.0091669
0.12276
0.077658
0.098263
0
0.019892
0.099406
0.48485
0
0
0
0
0.039986
0
0.15531
0.27982
0.10132
0
0
0.10088
0
0
0
0.059439
0
0.042798
0.25812
0
0.018491
0.023282
0
0
0.093325
0.079481
0.079212
0.036061
0
0
0.010843
0.14822
0
0
0
0
0.08797
0.057119
0
0.093457
0.46907
0
0
0.32389
0.13739
0
0
0
0
0.062428
0.18995
0
0.0070476
0
0
0.15649
0
0
0
0.13571
0.17412
0
0.24926
0
0
0
0.097834
0
0.13853
0.14782
0
0.076326
0.16926
0.11208
0
0.15259
0.3273
0
0.004857
0
0.23762
0.22698
0.25894
0.11395
0.50736
0.058099
0.057079
0
0.16311
0.26328
0
0.36917
0
0.0043972
0
0.23958
0.090208
0
0
0.018324
0
0.19692
0.06609
0.18236
0.31284
0.14581
0
0
0.060364
0
0
0.33211
0.1899
0.21085
0.054107
0
0.13992
0
0
0
0.081231
0.37059
0.058304
0
0.31488
0
0
0.068604
0
0
0
0.26891
0
0
0
0.017576
0.048494
0
0
0
0
0
0.22827
0.068867
0.067893
0
0
0
0
0.17015
0
0.024787
0.075298
0
0.31127
0
0.058171
0.19
0.31837
0.060532
0
0.16065
0
0
0
0
0.0016327
0.15842
0.070103
0.44281
0
0.068786
0.26918
0.046755
0
0.11481
0.078657
0.17763
0.070636
0.15005
0.061206
0.25538
0.23593
0.21141
0.010914
0
0
0.20514
0.38663
0.14271
0
0
0
0
0
0
0.27247
0.1918
0.012494
0.22863
0.061436
0.090355
0
0
0
0
0
0.090874
0
0.42494
0.11957
0.039168
0.18131
0.12261
0
0
0
0.047299
0.33747
0
0.080702
0.0044712
0
0.2374
0
0.040754
0
0.24138
0
0.07165
0.051764
0
0
0.045951
0.19611
0.22995
0
0.18464
0.086105
0.38833
0.041332
0.12557
0.22503
0
0.36673
0.029882
0
0
0.079099
0
0.219
0.071781
0.058239
0.18081
0
0.049319
0.27485
0.11242
0.047865
0
0.18448
0
0.018916
0
0.10651
0.12164
0
0
0.083607
0.32869
0.014169
0
0
0
0.16087
0.064822
0
0
0.25269
0
0.15539
0
0
0.28779
0.10779
0
0.037729
0
0.17253
0.1007
0.27576
0.12388
0.21939
0
0
0.12342
0.25541
0
0
0
0
0.15651
0.059365
0.24098
0.00029332
0.089559
0.52795
0
0
0.28895
0.13727
0.029
0
0
0
0.10874
0
0.3083
0.048703
0
0
0
0
0.035765
0.14137
0.12492
0.18045
0.23245
0
0.098021
0.14767
0.15632
0.12475
0
0.21712
0
0.19217
0
0.084933
0.13736
0
0
0
0
0.052558
0
0.26529
0
0.010425
0
0
0
0.21771
0.13256
0.13724
0
0.068251
0
0.31876
0
0.10574
0.16803
0
0
0
0.2549
0.1386
0.10794
0
0.098004
0.0044126
0
0
0.28772
0
0.21677
0.20522
0.09219
0.054838
0.22319
0
0.035357
0.063509
0
0
0.030698
0
0
0
0
0.16819
0
0.12877
0.039581
0.13919
0.022116
0
0
0.073834
0.095116
0
0.1844
0
0.19473
0
0
0
0
0.33112
0
0
0.10813
0
0
0
0.22595
0.0062323
0
0
0.048062
0.070592
0
0.098743
0
0
0
0.30647
0
0.1248
0.069597
0.012777
0.019746
0.11139
0
0
0.03262
0
0
0.10676
0
0
0.1566
0
0.12832
0
0
0
0.32718
0.092825
0.22344
0
0.045498
0.14131
0
0
0.13808
0.33768
0
0
0.19376
0
0.22616
0.2708
0
0.14573
0.069425
0
0.10287
0
0
0
0
0.14372
0.145
0.084942
0
0
0
0.095287
0
0.15372
0
0.2726
0.014022
0
0
0
0.012811
0
0.25332
0.19077
0
0.15406
0
0
0
0
0
0.10434
0
0
0
0.025544
0
0
0.27107
0.20015
0
0.12039
0.28178
0
0
0
0.21418
0.063625
0.32953
0
0
0.067457
0.099052
0.16436
0.27454
0.25035
0
0.13357
0
0
0
0.27456
0.14061
0.17194
0.19279
0
0.14843
0
0.27213
0.15735
0
0
0.11081
0
0
0.061521
0.35041
0
0.0014041
0.25436
0.15218
0.062429
0.12418
0
0.032682
0.17926
0
0
0
0.067076
0
0.053166
0.21161
0
0
0.49128
0.095857
0.15349
0.39172
0.047863
0.010874
0.35927
0.15262
0.041039
0.063475
0
0
0
0.1247
0.15958
0.18977
0.099367
0
0.12448
0.053683
0.14079
0
0.14452
0.056472
0
0
0.26224
0.38846
0
0.18151
0
0
0.23289
0.13557
0
0
0.079802
0
0
0
0
0.13236
0
0
0
0.087416
0
0.23792
0
0
0
0.047753
0
0.003844
0.08672
0
0.14582
0
0
0.08668
0
0.22054
0.17171
0
0.098314
0
0
0.24651
0.38604
0
0
0.30431
0.023062
0.48008
0
0
0.080229
0.023571
0
0.03556
0.11756
0.12066
0
0.056308
0.16747
0.061824
0.16749
0.033264
0
0
0
0
0
0
0.10025
0
0
0
0
0
0.035521
0
0
0.1537
0.02239
0
0
0
0.21874
0
0
0
0
0.036553
0
0.098688
0.068337
0
0
0.026203
0.23315
0.35265
0
0
0
0
0.11701
0.0858
0
0.097445
0.12459
0
0.19806
0.25626
0.16344
0
0
0
0.016147
0.16486
0.054906
0
0.18264
0.0028057
0
0.17307
0.017174
0.052719
0.55807
0
0.13606
0.091204
0.019252
0
0.21382
0.021928
0
0
0
0
0
0
0
0
0
0.026501
0
0.39464
0
0
0
0
0
0.207
0
0.32386
0.0019498
0.040578
0
0
0
0.096574
0.053761
0.1992
0.15897
0
0.084919
0
0
0.091748
0
0
0.17548
0
0.34787
0
0
0.15484
0
0
0.15568
0
0.0097772
0.38724
0
0
0.089661
0.086147
0
0.12788
0.049766
0
0
0.075475
0.24153
0.35812
0
0.050725
0.007592
0
0
0
0
0
0.097038
0.20189
0
0
0.16848
0
0
0
0
0
0.14358
0
0
0
0
0.041134
0
0.23984
0.40023
0.074883
0
0.085473
0
0
0
0.13023
0
0
0
0.25065
0.15191
0
0
0
0
0.039375
0.21412
0
0
0
0.083862
0.25184
0.065507
0
0
0
0.034706
0.13339
0.011151
0
0
0.23483
0.13773
0.027691
0
0.096939
0
0
0
0.44789
0
0.075743
0
0
0.071427
0.040723
0.22534
0.2901
0
0.091391
0.1107
0.34241
0.20512
0.051539
0.08449
0.011397
0.070098
0.047822
0.49822
0.12544
0.10692
0
0
0
0.053908
0
0.12481
0
0
0
0.13429
0.20661
0.63896
0.061266
0.016373
0
0.1441
0
0.18613
0.24045
0.087683
0
0
0
0.19804
0.25261
0
0.025455
0.022535
0.042443
0.17568
0
0
0.17001
0
0
0
0
0
0.10845
0.40809
0
0
0.16987
0
0.27286
0.13477
0.16259
0.086245
0
0.0028545
0
0.049253
0.14769
0
0
0.14084
0
0
0
0
0
0
0
0
0.26082
0.081666
0.13326
0
0
0.1304
0
0
0.26806
0
0.17098
0.45565
0
0
0.15242
0
0
0.19399
0.34315
0
0
0.17716
0.14356
0
0.62321
0
0
0
0
0.18823
0.034987
0.003883
0
0
0
0
0
0.030707
0
0.12174
0.042803
0.10672
0.024774
0.073706
0.085743
0
0
0.1245
0
0
0.018932
0
0.18919
0.20837
0
0.09546
0.4183
0.20658
0.054443
0.053704
0.19202
0.055933
0.078875
0
0.19115
0
0.051157
0
0.26346
0
0
0
0.19025
0.042985
0
0
0
0.1376
0.098561
0.17102
0.26214
0.2326
0.071178
0
0.16976
0
0
0
0
0
0.10846
0
0
0.59054
0.24039
0.24641
0.18516
0
0.13918
0
0
0
0.15181
0
0.054616
0.019142
0
0.089001
0
0.038891
0
0.13179
0.13549
0
