10,[[ 0.663066, 0.619909, 0.426986, 0.623657, 0.555657, 0.66293, 0.443987, 0.534034],
[ 0.331507, 0.948715, 0.605955, 0.596084, 0.35748, 0.60189, 0.566393, 0.456552],
[ 0.590495, 0.619909, 0.628346, 0.657642, 0.261569, 0.583325, 0.649948, 0.354527],
[ 0.470834, 0.944388, 0.577007, 0.486244, 0.535966, 0.672916, 0.542697, 0.381655],
[ 0.470834, 0.60263, 0.382761, 0.429803, 0.70319, 0.63194, 0.769504, 0.287428],
[ 0.657162, 0.619909, 0.503517, 0.623657, 0.425158, 0.589461, 0.625125, 0.314774],
[ 0.264162, 0.939997, 0.572594, 0.531379, 0.481767, 0.609771, 0.528693, 0.477938],
[ 0.468403, 0.619909, 0.459898, 0.504974, 0.605452, 0.67968, 0.63355, 0.326983],
[ 0.500564, 0.91218, 0.500995, 0.599875, 0.447206, 0.746831, 0.715799, 0.195189],
[ 0.668009, 0.583624, 0.517602, 0.568729, 0.59774, 0.658778, 0.602247, 0.381655]]
20,[[ 0.559574, 0.948715, 0.474875, 0.650011, 0.218525, 0.656371, 0.566393, 0.496344],
[ 0.476533, 0.944388, 0.506132, 0.681638, 0.259586, 0.692572, 0.571671, 0.39075],
[ 0.56047, 0.583624, 0.613797, 0.832167, 0.28411, 0.562628, 0.524744, 0.440262],
[ 0.234814, 0.948715, 0.572594, 0.506609, 0.441571, 0.639085, 0.566393, 0.381655],
[ 0.651288, 0.60263, 0.205133, 0.560121, 0.728374, 0.60189, 0.589392, 0.405924],
[ 0.403239, 0.939997, 0.58146, 0.5172, 0.463157, 0.685047, 0.606453, 0.372809],
[ 0.32556, 0.939997, 0.600671, 0.542051, 0.463157, 0.672916, 0.542697, 0.381655],
[ 0.469212, 0.619909, 0.466887, 0.472731, 0.627301, 0.562628, 0.484686, 0.639356],
[ 0.70218, 0.619909, 0.466887, 0.551652, 0.488272, 0.673757, 0.554482, 0.549785],
[ 0.56857, 0.732108, 0.443868, 0.615892, 0.405307, 0.50655, 0.528402, 0.532745]]
30,[[ 0.99129, 0.476232, 0.762341, 0.822355, 0.109486, 0.899316, 0.721411, 0.242533],
[ 0.832881, 0.476232, 0.390187, 0.632381, 0.380824, 0.882087, 0.614907, 0.294648],
[ 0.489708, 0.948715, 0.695512, 0.578745, 0.403087, 0.685047, 0.584129, 0.338395],
[ 0.642533, 0.619909, 0.628346, 0.394099, 0.41462, 0.595648, 0.562699, 0.381655],
[ 0.443705, 0.583624, 0.551611, 0.605717, 0.525994, 0.638126, 0.615925, 0.539969],
[ 0.778856, 0.538347, 0.621399, 0.464577, 0.470633, 0.869278, 0.856913, 0.138547],
[ 0.661094, 0.583624, 0.696374, 0.772073, 0.19044, 0.760905, 0.778759, 0.203777],
[ 0.209459, 0.939997, 0.654807, 0.234628, 0.740694, 0.661693, 0.297473, 0.629422],
[ 0.531337, 0.948715, 0.610352, 0.623657, 0.366327, 0.60189, 0.589392, 0.456552],
[ 0.711389, 0.619909, 0.426986, 0.513204, 0.555657, 0.778944, 0.572733, 0.334204]]
40,[[ 0.390726, 0.948715, 0.368038, 0.945287, 0.138002, 0.672916, 0.518224, 0.496344],
[ 0.470834, 0.931015, 0.528402, 0.388722, 0.622221, 0.711633, 0.390554, 0.606748],
[ 0.616673, 0.635784, 0.510516, 0.403164, 0.714248, 0.556257, 0.721411, 0.367796],
[ 0.805059, 0.60263, 0.890303, 0.59698, 0.143536, 0.648026, 0.554911, 0.407068],
[ 0.564062, 0.939997, 0.688447, 0.852866, 0.0654275, 0.585719, 0.385305, 0.68556],
[ 0.681962, 0.619909, 0.466887, 0.58839, 0.488272, 0.855952, 0.916431, 0.0550823],
[ 0.307451, 0.650495, 0.489767, 0.496867, 0.655985, 0.583325, 0.508587, 0.667371],
[ 0.820573, 0.510274, 0.902722, 0.892256, 0.0455164, 0.778944, 0.603695, 0.334204],
[ 0.513259, 0.583624, 0.569502, 0.472731, 0.555657, 0.608188, 0.716864, 0.473566],
[ 0.574916, 0.948715, 0.542723, 0.586688, 0.524354, 0.656371, 0.542697, 0.496344]]
50,[[ 0.31514, 0.948715, 0.610352, 0.506609, 0.366327, 0.688797, 0.518224, 0.381655],
[ 0.528733, 0.944388, 0.683885, 0.584148, 0.273412, 0.715085, 0.561167, 0.338395],
[ 0.623319, 0.732108, 0.472176, 0.352935, 0.692345, 0.628532, 0.625923, 0.320811],
[ 0.438234, 0.939997, 0.679369, 0.601482, 0.366327, 0.664031, 0.55323, 0.438212],
[ 0.536568, 0.95298, 0.658365, 0.550098, 0.323147, 0.704076, 0.570755, 0.415978],
[ 0.652264, 0.635784, 0.459898, 0.325519, 0.756842, 0.647713, 0.690402, 0.220416],
[ 0.645443, 0.902281, 0.485894, 0.703925, 0.347004, 0.740578, 0.503305, 0.477938],
[ 0.503088, 0.93554, 0.477832, 0.317347, 0.70586, 0.72933, 0.561167, 0.338395],
[ 0.466787, 0.93554, 0.545385, 0.351403, 0.607901, 0.73305, 0.589392, 0.418316],
[ 0.706265, 0.60263, 0.544541, 0.666508, 0.380824, 0.556257, 0.721411, 0.367796]]
60,[[ 0.468403, 0.931015, 0.528402, 0.388722, 0.622221, 0.672916, 0.542697, 0.456552],
[ 0.621416, 0.619909, 0.569502, 0.58839, 0.555657, 0.525926, 0.346203, 0.79117],
[ 0.547118, 0.926419, 0.632953, 0.582743, 0.375752, 0.59814, 0.380098, 0.72304],
[ 0.572191, 0.619909, 0.332436, 0.58839, 0.555657, 0.573073, 0.656047, 0.275712],
[ 0.608188, 0.635784, 0.621399, 0.61508, 0.409464, 0.672916, 0.851135, 0.161711],
[ 0.509856, 0.60263, 0.510516, 0.666508, 0.380824, 0.66293, 0.443987, 0.534034],
[ 0.745741, 0.635784, 0.530676, 0.579941, 0.470633, 0.647713, 0.554482, 0.549785],
[ 0.546234, 0.619909, 0.628346, 0.551652, 0.311793, 0.658778, 0.602247, 0.381655],
[ 0.409955, 0.732108, 0.364662, 0.516905, 0.460271, 0.466856, 0.528402, 0.475082],
[ 0.557785, 0.635784, 0.263714, 0.464577, 0.67908, 0.583325, 0.508587, 0.667371]]
70,[[ 0.293636, 0.939997, 0.561562, 0.464929, 0.54861, 0.656371, 0.466568, 0.580581],
[ 0.573099, 0.93554, 0.623783, 0.595127, 0.198097, 0.664031, 0.528693, 0.438212],
[ 0.509007, 0.619909, 0.503517, 0.513204, 0.555657, 0.647713, 0.554482, 0.485335],
[ 0.713445, 0.583624, 0.814984, 0.802494, 0.0844398, 0.856858, 0.808402, 0.0934031],
[ 0.491369, 0.93554, 0.523875, 0.317347, 0.655985, 0.60189, 0.518224, 0.537688],
[ 0.745741, 0.619909, 0.503517, 0.513204, 0.488272, 0.776914, 0.685198, 0.159833],
[ 0.68096, 0.619909, 0.569136, 0.516905, 0.405307, 0.789693, 0.699071, 0.186993],
[ 0.45397, 0.939997, 0.540901, 0.464929, 0.593984, 0.639085, 0.589392, 0.496344],
[ 0.268853, 0.93554, 0.523875, 0.317347, 0.655985, 0.656371, 0.542697, 0.456552],
[ 0.592343, 0.902281, 0.485894, 0.703925, 0.347004, 0.639085, 0.566393, 0.381655]]
80,[[ 0.716534, 0.635784, 0.530676, 0.504974, 0.409464, 0.69819, 0.590569, 0.424662],
[ 0.473272, 0.92175, 0.690457, 0.612052, 0.311793, 0.639085, 0.589392, 0.496344],
[ 0.854388, 0.476232, 0.86889, 0.713333, 0.228344, 0.69819, 0.590569, 0.424662],
[ 0.567667, 0.619909, 0.550863, 0.459365, 0.717448, 0.595648, 0.562699, 0.381655],
[ 0.745741, 0.583624, 0.599676, 0.551652, 0.311793, 0.608188, 0.501207, 0.610428],
[ 0.522684, 0.619909, 0.655715, 0.690494, 0.215671, 0.586386, 0.359595, 0.630848],
[ 0.353839, 0.93554, 0.623783, 0.571629, 0.198097, 0.700212, 0.582386, 0.211629],
[ 0.425873, 0.732108, 0.580183, 0.431728, 0.519967, 0.541553, 0.59471, 0.475082],
[ 0.556892, 0.60263, 0.510516, 0.481008, 0.441571, 0.562628, 0.524744, 0.440262],
[ 0.500564, 0.948715, 0.637001, 0.544852, 0.315238, 0.746831, 0.611761, 0.281176]]
90,[[ 0.631924, 0.650495, 0.523875, 0.571629, 0.655985, 0.50655, 0.562263, 0.475082],
[ 0.533949, 0.939997, 0.654807, 0.234628, 0.740694, 0.711633, 0.390554, 0.606748],
[ 0.536568, 0.948715, 0.645819, 0.555399, 0.366327, 0.66915, 0.584129, 0.372809],
[ 0.673969, 0.619909, 0.459898, 0.713333, 0.35247, 0.67968, 0.598884, 0.326983],
[ 0.679959, 0.60263, 0.205133, 0.560121, 0.728374, 0.63194, 0.675583, 0.39613],
[ 0.791896, 0.583624, 0.857678, 0.708683, 0.0844398, 0.562628, 0.562699, 0.440262],
[ 0.558679, 0.60263, 0.473949, 0.666508, 0.380824, 0.667899, 0.426032, 0.597486],
[ 0.561367, 0.948715, 0.679369, 0.601482, 0.366327, 0.718811, 0.566393, 0.381655],
[ 0.684973, 0.750856, 0.658173, 0.631184, 0.2847, 0.729169, 0.64094, 0.29968],
[ 0.234268, 0.944388, 0.557115, 0.403164, 0.674634, 0.656371, 0.566393, 0.418316]]
100,[[ 0.377721, 0.93554, 0.501404, 0.317347, 0.655985, 0.59814, 0.380098, 0.72304],
[ 0.457953, 0.944388, 0.536457, 0.51188, 0.493218, 0.60582, 0.471736, 0.593488],
[ 0.495536, 0.619909, 0.569502, 0.513204, 0.488272, 0.653693, 0.524744, 0.50277],
[ 0.342907, 0.93554, 0.572594, 0.506609, 0.659663, 0.572559, 0.558575, 0.574993],
[ 0.634807, 0.619909, 0.426986, 0.551652, 0.555657, 0.653376, 0.455412, 0.724127],
[ 0.404726, 0.939997, 0.540901, 0.464929, 0.54861, 0.585719, 0.385305, 0.68556],
[ 0.672973, 0.60263, 0.390187, 0.521564, 0.576228, 0.667899, 0.742709, 0.354527],
[ 0.574916, 0.948715, 0.368038, 0.945287, 0.138002, 0.718811, 0.566393, 0.313072],
[ 0.382748, 0.948715, 0.623935, 0.596084, 0.323147, 0.704076, 0.566393, 0.456552],
[ 0.710362, 0.635784, 0.375378, 0.504974, 0.605452, 0.693952, 0.874081, 0.10369]]
110,[[ 0.466787, 0.732108, 0.317386, 0.481008, 0.580457, 0.541553, 0.685198, 0.369092],
[ 0.495536, 0.60263, 0.503517, 0.472731, 0.488272, 0.569042, 0.607334, 0.39613],
[ 0.509856, 0.948715, 0.64139, 0.550098, 0.323147, 0.672916, 0.589392, 0.381655],
[ 0.622367, 0.619909, 0.569502, 0.513204, 0.366327, 0.642726, 0.358154, 0.682284],
[ 0.741528, 0.60263, 0.544541, 0.560121, 0.650124, 0.595648, 0.524744, 0.569145],
[ 0.375578, 0.948715, 0.591785, 0.506609, 0.481767, 0.520862, 0.160062, 0.902565],
[ 0.405471, 0.948715, 0.628346, 0.531379, 0.481767, 0.639085, 0.589392, 0.496344],
[ 0.465173, 0.948715, 0.591785, 0.578745, 0.441571, 0.60189, 0.589392, 0.456552],
[ 0.62618, 0.583624, 0.613797, 0.708683, 0.337785, 0.775717, 0.642115, 0.239225],
[ 0.264162, 0.944388, 0.614786, 0.560753, 0.375433, 0.620961, 0.542697, 0.456552]]
120,[[ 0.582217, 0.60263, 0.382761, 0.472731, 0.627301, 0.60189, 0.492886, 0.520965],
[ 0.446062, 0.944388, 0.487996, 0.506609, 0.567302, 0.67671, 0.638959, 0.354972],
[ 0.503931, 0.93554, 0.566046, 0.547469, 0.256255, 0.624843, 0.523434, 0.507654],
[ 0.459552, 0.902281, 0.485894, 0.703925, 0.347004, 0.422782, 0.276352, 0.85053],
[ 0.711389, 0.619909, 0.537564, 0.551652, 0.555657, 0.69819, 0.590569, 0.485335],
[ 0.580387, 0.948715, 0.64139, 0.550098, 0.323147, 0.746831, 0.542697, 0.346571],
[ 0.6552, 0.650495, 0.406279, 0.551209, 0.460271, 0.583325, 0.582386, 0.531226],
[ 0.631924, 0.619909, 0.537564, 0.513204, 0.488272, 0.519282, 0.516606, 0.485335],
[ 0.659126, 0.583624, 0.34819, 0.568729, 0.673978, 0.50655, 0.562263, 0.475082],
[ 0.721701, 0.635784, 0.419857, 0.54332, 0.535966, 0.647713, 0.554482, 0.485335]]
130,[[ 0.386363, 0.948715, 0.510516, 0.687256, 0.331291, 0.422782, 0.276352, 0.85053],
[ 0.563163, 0.939997, 0.623935, 0.596084, 0.323147, 0.609771, 0.528693, 0.477938],
[ 0.643502, 0.60263, 0.510516, 0.481008, 0.441571, 0.595648, 0.63355, 0.326983],
[ 0.33417, 0.948715, 0.572594, 0.118803, 0.61263, 0.700341, 0.606453, 0.338395],
[ 0.442138, 0.732108, 0.406279, 0.584148, 0.405307, 0.50655, 0.562263, 0.475082],
[ 0.845294, 0.538347, 0.761373, 0.791598, 0.208443, 0.541553, 0.685198, 0.369092],
[ 0.56047, 0.583624, 0.517602, 0.530058, 0.59774, 0.525926, 0.346203, 0.79117],
[ 0.453175, 0.944388, 0.536457, 0.51188, 0.493218, 0.585719, 0.385305, 0.68556],
[ 0.570379, 0.944388, 0.605955, 0.5734, 0.323147, 0.70784, 0.61712, 0.354972],
[ 0.431256, 0.93554, 0.527675, 0.295876, 0.598967, 0.549929, 0.582386, 0.574993]]
140,[[ 0.587728, 0.60263, 0.616409, 0.870034, 0.0941573, 0.60189, 0.450248, 0.58934],
[ 0.837383, 0.538347, 0.616409, 0.870034, 0.0941573, 0.728356, 0.767009, 0.10369],
[ 0.402497, 0.619909, 0.426986, 0.429803, 0.70319, 0.484248, 0.484686, 0.569145],
[ 0.687992, 0.619909, 0.599676, 0.623657, 0.366327, 0.625817, 0.598884, 0.326983],
[ 0.611009, 0.944388, 0.683885, 0.584148, 0.273412, 0.672916, 0.63355, 0.346571],
[ 0.733142, 0.619909, 0.648721, 0.648928, 0.251063, 0.525926, 0.598884, 0.381655],
[ 0.669992, 0.60263, 0.503517, 0.623657, 0.425158, 0.68567, 0.35455, 0.520965],
[ 0.875051, 0.510274, 0.962317, 0.595455, 0.0994252, 0.525926, 0.524744, 0.569145],
[ 0.68096, 0.583624, 0.517602, 0.530058, 0.59774, 0.562628, 0.598884, 0.50277],
[ 0.840768, 0.619909, 0.628346, 0.551652, 0.311793, 0.748968, 0.699071, 0.276286]]
150,[[ 0.532207, 0.907273, 0.551611, 0.556038, 0.416412, 0.628748, 0.55323, 0.477938],
[ 0.70218, 0.619909, 0.628346, 0.513204, 0.366327, 0.556257, 0.721411, 0.367796],
[ 0.873896, 0.538347, 0.510516, 0.560121, 0.576228, 0.869278, 0.856913, 0.138547],
[ 0.336844, 0.939997, 0.519387, 0.464929, 0.593984, 0.639085, 0.589392, 0.496344],
[ 0.45397, 0.944388, 0.552709, 0.397968, 0.523677, 0.60582, 0.498073, 0.593488],
[ 0.517531, 0.93554, 0.659366, 0.571629, 0.288076, 0.60189, 0.492886, 0.580581],
[ 0.642533, 0.635784, 0.459898, 0.269572, 0.924727, 0.69819, 0.590569, 0.424662],
[ 0.433575, 0.931015, 0.528402, 0.475597, 0.486023, 0.660188, 0.571671, 0.428126],
[ 0.547118, 0.948715, 0.610352, 0.531379, 0.441571, 0.672916, 0.63355, 0.346571],
[ 0.716534, 0.939997, 0.688447, 0.852866, 0.0654275, 0.718811, 0.542697, 0.346571]]
160,[[ 0.572191, 0.939997, 0.561562, 0.437276, 0.593984, 0.639085, 0.589392, 0.496344],
[ 0.478169, 0.931015, 0.568218, 0.217231, 0.598967, 0.617746, 0.513922, 0.459243],
[ 0.315785, 0.939997, 0.600671, 0.49153, 0.504998, 0.581732, 0.518224, 0.580581],
[ 0.756333, 0.870318, 0.637001, 0.544852, 0.315238, 0.850117, 0.498816, 0.341315],
[ 0.477351, 0.60263, 0.272535, 0.429803, 0.867686, 0.569042, 0.642115, 0.456552],
[ 0.469212, 0.93554, 0.628346, 0.531379, 0.481767, 0.613745, 0.329723, 0.667371],
[ 0.469212, 0.944388, 0.587403, 0.258562, 0.598967, 0.660188, 0.571671, 0.428126],
[ 0.466787, 0.60263, 0.340303, 0.59698, 0.441571, 0.589461, 0.590569, 0.367796],
[ 0.450797, 0.619909, 0.263714, 0.464577, 0.67908, 0.525926, 0.63355, 0.569145],
[ 0.530468, 0.60263, 0.205133, 0.560121, 0.728374, 0.519282, 0.516606, 0.485335]]
170,[[ 0.583134, 0.948715, 0.637001, 0.544852, 0.315238, 0.60189, 0.518224, 0.580581],
[ 0.656181, 0.619909, 0.503517, 0.513204, 0.627301, 0.67968, 0.63355, 0.326983],
[ 0.620466, 0.619909, 0.569502, 0.429803, 0.783323, 0.861872, 0.873482, 0.0371105],
[ 0.277775, 0.948715, 0.591785, 0.578745, 0.366327, 0.620961, 0.542697, 0.456552],
[ 0.605374, 0.60263, 0.324581, 0.421687, 0.67908, 0.63194, 0.675583, 0.39613],
[ 0.66011, 0.60263, 0.459898, 0.338517, 0.717448, 0.63194, 0.642115, 0.39613],
[ 0.466787, 0.944388, 0.596208, 0.560753, 0.412946, 0.624843, 0.415559, 0.68556],
[ 0.772382, 0.583624, 0.551611, 0.605717, 0.525994, 0.721248, 0.65835, 0.265633],
[ 0.749968, 0.619909, 0.426986, 0.623657, 0.555657, 0.743115, 0.690402, 0.220416],
[ 0.839639, 0.583624, 0.562613, 0.579941, 0.409464, 0.839138, 0.86545, 0.0655885]]
180,[[ 0.747853, 0.583624, 0.857678, 0.708683, 0.0844398, 0.60189, 0.528402, 0.475082],
[ 0.592343, 0.92175, 0.599676, 0.564075, 0.385461, 0.685047, 0.606453, 0.338395],
[ 0.533078, 0.619909, 0.426986, 0.333769, 0.555657, 0.525926, 0.290249, 0.872727],
[ 0.482272, 0.939997, 0.338987, 0.822355, 0.218525, 0.646799, 0.476951, 0.562219],
[ 0.454765, 0.939997, 0.577007, 0.560753, 0.412946, 0.628748, 0.476951, 0.606748],
[ 0.293636, 0.939997, 0.654807, 0.5172, 0.348297, 0.726352, 0.528693, 0.363618],
[ 0.258365, 0.944388, 0.552709, 0.531379, 0.441571, 0.585719, 0.385305, 0.68556],
[ 0.740477, 0.619909, 0.466887, 0.551652, 0.488272, 0.789693, 0.699071, 0.186993],
[ 0.570379, 0.583624, 0.419857, 0.325519, 0.924727, 0.839138, 0.86545, 0.0655885],
[ 0.589572, 0.944388, 0.474875, 0.650011, 0.218525, 0.660188, 0.547936, 0.39075]]
190,[[ 0.308725, 0.948715, 0.572594, 0.555399, 0.403087, 0.422782, 0.276352, 0.85053],
[ 0.839639, 0.583624, 0.459898, 0.375664, 0.67908, 0.890539, 0.716864, 0.0934031],
[ 0.610068, 0.619909, 0.530676, 0.713333, 0.251063, 0.562628, 0.524744, 0.440262],
[ 0.487222, 0.93554, 0.623783, 0.595127, 0.198097, 0.692572, 0.571671, 0.39075],
[ 0.576736, 0.939997, 0.619265, 0.49153, 0.384803, 0.597983, 0.690402, 0.274276],
[ 0.61762, 0.583624, 0.34819, 0.568729, 0.673978, 0.628532, 0.625923, 0.320811],
[ 0.482272, 0.635784, 0.375378, 0.504974, 0.605452, 0.778944, 0.603695, 0.334204],
[ 0.559574, 0.948715, 0.674895, 0.5734, 0.323147, 0.704076, 0.566393, 0.381655],
[ 0.579473, 0.635784, 0.459898, 0.61508, 0.409464, 0.541553, 0.59471, 0.475082],
[ 0.740477, 0.60263, 0.616409, 0.870034, 0.0941573, 0.659738, 0.675583, 0.339743]]
200,[[ 0.229395, 0.95298, 0.548337, 0.295876, 0.470633, 0.597983, 0.513065, 0.525916],
[ 0.277775, 0.948715, 0.299179, 0.798614, 0.300075, 0.60189, 0.518224, 0.537688],
[ 0.42664, 0.60263, 0.544541, 0.762583, 0.272576, 0.484248, 0.484686, 0.569145],
[ 0.45397, 0.635784, 0.496602, 0.579941, 0.35247, 0.549929, 0.426032, 0.817939],
[ 0.364966, 0.944388, 0.552709, 0.454463, 0.366327, 0.692572, 0.59471, 0.354972],
[ 0.441356, 0.948715, 0.552709, 0.264061, 0.61263, 0.746831, 0.542697, 0.346571],
[ 0.466787, 0.60263, 0.390187, 0.481008, 0.728374, 0.60189, 0.492886, 0.520965],
[ 0.485569, 0.948715, 0.605955, 0.5734, 0.323147, 0.704076, 0.566393, 0.381655],
[ 0.462759, 0.944388, 0.492431, 0.486244, 0.580457, 0.672916, 0.589392, 0.456552],
[ 0.498046, 0.619909, 0.599676, 0.690494, 0.215671, 0.435352, 0.484686, 0.713369]]
210,[[ 0.506465, 0.948715, 0.605955, 0.475821, 0.554506, 0.672916, 0.542697, 0.381655],
[ 0.449216, 0.711702, 0.472176, 0.473698, 0.625587, 0.664234, 0.543275, 0.343684],
[ 0.430485, 0.931015, 0.528402, 0.475597, 0.486023, 0.660188, 0.571671, 0.428126],
[ 0.527866, 0.939997, 0.688447, 0.852866, 0.0654275, 0.740578, 0.503305, 0.477938],
[ 0.628092, 0.619909, 0.569502, 0.513204, 0.366327, 0.590912, 0.579956, 0.345387],
[ 0.450797, 0.948715, 0.591785, 0.601482, 0.366327, 0.639085, 0.566393, 0.381655],
[ 0.527, 0.619909, 0.569502, 0.513204, 0.555657, 0.595648, 0.63355, 0.440262],
[ 0.542708, 0.60263, 0.662816, 0.560121, 0.324489, 0.63194, 0.642115, 0.39613],
[ 0.474086, 0.732108, 0.622057, 0.615892, 0.30566, 0.698748, 0.625923, 0.320811],
[ 0.522684, 0.732108, 0.715843, 0.676324, 0.147836, 0.637472, 0.434001, 0.485335]]
220,[[ 0.645443, 0.619909, 0.426986, 0.513204, 0.555657, 0.727112, 0.666894, 0.276286],
[ 0.600702, 0.939997, 0.658365, 0.596084, 0.35748, 0.646799, 0.577002, 0.438212],
[ 0.326218, 0.939997, 0.561562, 0.464929, 0.54861, 0.520862, 0.160062, 0.902565],
[ 0.694053, 0.538347, 0.599676, 0.551652, 0.311793, 0.919186, 0.558575, 0.324062],
[ 0.734187, 0.619909, 0.648721, 0.648928, 0.251063, 0.525926, 0.524744, 0.569145],
[ 0.531337, 0.619909, 0.581695, 0.495921, 0.328414, 0.595648, 0.442073, 0.50277],
[ 0.498885, 0.948715, 0.572594, 0.578745, 0.403087, 0.672916, 0.542697, 0.381655],
[ 0.712416, 0.60263, 0.473949, 0.521564, 0.506708, 0.647713, 0.554482, 0.485335],
[ 0.73628, 0.60263, 0.576486, 0.481008, 0.650124, 0.673757, 0.625125, 0.424662],
[ 0.410706, 0.944388, 0.514935, 0.459671, 0.626679, 0.556257, 0.561167, 0.485335]]
230,[[ 0.153187, 0.944388, 0.536457, 0.51188, 0.493218, 0.422782, 0.276352, 0.85053],
[ 0.579473, 0.60263, 0.205133, 0.666508, 0.506708, 0.653693, 0.524744, 0.50277],
[ 0.345622, 0.948715, 0.645819, 0.555399, 0.297977, 0.520862, 0.160062, 0.902565],
[ 0.480628, 0.93554, 0.623783, 0.571629, 0.198097, 0.549929, 0.582386, 0.574993],
[ 0.465173, 0.95298, 0.493173, 0.377592, 0.695662, 0.66915, 0.606453, 0.372809],
[ 0.183842, 0.939997, 0.671845, 0.49153, 0.463157, 0.520862, 0.160062, 0.902565],
[ 0.499724, 0.619909, 0.599676, 0.472731, 0.366327, 0.419736, 0.46863, 0.817939],
[ 0.527866, 0.948715, 0.552709, 0.531379, 0.441571, 0.66915, 0.606453, 0.372809],
[ 0.598838, 0.944388, 0.674895, 0.5734, 0.323147, 0.60582, 0.498073, 0.549785],
[ 0.463563, 0.939997, 0.487996, 0.578745, 0.441571, 0.628748, 0.55323, 0.477938]]
240,[[ 0.401015, 0.926419, 0.505943, 0.552946, 0.404388, 0.707971, 0.593328, 0.391068],
[ 0.692029, 0.619909, 0.599676, 0.551652, 0.311793, 0.547408, 0.500221, 0.677653],
[ 0.483095, 0.619909, 0.503517, 0.429803, 0.425158, 0.727112, 0.598884, 0.276286],
[ 0.452382, 0.944388, 0.614786, 0.560753, 0.375433, 0.672916, 0.492886, 0.456552],
[ 0.601635, 0.944388, 0.596208, 0.629165, 0.339667, 0.692572, 0.571671, 0.39075],
[ 0.490538, 0.926419, 0.595059, 0.558481, 0.375752, 0.660188, 0.571671, 0.428126],
[ 0.636734, 0.583624, 0.569502, 0.513204, 0.366327, 0.608188, 0.541393, 0.610428],
[ 0.515819, 0.619909, 0.503517, 0.472731, 0.488272, 0.595648, 0.484686, 0.50277],
[ 0.564962, 0.944388, 0.610352, 0.578745, 0.481767, 0.67671, 0.638959, 0.354972],
[ 0.663066, 0.619909, 0.426986, 0.513204, 0.555657, 0.435352, 0.562699, 0.569145]]
250,[[ 0.411457, 0.944388, 0.536457, 0.51188, 0.493218, 0.639085, 0.589392, 0.496344],
[ 0.67696, 0.902281, 0.485894, 0.703925, 0.347004, 0.730167, 0.605511, 0.2709],
[ 0.607249, 0.583624, 0.583568, 0.740829, 0.19044, 0.595648, 0.63355, 0.326983],
[ 0.609127, 0.635784, 0.459898, 0.504974, 0.470633, 0.589461, 0.690402, 0.220416],
[ 0.579473, 0.619909, 0.426986, 0.429803, 0.70319, 0.374702, 0.442073, 0.872727],
[ 0.781021, 0.538347, 0.602467, 0.524382, 0.366327, 0.728356, 0.767009, 0.10369],
[ 0.442921, 0.948715, 0.587403, 0.217231, 0.51173, 0.60189, 0.518224, 0.580581],
[ 0.455561, 0.583624, 0.332436, 0.383797, 0.783323, 0.638126, 0.579529, 0.539969],
[ 0.446062, 0.619909, 0.426986, 0.513204, 0.555657, 0.519282, 0.434001, 0.765497],
[ 0.435125, 0.944388, 0.510516, 0.506609, 0.567302, 0.692572, 0.571671, 0.39075]]
260,[[ 0.652264, 0.619909, 0.459898, 0.325519, 0.838727, 0.595648, 0.63355, 0.326983],
[ 0.491369, 0.948715, 0.552709, 0.506609, 0.481767, 0.688797, 0.542697, 0.381655],
[ 0.488879, 0.939997, 0.58146, 0.49153, 0.463157, 0.585719, 0.415559, 0.638748],
[ 0.745741, 0.60263, 0.655715, 0.551652, 0.366327, 0.443109, 0.571048, 0.456552],
[ 0.437456, 0.944388, 0.557115, 0.403164, 0.674634, 0.746831, 0.542697, 0.346571],
[ 0.950816, 0.538347, 0.503517, 0.513204, 0.555657, 0.919186, 0.558575, 0.324062],
[ 0.452382, 0.619909, 0.375378, 0.504974, 0.605452, 0.595648, 0.598884, 0.381655],
[ 0.622367, 0.619909, 0.503517, 0.623657, 0.425158, 0.595648, 0.484686, 0.50277],
[ 0.277775, 0.944388, 0.514935, 0.228833, 0.626679, 0.692572, 0.59471, 0.354972],
[ 0.554216, 0.926419, 0.64139, 0.550098, 0.323147, 0.675725, 0.569431, 0.391068]]
270,[[ 0.781021, 0.432073, 0.979981, 1, 0.000201775, 0.589461, 0.690402, 0.220416],
[ 0.520104, 0.619909, 0.581695, 0.531964, 0.328414, 0.595648, 0.562699, 0.381655],
[ 0.223518, 0.939997, 0.654807, 0.234628, 0.740694, 0.726352, 0.246245, 0.749825],
[ 0.580387, 0.619909, 0, 0.551652, 0.555657, 0.589461, 0.590569, 0.367796],
[ 0.548888, 0.944388, 0.536457, 0.51188, 0.493218, 0.656371, 0.65481, 0.313072],
[ 0.59977, 0.635784, 0.496602, 0.579941, 0.35247, 0.589461, 0.590569, 0.367796],
[ 0.334837, 0.939997, 0.637001, 0.544852, 0.315238, 0.740578, 0.503305, 0.477938],
[ 0.612894, 0.60263, 0.496602, 0.504974, 0.535966, 0.443109, 0.571048, 0.456552],
[ 0.339532, 0.948715, 0.628346, 0.531379, 0.481767, 0.581732, 0.492886, 0.580581],
[ 0.487222, 0.60263, 0.510516, 0.521564, 0.441571, 0.60189, 0.533004, 0.456552]]
280,[[ 0.817234, 0.60263, 0.799834, 0.84139, 0.104116, 0.659738, 0.675583, 0.339743],
[ 0.493867, 0.944388, 0.50178, 0.325089, 0.828442, 0.660188, 0.547936, 0.39075],
[ 0.488879, 0.619909, 0.382761, 0.429803, 0.70319, 0.67968, 0.699071, 0.229606],
[ 0.747853, 0.60263, 0.628346, 0.513204, 0.311793, 0.68567, 0.234472, 0.661651],
[ 0.651288, 0.619909, 0.406279, 0.551209, 0.460271, 0.625817, 0.598884, 0.326983],
[ 0.689, 0.619909, 0.599676, 0.551652, 0.311793, 0.60189, 0.59471, 0.420526],
[ 0.695066, 0.619909, 0.503517, 0.58839, 0.425158, 0.727112, 0.63355, 0.326983],
[ 0.73628, 0.60263, 0.689102, 0.822355, 0.109486, 0.60189, 0.59471, 0.420526],
[ 0.691018, 0.60263, 0.426986, 0.58839, 0.366327, 0.775717, 0.642115, 0.239225],
[ 0.633846, 0.60263, 0.263714, 0.464577, 0.67908, 0.945832, 0.883137, 0.00947118]]
290,[[ 0.487222, 0.948715, 0.572594, 0.578745, 0.403087, 0.746831, 0.715799, 0.195189],
[ 0.773459, 0.619909, 0.592765, 0.504974, 0.470633, 0.67968, 0.63355, 0.326983],
[ 0.746796, 0.619909, 0.655715, 0.657642, 0.261569, 0.673757, 0.625125, 0.424662],
[ 0.567667, 0.619909, 0.599676, 0.551652, 0.311793, 0.721248, 0.65835, 0.265633],
[ 0.584969, 0.60263, 0.599676, 0.551652, 0.311793, 0.63194, 0.642115, 0.456552],
[ 0.7032, 0.619909, 0.466887, 0.383797, 0.70319, 0.67968, 0.562699, 0.326983],
[ 0.692029, 0.60263, 0.340303, 0.699506, 0.324489, 0.60189, 0.533004, 0.661651],
[ 0.458752, 0.931015, 0.528402, 0.475597, 0.486023, 0.646799, 0.577002, 0.438212],
[ 0.359378, 0.931015, 0.528402, 0.388722, 0.622221, 0.585719, 0.385305, 0.68556],
[ 0.879682, 0.538347, 0.873696, 0.760026, 0.0658655, 0.833087, 0.712764, 0.303087]]
300,[[ 0.629048, 0.619909, 0.426986, 0.623657, 0.555657, 0.525926, 0.562699, 0.50277],
[ 0.414468, 0.619909, 0.537564, 0.513204, 0.488272, 0.556257, 0.281613, 0.927686],
[ 0.204385, 0.944388, 0.519029, 0.352208, 0.617144, 0.692572, 0.571671, 0.39075],
[ 0.470023, 0.939997, 0.4969, 0.464929, 0.593984, 0.688797, 0.518224, 0.381655],
[ 0.454765, 0.948715, 0.662816, 0.506609, 0.297977, 0.672916, 0.492886, 0.456552],
[ 0.718599, 0.870318, 0.806505, 0.486995, 0.326054, 0.70784, 0.61712, 0.354972],
[ 0.488879, 0.944388, 0.557115, 0.403164, 0.580457, 0.718811, 0.566393, 0.313072],
[ 0.338186, 0.948715, 0.610352, 0.623657, 0.366327, 0.60189, 0.492886, 0.580581],
[ 0.402497, 0.944388, 0.544002, 0.253075, 0.585672, 0.660188, 0.571671, 0.428126],
[ 0.462759, 0.948715, 0.610352, 0.555399, 0.481767, 0.685047, 0.606453, 0.338395]]
310,[[ 0.616673, 0.619909, 0.503517, 0.472731, 0.488272, 0.619753, 0.554482, 0.367796],
[ 0.303016, 0.948715, 0.591785, 0.601482, 0.366327, 0.746831, 0.611761, 0.281176],
[ 0.462759, 0.931015, 0.60972, 0.600706, 0.295746, 0.685047, 0.606453, 0.372809],
[ 0.586808, 0.538347, 0.459898, 0.269572, 0.924727, 0.919186, 0.913219, 0.0281707],
[ 0.255493, 0.944388, 0.557115, 0.403164, 0.674634, 0.639085, 0.566393, 0.418316],
[ 0.549774, 0.619909, 0.466887, 0.383797, 0.70319, 0.60189, 0.528402, 0.475082],
[ 0.548888, 0.93554, 0.623783, 0.595127, 0.171768, 0.656371, 0.589392, 0.381655],
[ 0.445276, 0.939997, 0.58146, 0.5172, 0.463157, 0.568457, 0.420774, 0.700558],
[ 0.59605, 0.93554, 0.523875, 0.662197, 0.357178, 0.746831, 0.611761, 0.281176],
[ 0.250371, 0.948715, 0.591785, 0.506609, 0.481767, 0.656371, 0.466568, 0.580581]]
320,[[ 0.684973, 0.619909, 0.426986, 0.472731, 0.627301, 0.589461, 0.625125, 0.314774],
[ 0.517531, 0.60263, 0.576486, 0.666508, 0.380824, 0.612417, 0.434001, 0.485335],
[ 0.533078, 0.619909, 0.426986, 0.513204, 0.555657, 0.519282, 0.434001, 0.765497],
[ 0.454765, 0.619909, 0.503517, 0.472731, 0.783323, 0.549929, 0.546391, 0.597486],
[ 0.297368, 0.939997, 0.561562, 0.464929, 0.54861, 0.656371, 0.466568, 0.580581],
[ 0.641564, 0.619909, 0.599676, 0.551652, 0.311793, 0.776914, 0.685198, 0.159833],
[ 0.493034, 0.931015, 0.528402, 0.475597, 0.486023, 0.646799, 0.476951, 0.562219],
[ 0.299871, 0.939997, 0.619265, 0.234628, 0.79311, 0.60582, 0.471736, 0.638748],
[ 0.538318, 0.939997, 0.540901, 0.464929, 0.593984, 0.639085, 0.518224, 0.496344],
[ 0.516675, 0.948715, 0.510516, 0.555399, 0.441571, 0.672916, 0.542697, 0.381655]]
330,[[ 0.474901, 0.619909, 0.382761, 0.472731, 0.627301, 0.647713, 0.554482, 0.485335],
[ 0.470023, 0.948715, 0.572594, 0.578745, 0.366327, 0.552226, 0.482654, 0.514456],
[ 0.857812, 0.476232, 0.873696, 0.99303, 0, 0.882087, 0.614907, 0.294648],
[ 0.628092, 0.619909, 0.426986, 0.513204, 0.555657, 0.683094, 0.867348, 0.141948],
[ 0.540072, 0.92175, 0.452983, 0.571629, 0.561611, 0.67968, 0.574944, 0.400755],
[ 0.569474, 0.619909, 0.426986, 0.383797, 0.488272, 0.419736, 0.46863, 0.817939],
[ 0.670985, 0.60263, 0.272535, 0.551652, 0.627301, 0.73305, 0.571048, 0.339743],
[ 0.350402, 0.944388, 0.527675, 0.295876, 0.598967, 0.776914, 0.61712, 0.257366],
[ 0.225112, 0.948715, 0.572594, 0.645319, 0.297977, 0.620961, 0.518224, 0.456552],
[ 0.502246, 0.60263, 0.473949, 0.632381, 0.441571, 0.525926, 0.524744, 0.569145]]
340,[[ 0.524408, 0.635784, 0.419857, 0.54332, 0.535966, 0.637472, 0.434001, 0.485335],
[ 0.912485, 0.538347, 0.914627, 0.852362, 0.0242009, 0.595648, 0.484686, 0.50277],
[ 0.721701, 0.870318, 0.806505, 0.486995, 0.326054, 0.609771, 0.528693, 0.477938],
[ 0.514111, 0.944388, 0.577007, 0.486244, 0.493218, 0.656371, 0.542697, 0.456552],
[ 0.83851, 0.60263, 0.785178, 0.70449, 0.288076, 0.710032, 0.675583, 0.339743],
[ 0.293636, 0.948715, 0.510516, 0.481008, 0.567302, 0.60189, 0.492886, 0.580581],
[ 0.665041, 0.635784, 0.530676, 0.464577, 0.535966, 0.549929, 0.426032, 0.817939],
[ 0.501404, 0.944388, 0.577007, 0.584148, 0.375433, 0.660188, 0.498073, 0.507654],
[ 0.23755, 0.95298, 0.506132, 0.501394, 0.51173, 0.597983, 0.513065, 0.525916],
[ 0.487222, 0.635784, 0.459898, 0.325519, 0.838727, 0.556257, 0.337928, 0.844769]]
350,[[ 0.520104, 0.60263, 0, 0.551652, 0.555657, 0.659738, 0.675583, 0.339743],
[ 0.747853, 0.583624, 0.551611, 0.568729, 0.525994, 0.63194, 0.642115, 0.39613],
[ 0.54095, 0.60263, 0.602467, 0.524382, 0.366327, 0.710032, 0.298926, 0.58934],
[ 0.508159, 0.944388, 0.577007, 0.403164, 0.580457, 0.613267, 0.507951, 0.688683],
[ 0.423578, 0.948715, 0.548337, 0.295876, 0.470633, 0.60189, 0.542697, 0.496344],
[ 0.791896, 0.583624, 0.575375, 0.591808, 0.366327, 0.856858, 0.808402, 0.0934031],
[ 0.301127, 0.939997, 0.64139, 0.550098, 0.323147, 0.646799, 0.476951, 0.562219],
[ 0.355219, 0.948715, 0.605955, 0.475821, 0.554506, 0.746831, 0.611761, 0.281176],
[ 0.425873, 0.60263, 0.340303, 0.59698, 0.650124, 0.562628, 0.396246, 0.713369],
[ 0.72585, 0.538347, 0.443868, 0.584148, 0.460271, 0.869278, 0.856913, 0.138547]]
360,[[ 0.503088, 0.732108, 0.718322, 0.561831, 0.318975, 0.50655, 0.528402, 0.532745],
[ 0.538318, 0.741669, 0.566046, 0.276807, 0.675721, 0.59638, 0.521112, 0.460187],
[ 0.337515, 0.939997, 0.619265, 0.234628, 0.79311, 0.746831, 0.589392, 0.313072],
[ 0.512407, 0.907273, 0.551611, 0.556038, 0.416412, 0.646799, 0.577002, 0.438212],
[ 0.475717, 0.907273, 0.45505, 0.652815, 0.376092, 0.639085, 0.589392, 0.496344],
[ 0.565863, 0.939997, 0.679369, 0.601482, 0.366327, 0.664031, 0.503305, 0.477938],
[ 0.56857, 0.93554, 0.623783, 0.595127, 0.171768, 0.711633, 0.600083, 0.328771],
[ 0.706265, 0.939997, 0.75105, 0.834648, 0.0654275, 0.664031, 0.503305, 0.477938],
[ 0.584051, 0.619909, 0.426986, 0.429803, 0.70319, 0.628532, 0.625923, 0.320811],
[ 0.486395, 0.907273, 0.551611, 0.556038, 0.416412, 0.656371, 0.65481, 0.313072]]
370,[[ 0.439013, 0.931015, 0.505943, 0.552946, 0.404388, 0.646799, 0.55323, 0.438212],
[ 0.409206, 0.619909, 0.332436, 0.383797, 0.783323, 0.589461, 0.388126, 0.765497],
[ 0.496372, 0.619909, 0.459898, 0.464577, 0.605452, 0.595648, 0.484686, 0.713369],
[ 0.515819, 0.60263, 0.390187, 0.632381, 0.380824, 0.69819, 0.590569, 0.424662],
[ 0.761662, 0.619909, 0.655715, 0.551652, 0.366327, 0.625817, 0.598884, 0.326983],
[ 0.74891, 0.60263, 0.544541, 0.560121, 0.380824, 0.727112, 0.598884, 0.276286],
[ 0.586808, 0.619909, 0.426986, 0.513204, 0.555657, 0.667899, 0.546391, 0.46863],
[ 0.714474, 0.60263, 0.459898, 0.504974, 0.470633, 0.710032, 0.298926, 0.58934],
[ 0.169471, 0.939997, 0.519387, 0.464929, 0.593984, 0.422782, 0.276352, 0.85053],
[ 0.478169, 0.939997, 0.58146, 0.542051, 0.423094, 0.656371, 0.492886, 0.537688]]
380,[[ 0.956887, 0.476232, 0.674895, 0.681638, 0.206678, 0.882087, 0.614907, 0.294648],
[ 0.642533, 0.939997, 0.610352, 0.555399, 0.481767, 0.79331, 0.839692, 0.0731302],
[ 0.457953, 0.944388, 0.557115, 0.403164, 0.580457, 0.672916, 0.542697, 0.381655],
[ 0.795175, 0.619909, 0.681944, 0.722335, 0.215671, 0.583325, 0.582386, 0.531226],
[ 0.577648, 0.583624, 0.517602, 0.708683, 0.45874, 0.63194, 0.642115, 0.456552],
[ 0.802856, 0.870318, 0.806505, 0.486995, 0.326054, 0.715085, 0.561167, 0.372809],
[ 0.493034, 0.619909, 0.503517, 0.58839, 0.425158, 0.590912, 0.579956, 0.345387],
[ 0.645443, 0.60263, 0.621399, 0.61508, 0.409464, 0.710032, 0.298926, 0.58934],
[ 0.360074, 0.944388, 0.542723, 0.586688, 0.524354, 0.660188, 0.571671, 0.428126],
[ 0.719632, 0.60263, 0.503517, 0.513204, 0.488272, 0.710032, 0.675583, 0.339743]]
390,[[ 0.482272, 0.619909, 0.602467, 0.524382, 0.366327, 0.484248, 0.346203, 0.79117],
[ 0.272996, 0.931015, 0.548337, 0.295876, 0.470633, 0.617746, 0.487526, 0.500549],
[ 0.322937, 0.944388, 0.596208, 0.37284, 0.535966, 0.67671, 0.385305, 0.549785],
[ 0.45397, 0.619909, 0.459898, 0.464577, 0.605452, 0.595648, 0.598884, 0.440262],
[ 0.525271, 0.948715, 0.645819, 0.555399, 0.366327, 0.60189, 0.518224, 0.537688],
[ 0.70218, 0.619909, 0.599676, 0.551652, 0.311793, 0.60189, 0.528402, 0.475082],
[ 0.74258, 0.635784, 0.459898, 0.375664, 0.67908, 0.838298, 0.907446, 0.0181158],
[ 0.457155, 0.583624, 0.382761, 0.429803, 0.70319, 0.608188, 0.501207, 0.610428],
[ 0.482272, 0.944388, 0.514935, 0.486244, 0.535966, 0.620961, 0.518224, 0.456552],
[ 0.495536, 0.939997, 0.688447, 0.852866, 0.0654275, 0.66915, 0.584129, 0.372809]]
400,[[ 0.657162, 0.60263, 0.503517, 0.513204, 0.555657, 0.710032, 0.298926, 0.58934],
[ 0.523545, 0.93554, 0.368038, 0.945287, 0.138002, 0.667899, 0.628015, 0.2709],
[ 0.520104, 0.944388, 0.577007, 0.560753, 0.412946, 0.656371, 0.589392, 0.381655],
[ 0.420529, 0.944388, 0.650292, 0.51188, 0.30566, 0.718811, 0.542697, 0.346571],
[ 0.36919, 0.944388, 0.577007, 0.560753, 0.412946, 0.660188, 0.571671, 0.428126],
[ 0.644472, 0.538347, 0.544541, 0.59698, 0.441571, 0.728356, 0.767009, 0.10369],
[ 0.72897, 0.619909, 0.503517, 0.429803, 0.627301, 0.595648, 0.63355, 0.326983],
[ 0.412961, 0.948715, 0.572594, 0.578745, 0.403087, 0.661693, 0.297473, 0.629422],
[ 0.447637, 0.619909, 0.49217, 0.421687, 0.717448, 0.595648, 0.484686, 0.50277],
[ 0.50562, 0.60263, 0.510516, 0.521564, 0.650124, 0.60189, 0.533004, 0.661651]]
410,[[ 0.466787, 0.948715, 0.674895, 0.5734, 0.323147, 0.60189, 0.566393, 0.456552],
[ 0.743633, 0.619909, 0.599676, 0.58839, 0.311793, 0.573073, 0.59471, 0.420526],
[ 0.344942, 0.93554, 0.58595, 0.618021, 0.256255, 0.60189, 0.518224, 0.537688],
[ 0.700143, 0.538347, 0.914627, 0.852362, 0.0242009, 0.743115, 0.690402, 0.220416],
[ 0.396586, 0.944388, 0.492431, 0.486244, 0.580457, 0.581732, 0.492886, 0.580581],
[ 0.261254, 0.939997, 0.44841, 0.408399, 0.690029, 0.646799, 0.577002, 0.438212],
[ 0.639629, 0.939997, 0.735919, 0.834648, 0.0654275, 0.685047, 0.584129, 0.338395],
[ 0.484743, 0.619909, 0.419857, 0.54332, 0.470633, 0.653693, 0.598884, 0.569145],
[ 0.326876, 0.944388, 0.557115, 0.560753, 0.412946, 0.700341, 0.606453, 0.338395],
[ 0.477351, 0.944388, 0.700053, 0.51188, 0.375433, 0.60189, 0.542697, 0.496344]]
420,[[ 0.453175, 0.948715, 0.532047, 0.454463, 0.567302, 0.656371, 0.65481, 0.313072],
[ 0.800657, 0.60263, 0.762341, 0.822355, 0.109486, 0.561828, 0.610998, 0.394121],
[ 0.470834, 0.93554, 0.623783, 0.595127, 0.171768, 0.66915, 0.537506, 0.525916],
[ 0.564962, 0.619909, 0.382761, 0.429803, 0.70319, 0.704076, 0.598884, 0.326983],
[ 0.466787, 0.619909, 0.466887, 0.58839, 0.488272, 0.519282, 0.434001, 0.765497],
[ 0.628092, 0.60263, 0.340303, 0.59698, 0.441571, 0.710032, 0.404454, 0.456552],
[ 0.679959, 0.619909, 0.503517, 0.513204, 0.488272, 0.595648, 0.598884, 0.440262],
[ 0.570379, 0.944388, 0.577007, 0.403164, 0.580457, 0.746831, 0.715799, 0.195189],
[ 0.652264, 0.619909, 0.426986, 0.623657, 0.555657, 0.595648, 0.598884, 0.381655],
[ 0.733142, 0.619909, 0.426986, 0.623657, 0.555657, 0.67968, 0.63355, 0.381655]]
430,[[ 0.478988, 0.948715, 0.510516, 0.555399, 0.441571, 0.656371, 0.542697, 0.496344],
[ 0.637698, 0.635784, 0.648721, 0.648928, 0.251063, 0.519282, 0.516606, 0.485335],
[ 0.503931, 0.944388, 0.596208, 0.560753, 0.412946, 0.66915, 0.606453, 0.372809],
[ 0.422815, 0.939997, 0.519387, 0.49153, 0.54861, 0.672916, 0.589392, 0.456552],
[ 0.408457, 0.60263, 0.473949, 0.392025, 0.897921, 0.595648, 0.484686, 0.50277],
[ 0.622367, 0.948715, 0.591785, 0.506609, 0.403087, 0.73305, 0.589392, 0.418316],
[ 0.205394, 0.948715, 0.591785, 0.578745, 0.331291, 0.597983, 0.513065, 0.525916],
[ 0.449216, 0.944388, 0.596208, 0.560753, 0.412946, 0.672916, 0.589392, 0.456552],
[ 0.537443, 0.939997, 0.557115, 0.403164, 0.674634, 0.609771, 0.528693, 0.477938],
[ 0.474901, 0.619909, 0.503517, 0.58839, 0.425158, 0.586386, 0.359595, 0.630848]]
440,[[ 0.151482, 0.944388, 0.493173, 0.377592, 0.695662, 0.660188, 0.547936, 0.39075],
[ 0.571285, 0.60263, 0.599676, 0.551652, 0.311793, 0.60189, 0.607334, 0.339743],
[ 0.763799, 0.583624, 0.814984, 0.802494, 0.0844398, 0.856858, 0.808402, 0.0934031],
[ 0.727929, 0.583624, 0.517602, 0.530058, 0.59774, 0.727112, 0.666894, 0.276286],
[ 0.48805, 0.60263, 0.340303, 0.59698, 0.441571, 0.653376, 0.455412, 0.724127],
[ 0.483095, 0.944388, 0.536457, 0.51188, 0.493218, 0.685047, 0.606453, 0.338395],
[ 0.758462, 0.510274, 0.599676, 0.722335, 0.174116, 0.875632, 0.867018, 0.109248],
[ 0.539195, 0.948715, 0.532047, 0.506609, 0.481767, 0.746831, 0.611761, 0.281176],
[ 0.467594, 0.619909, 0.466887, 0.472731, 0.555657, 0.595648, 0.442073, 0.50277],
[ 0.285643, 0.944388, 0.591785, 0.223033, 0.523677, 0.60582, 0.498073, 0.593488]]
450,[[ 0.72585, 0.583624, 0.517602, 0.568729, 0.59774, 0.659738, 0.675583, 0.339743],
[ 0.611951, 0.60263, 0.340303, 0.560121, 0.441571, 0.595648, 0.562699, 0.381655],
[ 0.301127, 0.939997, 0.654807, 0.234628, 0.740694, 0.67671, 0.59471, 0.39075],
[ 0.336175, 0.944388, 0.563881, 0.325089, 0.38419, 0.776914, 0.59471, 0.257366],
[ 0.283209, 0.939997, 0.619265, 0.234628, 0.79311, 0.545732, 0.4495, 0.652867],
[ 0.521823, 0.619909, 0.655715, 0.623657, 0.311793, 0.547408, 0.500221, 0.677653],
[ 0.389997, 0.948715, 0.628346, 0.555399, 0.441571, 0.520862, 0.160062, 0.902565],
[ 0.574916, 0.635784, 0.621399, 0.579941, 0.470633, 0.628532, 0.625923, 0.320811],
[ 0.288089, 0.944388, 0.557115, 0.560753, 0.412946, 0.60582, 0.498073, 0.593488],
[ 0.712416, 0.635784, 0.459898, 0.504974, 0.470633, 0.619753, 0.65835, 0.314774]]
460,[[ 0.532207, 0.939997, 0.688447, 0.852866, 0.0654275, 0.672916, 0.589392, 0.456552],
[ 0.821687, 0.476232, 0.452983, 0.535121, 0.655985, 0.899316, 0.721411, 0.242533],
[ 0.537443, 0.619909, 0.503517, 0.690494, 0.311793, 0.727112, 0.63355, 0.326983],
[ 0.587728, 0.650495, 0.523875, 0.571629, 0.655985, 0.776914, 0.685198, 0.159833],
[ 0.533949, 0.939997, 0.58146, 0.5172, 0.423094, 0.672916, 0.589392, 0.381655],
[ 0.502246, 0.944388, 0.514935, 0.403164, 0.626679, 0.656371, 0.492886, 0.537688],
[ 0.520963, 0.60263, 0.426986, 0.278129, 0.867686, 0.710032, 0.298926, 0.58934],
[ 0.544469, 0.583624, 0.289998, 0.446368, 0.754686, 0.484248, 0.442073, 0.639356],
[ 0.533949, 0.939997, 0.596208, 0.560753, 0.412946, 0.628748, 0.55323, 0.477938],
[ 0.528733, 0.60263, 0.510516, 0.632381, 0.441571, 0.595648, 0.484686, 0.50277]]
470,[[ 0.658144, 0.60263, 0.434173, 0.632381, 0.380824, 0.647713, 0.554482, 0.549785],
[ 0.678958, 0.635784, 0.530676, 0.713333, 0.251063, 0.616901, 0.544786, 0.42979],
[ 0.520104, 0.961335, 0.314991, 0.758024, 0.302048, 0.692951, 0.718678, 0.291115],
[ 0.472458, 0.619909, 0.382761, 0.472731, 0.627301, 0.727112, 0.63355, 0.326983],
[ 0.704221, 0.60263, 0.510516, 0.666508, 0.380824, 0.625817, 0.63355, 0.50277],
[ 0.684973, 0.60263, 0.510516, 0.560121, 0.576228, 0.595648, 0.442073, 0.50277],
[ 0.674965, 0.60263, 0.622341, 0.522008, 0.403511, 0.710032, 0.675583, 0.339743],
[ 0.438234, 0.619909, 0.272535, 0.551652, 0.627301, 0.625817, 0.598884, 0.326983],
[ 0.553326, 0.562426, 0.448761, 0.614607, 0.47672, 0.704076, 0.406523, 0.42979],
[ 0.439793, 0.619909, 0.317386, 0.481008, 0.580457, 0.525926, 0.598884, 0.381655]]
480,[[ 0.811687, 0.583624, 0.648721, 0.648928, 0.251063, 0.839138, 0.86545, 0.0655885],
[ 0.607249, 0.619909, 0.426986, 0.513204, 0.555657, 0.529925, 0.54766, 0.500549],
[ 0.427407, 0.619909, 0.496602, 0.61508, 0.299665, 0.525926, 0.290249, 0.872727],
[ 0.730012, 0.538347, 0.894405, 0.910365, 0.0242009, 0.60189, 0.589392, 0.405924],
[ 0.548888, 0.60263, 0.635395, 0.392025, 0.441571, 0.710032, 0.404454, 0.456552],
[ 0.266501, 0.948715, 0.568218, 0.217231, 0.598967, 0.60189, 0.518224, 0.456552],
[ 0.522684, 0.619909, 0.426986, 0.58839, 0.366327, 0.595648, 0.484686, 0.50277],
[ 0.31514, 0.931015, 0.528402, 0.475597, 0.486023, 0.660188, 0.571671, 0.428126],
[ 0.488879, 0.931015, 0.60972, 0.600706, 0.295746, 0.685047, 0.537506, 0.408773],
[ 0.212538, 0.939997, 0.510516, 0.481008, 0.523677, 0.545732, 0.4495, 0.652867]]
490,[[ 0.494701, 0.931015, 0.528402, 0.388722, 0.622221, 0.667899, 0.628015, 0.2709],
[ 0.707288, 0.619909, 0.382761, 0.429803, 0.70319, 0.778944, 0.603695, 0.334204],
[ 0.619517, 0.635784, 0.737356, 0.839388, 0.0661689, 0.589461, 0.590569, 0.367796],
[ 0.42129, 0.732108, 0.522374, 0.459365, 0.416884, 0.573073, 0.625923, 0.320811],
[ 0.27958, 0.93554, 0.605174, 0.383386, 0.561611, 0.688797, 0.518224, 0.381655],
[ 0.453175, 0.939997, 0.58146, 0.5172, 0.463157, 0.60189, 0.492886, 0.580581],
[ 0.657162, 0.619909, 0.459898, 0.713333, 0.35247, 0.595648, 0.562699, 0.381655],
[ 0.718599, 0.619909, 0.503517, 0.513204, 0.555657, 0.743115, 0.690402, 0.265633],
[ 0.22193, 0.948715, 0.572594, 0.506609, 0.441571, 0.672916, 0.542697, 0.381655],
[ 0.326218, 0.939997, 0.596208, 0.560753, 0.412946, 0.589729, 0.476951, 0.606748]]
500,[[ 0.280183, 0.939997, 0.561562, 0.542051, 0.423094, 0.639085, 0.518224, 0.496344],
[ 0.630965, 0.60263, 0.466887, 0.472731, 0.488272, 0.569042, 0.607334, 0.39613],
[ 0.595122, 0.635784, 0.419857, 0.54332, 0.535966, 0.586386, 0.359595, 0.630848],
[ 0.285643, 0.939997, 0.577007, 0.560753, 0.412946, 0.646799, 0.577002, 0.438212],
[ 0.637698, 0.619909, 0.426986, 0.513204, 0.555657, 0.589461, 0.690402, 0.220416],
[ 0.306815, 0.931015, 0.549906, 0.475597, 0.486023, 0.520862, 0.160062, 0.902565],
[ 0.412208, 0.948715, 0.338987, 0.822355, 0.218525, 0.60189, 0.518224, 0.537688],
[ 0.489708, 0.635784, 0.452983, 0.535121, 0.655985, 0.69819, 0.625125, 0.424662],
[ 0.813903, 0.538347, 0.894405, 0.910365, 0.0242009, 0.710032, 0.298926, 0.58934],
[ 0.294877, 0.931015, 0.528402, 0.475597, 0.486023, 0.656371, 0.589392, 0.418316]]
510,[[ 0.57856, 0.95298, 0.299179, 0.798614, 0.300075, 0.597983, 0.690402, 0.274276],
[ 0.719632, 0.732108, 0.758236, 0.584148, 0.219808, 0.573073, 0.625923, 0.320811],
[ 0.316432, 0.965427, 0.593002, 0.347134, 0.603723, 0.67396, 0.359595, 0.616287],
[ 0.243634, 0.944388, 0.514935, 0.228833, 0.626679, 0.60582, 0.471736, 0.638748],
[ 0.569474, 0.60263, 0.599676, 0.551652, 0.311793, 0.659738, 0.492886, 0.661651],
[ 0.198884, 0.944388, 0.514935, 0.228833, 0.626679, 0.639085, 0.466568, 0.381655],
[ 0.347666, 0.939997, 0.552709, 0.397968, 0.523677, 0.680531, 0.503305, 0.519278],
[ 0.557785, 0.939997, 0.600671, 0.566164, 0.384803, 0.597983, 0.690402, 0.274276],
[ 0.772382, 0.60263, 0.689102, 0.822355, 0.109486, 0.556257, 0.281613, 0.927686],
[ 0.258365, 0.944388, 0.587403, 0.258562, 0.598967, 0.585719, 0.415559, 0.638748]]
520,[[ 0.469212, 0.60263, 0.205133, 0.560121, 0.728374, 0.63194, 0.675583, 0.39613],
[ 0.266501, 0.939997, 0.514935, 0.459671, 0.626679, 0.545732, 0.4495, 0.652867],
[ 0.398059, 0.732108, 0.556883, 0.345694, 0.671275, 0.60189, 0.415559, 0.724127],
[ 0.83851, 0.365855, 0.742635, 0.733351, 0.200508, 0.67968, 0.666894, 0.326983],
[ 0.462759, 0.92175, 0.610352, 0.578745, 0.481767, 0.67968, 0.574944, 0.400755],
[ 0.450006, 0.583624, 0.397664, 0.350512, 0.839865, 0.625817, 0.63355, 0.50277],
[ 0.770231, 0.583624, 0.205133, 0.666508, 0.506708, 0.856858, 0.808402, 0.0934031],
[ 0.395116, 0.931015, 0.528402, 0.50226, 0.444285, 0.533236, 0.584129, 0.525916],
[ 0.666029, 0.60263, 0.426986, 0.513204, 0.555657, 0.63194, 0.675583, 0.39613],
[ 0.504775, 0.944388, 0.658365, 0.550098, 0.323147, 0.642928, 0.498073, 0.507654]]
530,[[ 0.504775, 0.944388, 0.536457, 0.403164, 0.674634, 0.692572, 0.59471, 0.354972],
[ 0.54095, 0.939997, 0.596208, 0.560753, 0.412946, 0.628748, 0.55323, 0.477938],
[ 0.459552, 0.939997, 0.58146, 0.464929, 0.54861, 0.597983, 0.690402, 0.274276],
[ 0.364966, 0.948715, 0.674895, 0.5734, 0.323147, 0.704076, 0.566393, 0.381655],
[ 0.401015, 0.7597, 0.425079, 0.338517, 0.93577, 0.586386, 0.359595, 0.630848],
[ 0.490538, 0.619909, 0.503517, 0.472731, 0.488272, 0.653693, 0.524744, 0.50277],
[ 0.777775, 0.619909, 0.426986, 0.513204, 0.555657, 0.833087, 0.712764, 0.303087],
[ 0.592343, 0.944388, 0.596208, 0.560753, 0.412946, 0.656371, 0.492886, 0.537688],
[ 0.551548, 0.948715, 0.645819, 0.555399, 0.366327, 0.656371, 0.589392, 0.381655],
[ 0.531337, 0.902281, 0.485894, 0.703925, 0.347004, 0.718811, 0.542697, 0.346571]]
540,[[ 0.410706, 0.944388, 0.514935, 0.486244, 0.580457, 0.656371, 0.542697, 0.456552],
[ 0.671979, 0.619909, 0.426986, 0.333769, 0.555657, 0.556257, 0.625125, 0.424662],
[ 0.582217, 0.939997, 0.577007, 0.560753, 0.412946, 0.664031, 0.55323, 0.438212],
[ 0.462759, 0.931015, 0.314991, 0.758024, 0.302048, 0.597814, 0.563976, 0.419612],
[ 0.634807, 0.944388, 0.64139, 0.550098, 0.323147, 0.776914, 0.59471, 0.257366],
[ 0.340205, 0.939997, 0.568218, 0.217231, 0.598967, 0.568457, 0.420774, 0.700558],
[ 0.446849, 0.948715, 0.628346, 0.666508, 0.236553, 0.704076, 0.675583, 0.250889],
[ 0.48805, 0.939997, 0.561562, 0.464929, 0.593984, 0.533236, 0.584129, 0.525916],
[ 0.666029, 0.60263, 0.562613, 0.579941, 0.409464, 0.710032, 0.298926, 0.58934],
[ 0.523545, 0.948715, 0.623935, 0.596084, 0.323147, 0.656371, 0.542697, 0.456552]]
550,[[ 0.519245, 0.944388, 0.614786, 0.584148, 0.339667, 0.639085, 0.566393, 0.456552],
[ 0.372021, 0.939997, 0.58146, 0.542051, 0.423094, 0.692572, 0.59471, 0.354972],
[ 0.573099, 0.619909, 0.382761, 0.472731, 0.627301, 0.427562, 0.434001, 0.689893],
[ 0.327536, 0.944388, 0.645819, 0.531379, 0.331291, 0.585719, 0.415559, 0.638748],
[ 0.623319, 0.619909, 0.537564, 0.513204, 0.488272, 0.67968, 0.484686, 0.381655],
[ 0.74258, 0.60263, 0.622341, 0.522008, 0.403511, 0.63194, 0.642115, 0.456552],
[ 0.514111, 0.93554, 0.591785, 0.531379, 0.441571, 0.700212, 0.605511, 0.211629],
[ 0.792988, 0.538347, 0.581695, 0.531964, 0.328414, 0.751331, 0.70258, 0.443633],
[ 0.589572, 0.538347, 0.390187, 0.481008, 0.728374, 0.728356, 0.767009, 0.10369],
[ 0.705242, 0.60263, 0.316736, 0.456541, 0.810974, 0.659738, 0.675583, 0.339743]]
560,[[ 0.467594, 0.948715, 0.563881, 0.325089, 0.38419, 0.639085, 0.566393, 0.456552],
[ 0.670985, 0.583624, 0.551611, 0.530058, 0.525994, 0.637472, 0.434001, 0.485335],
[ 0.531337, 0.619909, 0.382761, 0.472731, 0.555657, 0.595648, 0.484686, 0.50277],
[ 0.689, 0.60263, 0.510516, 0.392025, 0.650124, 0.653693, 0.524744, 0.569145],
[ 0.527866, 0.948715, 0.662816, 0.506609, 0.297977, 0.688797, 0.518224, 0.381655],
[ 0.767011, 0.635784, 0.592765, 0.744116, 0.251063, 0.69819, 0.590569, 0.485335],
[ 0.454765, 0.948715, 0.314991, 0.758024, 0.302048, 0.60189, 0.492886, 0.537688],
[ 0.547118, 0.619909, 0.510516, 0.516905, 0.460271, 0.67968, 0.666894, 0.326983],
[ 0.656181, 0.619909, 0.382761, 0.472731, 0.555657, 0.50655, 0.562263, 0.475082],
[ 0.536568, 0.944388, 0.536457, 0.403164, 0.674634, 0.718811, 0.466568, 0.456552]]
570,[[ 0.31514, 0.939997, 0.654807, 0.234628, 0.740694, 0.646799, 0.476951, 0.606748],
[ 0.470023, 0.944388, 0.577007, 0.560753, 0.375433, 0.60189, 0.518224, 0.456552],
[ 0.686985, 0.948715, 0.695512, 0.578745, 0.403087, 0.743115, 0.584129, 0.338395],
[ 0.628092, 0.619909, 0.503517, 0.429803, 0.627301, 0.519282, 0.554482, 0.485335],
[ 0.402497, 0.948715, 0.591785, 0.531379, 0.441571, 0.672916, 0.542697, 0.456552],
[ 0.278376, 0.939997, 0.587403, 0.596084, 0.35748, 0.545732, 0.4495, 0.652867],
[ 0.547118, 0.948715, 0.610352, 0.555399, 0.481767, 0.60189, 0.566393, 0.456552],
[ 0.670985, 0.619909, 0.426986, 0.333769, 0.555657, 0.69819, 0.590569, 0.485335],
[ 0.542708, 0.60263, 0.544541, 0.762583, 0.272576, 0.727112, 0.666894, 0.276286],
[ 0.404726, 0.944388, 0.314991, 0.758024, 0.302048, 0.642928, 0.498073, 0.507654]]
580,[[ 0.854388, 0.510274, 0.838716, 0.862763, 0.0994252, 0.727112, 0.666894, 0.276286],
[ 0.256066, 0.944388, 0.577007, 0.560753, 0.412946, 0.688797, 0.518224, 0.381655],
[ 0.346303, 0.944388, 0.497462, 0.2476, 0.663173, 0.60582, 0.471736, 0.593488],
[ 0.592343, 0.939997, 0.658365, 0.596084, 0.35748, 0.628748, 0.55323, 0.477938],
[ 0.590495, 0.635784, 0.530676, 0.713333, 0.251063, 0.683094, 0.867348, 0.141948],
[ 0.836256, 0.538347, 0.434173, 0.632381, 0.380824, 0.869278, 0.856913, 0.138547],
[ 0.768084, 0.538347, 0.657201, 0.760026, 0.0941573, 0.541553, 0.685198, 0.369092],
[ 0.445276, 0.939997, 0.671845, 0.49153, 0.463157, 0.620961, 0.542697, 0.456552],
[ 0.424342, 0.944388, 0.514935, 0.459671, 0.626679, 0.639085, 0.518224, 0.496344],
[ 0.404726, 0.948715, 0.552709, 0.623657, 0.331291, 0.73305, 0.589392, 0.418316]]
590,[[ 0.588649, 0.635784, 0.562613, 0.579941, 0.409464, 0.583325, 0.582386, 0.531226],
[ 0.406216, 0.944388, 0.492431, 0.486244, 0.580457, 0.60189, 0.518224, 0.456552],
[ 0.642533, 0.944388, 0.650292, 0.629165, 0.214204, 0.73305, 0.589392, 0.418316],
[ 0.69304, 0.619909, 0.530676, 0.579941, 0.470633, 0.67968, 0.63355, 0.326983],
[ 0.498885, 0.60263, 0.459898, 0.504974, 0.470633, 0.710032, 0.298926, 0.58934],
[ 0.498046, 0.939997, 0.654807, 0.464929, 0.384803, 0.60189, 0.518224, 0.580581],
[ 0.445276, 0.944388, 0.514935, 0.403164, 0.626679, 0.718811, 0.466568, 0.456552],
[ 0.323592, 0.944388, 0.572594, 0.506609, 0.659663, 0.692572, 0.571671, 0.39075],
[ 0.452382, 0.944388, 0.497462, 0.2476, 0.663173, 0.660188, 0.547936, 0.39075],
[ 0.338186, 0.93554, 0.566046, 0.547469, 0.256255, 0.60189, 0.566393, 0.456552]]
600,[[ 0.648362, 0.619909, 0.530676, 0.504974, 0.409464, 0.653693, 0.598884, 0.569145],
[ 0.738377, 0.619909, 0.466887, 0.551652, 0.488272, 0.673757, 0.554482, 0.549785],
[ 0.846428, 0.60263, 0.434173, 0.632381, 0.728374, 0.67968, 0.666894, 0.326983],
[ 0.445276, 0.944388, 0.628346, 0.531379, 0.403087, 0.60582, 0.415559, 0.638748],
[ 0.636734, 0.948715, 0.658365, 0.550098, 0.323147, 0.746831, 0.589392, 0.313072],
[ 0.353839, 0.944388, 0.568218, 0.217231, 0.598967, 0.585719, 0.385305, 0.68556],
[ 0.601635, 0.619909, 0.426986, 0.383797, 0.488272, 0.628532, 0.625923, 0.320811],
[ 0.404726, 0.91218, 0.500995, 0.599875, 0.447206, 0.624843, 0.415559, 0.68556],
[ 0.328856, 0.944388, 0.610352, 0.578745, 0.481767, 0.60582, 0.498073, 0.549785],
[ 0.625226, 0.619909, 0.382761, 0.429803, 0.70319, 0.67968, 0.666894, 0.326983]]
610,[[ 0.284424, 0.944388, 0.577007, 0.584148, 0.375433, 0.672916, 0.518224, 0.496344],
[ 0.789714, 0.60263, 0.599676, 0.472731, 0.366327, 0.710032, 0.298926, 0.58934],
[ 0.632884, 0.60263, 0.510516, 0.481008, 0.441571, 0.710032, 0.298926, 0.58934],
[ 0.267676, 0.939997, 0.314991, 0.758024, 0.302048, 0.646799, 0.55323, 0.438212],
[ 0.506465, 0.583624, 0.613797, 0.708683, 0.337785, 0.525926, 0.524744, 0.569145],
[ 0.533078, 0.93554, 0.605174, 0.383386, 0.561611, 0.624843, 0.415559, 0.68556],
[ 0.457953, 0.931015, 0.528402, 0.475597, 0.486023, 0.646799, 0.577002, 0.438212],
[ 0.577648, 0.60263, 0.194052, 0.58839, 0.488272, 0.569042, 0.607334, 0.39613],
[ 0.818346, 0.476232, 0.777102, 0.713333, 0.228344, 0.60189, 0.533004, 0.661651],
[ 0.836256, 0.60263, 0.628346, 0.513204, 0.311793, 0.945832, 0.883137, 0.00947118]]
620,[[ 0.700143, 0.635784, 0.498221, 0.569162, 0.330111, 0.743115, 0.690402, 0.220416],
[ 0.30428, 0.944388, 0.563881, 0.325089, 0.38419, 0.624843, 0.523434, 0.507654],
[ 0.281391, 0.944388, 0.577007, 0.584148, 0.375433, 0.672916, 0.542697, 0.381655],
[ 0.730012, 0.635784, 0.406279, 0.584148, 0.405307, 0.743115, 0.690402, 0.220416],
[ 0.539195, 0.939997, 0.637293, 0.378095, 0.593984, 0.664031, 0.528693, 0.438212],
[ 0.258941, 0.948715, 0.605955, 0.526122, 0.393505, 0.688797, 0.518224, 0.381655],
[ 0.525271, 0.619909, 0.655715, 0.657642, 0.261569, 0.595648, 0.598884, 0.381655],
[ 0.520104, 0.939997, 0.58146, 0.5172, 0.463157, 0.656371, 0.566393, 0.496344],
[ 0.428945, 0.619909, 0.503517, 0.513204, 0.555657, 0.666155, 0.478494, 0.445848],
[ 0.668009, 0.619909, 0.503517, 0.513204, 0.425158, 0.562628, 0.524744, 0.440262]]
630,[[ 0.870435, 0.583624, 0.613797, 0.832167, 0.28411, 0.673757, 0.554482, 0.549785],
[ 0.415979, 0.944388, 0.695512, 0.578745, 0.403087, 0.660188, 0.571671, 0.428126],
[ 0.895998, 0.538347, 0.894405, 0.852362, 0.0109318, 0.647713, 0.554482, 0.485335],
[ 0.493867, 0.944388, 0.596208, 0.560753, 0.412946, 0.660188, 0.571671, 0.428126],
[ 0.292398, 0.948715, 0.610352, 0.531379, 0.441571, 0.656371, 0.566393, 0.496344],
[ 0.328196, 0.939997, 0.540901, 0.464929, 0.54861, 0.672916, 0.542697, 0.381655],
[ 0.409955, 0.92175, 0.599676, 0.564075, 0.385461, 0.642928, 0.415559, 0.68556],
[ 0.12992, 0.939997, 0.455856, 0.269572, 0.843154, 0.646799, 0.476951, 0.606748],
[ 0.709337, 0.60263, 0.576486, 0.666508, 0.324489, 0.710032, 0.298926, 0.58934],
[ 0.437456, 0.944388, 0.596208, 0.486244, 0.493218, 0.60189, 0.518224, 0.537688]]
640,[[ 0.615727, 0.538347, 0.382761, 0.472731, 0.627301, 0.751331, 0.70258, 0.443633],
[ 0.331507, 0.939997, 0.519387, 0.464929, 0.593984, 0.656371, 0.65481, 0.313072],
[ 0.615727, 0.60263, 0.635395, 0.822355, 0.18208, 0.637472, 0.434001, 0.485335],
[ 0.516675, 0.650495, 0.406279, 0.551209, 0.460271, 0.667899, 0.546391, 0.46863],
[ 0.566764, 0.60263, 0.205133, 0.560121, 0.728374, 0.693952, 0.874081, 0.10369],
[ 0.642533, 0.931015, 0.505943, 0.552946, 0.404388, 0.746831, 0.589392, 0.313072],
[ 0.854388, 0.583624, 0.878217, 0.641259, 0.150482, 0.519282, 0.554482, 0.549785],
[ 0.524408, 0.948715, 0.299179, 0.798614, 0.300075, 0.639085, 0.566393, 0.418316],
[ 0.683969, 0.619909, 0.503517, 0.513204, 0.488272, 0.627101, 0.526473, 0.566112],
[ 0.430485, 0.939997, 0.688447, 0.852866, 0.0654275, 0.700341, 0.561167, 0.338395]]
650,[[ 0.872742, 0, 0.849569, 0.633417, 0.210481, 0.541553, 0.685198, 0.369092],
[ 0.406216, 0.944388, 0.591785, 0.223033, 0.523677, 0.60582, 0.471736, 0.593488],
[ 0.836256, 0.60263, 0.503517, 0.513204, 0.488272, 0.916001, 0.642115, 0.155371],
[ 0.798462, 0.476232, 0.390187, 0.521564, 0.576228, 0.882087, 0.614907, 0.294648],
[ 0.562265, 0.732108, 0.466008, 0.600706, 0.378811, 0.541553, 0.59471, 0.475082],
[ 0.422052, 0.931015, 0.528402, 0.50226, 0.444285, 0.589729, 0.4495, 0.652867],
[ 0.604438, 0.619909, 0.599676, 0.551652, 0.311793, 0.672916, 0.851135, 0.161711],
[ 0.398059, 0.939997, 0.487996, 0.481008, 0.567302, 0.589729, 0.4495, 0.652867],
[ 0.697094, 0.619909, 0.503517, 0.513204, 0.488272, 0.647713, 0.690402, 0.220416],
[ 0.566764, 0.583624, 0.517602, 0.708683, 0.45874, 0.659738, 0.492886, 0.661651]]
660,[[ 0.62618, 0.619909, 0.466887, 0.472731, 0.488272, 0.595648, 0.598884, 0.440262],
[ 0.536568, 0.619909, 0.426986, 0.383797, 0.488272, 0.50655, 0.59471, 0.420526],
[ 0.581302, 0.619909, 0.599676, 0.551652, 0.311793, 0.648026, 0.618406, 0.310038],
[ 0.442921, 0.635784, 0.530676, 0.325519, 0.67908, 0.619753, 0.554482, 0.485335],
[ 0.520963, 0.939997, 0.619265, 0.49153, 0.384803, 0.589729, 0.4495, 0.652867],
[ 0.600702, 0.60263, 0.390187, 0.481008, 0.728374, 0.477178, 0.516606, 0.61798],
[ 0.498885, 0.619909, 0.426986, 0.513204, 0.555657, 0.616901, 0.544786, 0.42979],
[ 0.538318, 0.939997, 0.637293, 0.378095, 0.593984, 0.67671, 0.638959, 0.354972],
[ 0.562265, 0.619909, 0.332436, 0.58839, 0.555657, 0.69819, 0.590569, 0.485335],
[ 0.647388, 0.60263, 0.332436, 0.551652, 0.555657, 0.63194, 0.675583, 0.39613]]
670,[[ 0.701161, 0.635784, 0.648721, 0.648928, 0.251063, 0.667899, 0.546391, 0.46863],
[ 0.305546, 0.95298, 0.563881, 0.325089, 0.38419, 0.715085, 0.561167, 0.372809],
[ 0.555999, 0.619909, 0.443868, 0.584148, 0.460271, 0.727112, 0.598884, 0.276286],
[ 0.57856, 0.619909, 0.599676, 0.722335, 0.174116, 0.627101, 0.526473, 0.566112],
[ 0.50562, 0.583624, 0.382761, 0.551652, 0.555657, 0.450842, 0.541393, 0.473566],
[ 0.691018, 0.60263, 0.581695, 0.495921, 0.328414, 0.710032, 0.404454, 0.456552],
[ 0.549774, 0.583624, 0.289998, 0.446368, 0.754686, 0.616901, 0.544786, 0.42979],
[ 0.669992, 0.583624, 0.510516, 0.632381, 0.441571, 0.608188, 0.541393, 0.610428],
[ 0.217205, 0.944388, 0.532047, 0.555399, 0.403087, 0.660188, 0.547936, 0.39075],
[ 0.54095, 0.948715, 0.591785, 0.578745, 0.366327, 0.60189, 0.566393, 0.456552]]
680,[[ 0.432801, 0.944388, 0.542723, 0.586688, 0.524354, 0.585719, 0.415559, 0.638748],
[ 0.818346, 0.583624, 0.517602, 0.530058, 0.59774, 0.683094, 0.867348, 0.141948],
[ 0.921983, 0.538347, 0.873696, 0.99303, 0, 0.659738, 0.675583, 0.339743],
[ 0.682965, 0.619909, 0.628346, 0.513204, 0.311793, 0.595648, 0.598884, 0.440262],
[ 0.457953, 0.948715, 0.544002, 0.253075, 0.585672, 0.60189, 0.566393, 0.456552],
[ 0.623319, 0.619909, 0.332436, 0.551652, 0.555657, 0.69819, 0.590569, 0.424662],
[ 0.425873, 0.619909, 0.569502, 0.429803, 0.783323, 0.556257, 0.281613, 0.927686],
[ 0.372731, 0.944388, 0.514935, 0.228833, 0.626679, 0.639085, 0.439124, 0.625006],
[ 0.658144, 0.583624, 0.517602, 0.48941, 0.59774, 0.63194, 0.675583, 0.39613],
[ 0.392186, 0.619909, 0.537564, 0.472731, 0.366327, 0.525926, 0.346203, 0.79117]]
690,[[ 0.866982, 0.510274, 0.881923, 0.556398, 0.322207, 0.595648, 0.63355, 0.326983],
[ 0.445276, 0.939997, 0.519387, 0.464929, 0.593984, 0.581732, 0.492886, 0.580581],
[ 0.54095, 0.948715, 0.591785, 0.601482, 0.366327, 0.639085, 0.566393, 0.381655],
[ 0.70218, 0.60263, 0.576486, 0.481008, 0.650124, 0.50655, 0.562263, 0.475082],
[ 0.318375, 0.95298, 0.506132, 0.501394, 0.51173, 0.520862, 0.160062, 0.902565],
[ 0.326218, 0.931015, 0.482395, 0.552946, 0.486023, 0.672916, 0.542697, 0.381655],
[ 0.442138, 0.939997, 0.587403, 0.5734, 0.35748, 0.609771, 0.528693, 0.477938],
[ 0.23318, 0.944388, 0.557115, 0.403164, 0.674634, 0.642928, 0.385305, 0.593488],
[ 0.559574, 0.939997, 0.610352, 0.555399, 0.481767, 0.664031, 0.528693, 0.438212],
[ 0.530468, 0.944388, 0.596208, 0.560753, 0.375433, 0.718811, 0.542697, 0.346571]]
700,[[ 0.324247, 0.944388, 0.552709, 0.397968, 0.403087, 0.642928, 0.385305, 0.593488],
[ 0.576736, 0.870318, 0.591785, 0.223033, 0.523677, 0.850117, 0.498816, 0.341315],
[ 0.270033, 0.939997, 0.619265, 0.49153, 0.384803, 0.60189, 0.566393, 0.456552],
[ 0.479808, 0.931015, 0.528402, 0.475597, 0.486023, 0.67671, 0.59471, 0.39075],
[ 0.572191, 0.944388, 0.64139, 0.550098, 0.35748, 0.67671, 0.638959, 0.354972],
[ 0.75527, 0.60263, 0.576486, 0.521564, 0.576228, 0.775717, 0.492886, 0.339743],
[ 0.555107, 0.60263, 0.473949, 0.632381, 0.441571, 0.647713, 0.690402, 0.220416],
[ 0.606311, 0.619909, 0.364662, 0.516905, 0.460271, 0.435352, 0.484686, 0.713369],
[ 0.552437, 0.93554, 0.605174, 0.522577, 0.256255, 0.672916, 0.542697, 0.381655],
[ 0.555999, 0.939997, 0.540901, 0.464929, 0.54861, 0.73305, 0.589392, 0.418316]]
710,[[ 0.461154, 0.619909, 0.382761, 0.472731, 0.627301, 0.549929, 0.546391, 0.597486],
[ 0.387814, 0.944388, 0.536457, 0.432034, 0.580457, 0.746831, 0.611761, 0.281176],
[ 0.515819, 0.939997, 0.700053, 0.51188, 0.375433, 0.646799, 0.476951, 0.606748],
[ 0.665041, 0.619909, 0.489767, 0.640363, 0.339223, 0.625817, 0.63355, 0.50277],
[ 0.857812, 0.583624, 0.551611, 0.605717, 0.525994, 0.595648, 0.598884, 0.440262],
[ 0.577648, 0.902281, 0.485894, 0.703925, 0.347004, 0.660188, 0.547936, 0.39075],
[ 0.625226, 0.939997, 0.314991, 0.758024, 0.302048, 0.711633, 0.600083, 0.328771],
[ 0.582217, 0.635784, 0.412792, 0.456541, 0.731472, 0.556257, 0.337928, 0.765497],
[ 0.24699, 0.948715, 0.527675, 0.295876, 0.598967, 0.60189, 0.492886, 0.580581],
[ 0.380589, 0.931015, 0.528402, 0.475597, 0.486023, 0.743115, 0.584129, 0.338395]]
720,[[ 0.697094, 0.939997, 0.735919, 0.834648, 0.0654275, 0.672916, 0.492886, 0.456552],
[ 0.174955, 0.948715, 0.552709, 0.555399, 0.441571, 0.60189, 0.492886, 0.537688],
[ 0.744686, 0.583624, 0.613797, 0.708683, 0.337785, 0.590912, 0.579956, 0.345387],
[ 0.548888, 0.948715, 0.610352, 0.555399, 0.366327, 0.718811, 0.566393, 0.313072],
[ 0.665041, 0.60263, 0.375378, 0.504974, 0.605452, 0.710032, 0.298926, 0.58934],
[ 0.589572, 0.619909, 0.537564, 0.690494, 0.174116, 0.719663, 0.625923, 0.275712],
[ 0.446849, 0.635784, 0.459898, 0.504974, 0.605452, 0.59638, 0.521112, 0.460187],
[ 0.399535, 0.948715, 0.57875, 0.285293, 0.617144, 0.672916, 0.492886, 0.456552],
[ 0.508159, 0.60263, 0.576486, 0.666508, 0.380824, 0.653693, 0.598884, 0.326983],
[ 0.7032, 0.619909, 0.466008, 0.600706, 0.378811, 0.653693, 0.598884, 0.440262]]
730,[[ 0.227783, 0.944388, 0.536457, 0.51188, 0.493218, 0.660188, 0.547936, 0.39075],
[ 0.461956, 0.931015, 0.528402, 0.50226, 0.444285, 0.642928, 0.415559, 0.68556],
[ 0.603503, 0.939997, 0.628346, 0.555399, 0.441571, 0.609771, 0.528693, 0.477938],
[ 0.730012, 0.870318, 0.650292, 0.51188, 0.30566, 0.850117, 0.498816, 0.341315],
[ 0.472458, 0.931015, 0.60972, 0.600706, 0.295746, 0.660188, 0.547936, 0.39075],
[ 0.602568, 0.926419, 0.658365, 0.550098, 0.323147, 0.707971, 0.593328, 0.391068],
[ 0.556892, 0.948715, 0.552709, 0.426838, 0.61263, 0.639085, 0.566393, 0.456552],
[ 0.453175, 0.948715, 0.532047, 0.531379, 0.441571, 0.688797, 0.518224, 0.381655],
[ 0.539195, 0.93554, 0.623783, 0.595127, 0.198097, 0.60189, 0.566393, 0.456552],
[ 0.553326, 0.60263, 0.473949, 0.666508, 0.324489, 0.63194, 0.739161, 0.287428]]
740,[[ 0.509856, 0.95298, 0.338987, 0.822355, 0.218525, 0.597983, 0.690402, 0.274276],
[ 0.43435, 0.931015, 0.619265, 0.234628, 0.79311, 0.597814, 0.563976, 0.419612],
[ 0.668009, 0.619909, 0.599676, 0.58839, 0.311793, 0.595648, 0.63355, 0.440262],
[ 0.63577, 0.619909, 0.382761, 0.429803, 0.70319, 0.619753, 0.516606, 0.424662],
[ 0.320326, 0.957186, 0.563881, 0.325089, 0.38419, 0.648815, 0.337496, 0.399488],
[ 0.296121, 0.948715, 0.572594, 0.531379, 0.441571, 0.422782, 0.276352, 0.85053],
[ 0.69811, 0.60263, 0.419857, 0.54332, 0.535966, 0.63194, 0.675583, 0.39613],
[ 0.57856, 0.93554, 0.623783, 0.571629, 0.198097, 0.73305, 0.589392, 0.418316],
[ 0.850971, 0.60263, 0.569502, 0.429803, 0.425158, 0.916001, 0.642115, 0.155371],
[ 0.806161, 0.583624, 0.613797, 0.832167, 0.28411, 0.595648, 0.63355, 0.326983]]
750,[[ 0.455561, 0.948715, 0.487996, 0.481008, 0.567302, 0.685047, 0.606453, 0.338395],
[ 0.447637, 0.939997, 0.58146, 0.464929, 0.54861, 0.60189, 0.518224, 0.537688],
[ 0.634807, 0.583624, 0.517602, 0.530058, 0.59774, 0.549929, 0.546391, 0.597486],
[ 0.517531, 0.948715, 0.658365, 0.550098, 0.323147, 0.620961, 0.566393, 0.456552],
[ 0.614782, 0.619909, 0.426986, 0.551652, 0.555657, 0.59638, 0.521112, 0.460187],
[ 0.35591, 0.944388, 0.715843, 0.584148, 0.242923, 0.692572, 0.571671, 0.39075],
[ 0.285643, 0.939997, 0.540901, 0.49153, 0.54861, 0.688797, 0.518224, 0.381655],
[ 0.72585, 0.60263, 0.689102, 0.822355, 0.109486, 0.595648, 0.562699, 0.381655],
[ 0.727929, 0.60263, 0.628346, 0.394099, 0.41462, 0.63194, 0.642115, 0.39613],
[ 0.517531, 0.93554, 0.735919, 0.834648, 0.0654275, 0.572559, 0.558575, 0.574993]]
760,[[ 0.528733, 0.95298, 0.674895, 0.5734, 0.323147, 0.533236, 0.584129, 0.525916],
[ 0.368484, 0.931015, 0.528402, 0.577157, 0.330111, 0.589729, 0.4495, 0.652867],
[ 0.733142, 0.60263, 0.503517, 0.472731, 0.488272, 0.710032, 0.675583, 0.339743],
[ 0.564062, 0.944388, 0.596208, 0.560753, 0.412946, 0.685047, 0.606453, 0.372809],
[ 0.509856, 0.619909, 0.583924, 0.466485, 0.430783, 0.562628, 0.562699, 0.440262],
[ 0.494701, 0.583624, 0.517602, 0.568729, 0.59774, 0.659738, 0.675583, 0.339743],
[ 0.33417, 0.944388, 0.542723, 0.586688, 0.524354, 0.642928, 0.415559, 0.68556],
[ 0.465173, 0.948715, 0.552709, 0.426838, 0.61263, 0.656371, 0.589392, 0.381655],
[ 0.565863, 0.939997, 0.610352, 0.578745, 0.481767, 0.664031, 0.476951, 0.562219],
[ 0.48145, 0.939997, 0.561562, 0.464929, 0.504998, 0.646799, 0.577002, 0.438212]]
770,[[ 0.664053, 0.619909, 0.503517, 0.429803, 0.425158, 0.573073, 0.59471, 0.420526],
[ 0.482272, 0.944388, 0.577007, 0.560753, 0.412946, 0.613267, 0.507951, 0.688683],
[ 0.581302, 0.619909, 0.670658, 0.584148, 0.219808, 0.625817, 0.666894, 0.276286],
[ 0.564962, 0.944388, 0.632799, 0.606934, 0.339667, 0.60189, 0.566393, 0.456552],
[ 0.625226, 0.583624, 0.397664, 0.350512, 0.839865, 0.491325, 0.642115, 0.39613],
[ 0.527866, 0.619909, 0.537564, 0.551652, 0.555657, 0.627101, 0.526473, 0.566112],
[ 0.360771, 0.939997, 0.58146, 0.5172, 0.463157, 0.664031, 0.528693, 0.477938],
[ 0.412961, 0.948715, 0.605955, 0.5734, 0.323147, 0.704076, 0.566393, 0.456552],
[ 0.827274, 0.619909, 0.496602, 0.579941, 0.35247, 0.653693, 0.524744, 0.50277],
[ 0.720666, 0.60263, 0.340303, 0.59698, 0.650124, 0.619753, 0.476602, 0.549785]]
780,[[ 0.283209, 0.939997, 0.4969, 0.464929, 0.593984, 0.664031, 0.528693, 0.438212],
[ 0.26533, 0.93554, 0.477832, 0.317347, 0.70586, 0.67671, 0.498073, 0.507654],
[ 0.56047, 0.635784, 0.621399, 0.579941, 0.409464, 0.653376, 0.455412, 0.724127],
[ 0.561367, 0.619909, 0, 0.551652, 0.555657, 0.625817, 0.666894, 0.326983],
[ 0.526135, 0.583624, 0.613797, 0.832167, 0.28411, 0.583325, 0.508587, 0.667371],
[ 0.471646, 0.944388, 0.650292, 0.51188, 0.30566, 0.585719, 0.385305, 0.68556],
[ 0.865833, 0.538347, 0.517602, 0.568729, 0.59774, 0.813943, 0.797789, 0.22222],
[ 0.74891, 0.583624, 0.628346, 0.551652, 0.366327, 0.608188, 0.541393, 0.610428],
[ 0.715504, 0.619909, 0.628346, 0.551652, 0.311793, 0.595648, 0.484686, 0.713369],
[ 0.721701, 0.476232, 0.911193, 0.903048, 0.013515, 0.519282, 0.516606, 0.485335]]
790,[[ 0.550661, 0.60263, 0.576486, 0.666508, 0.324489, 0.659738, 0.675583, 0.339743],
[ 0.935135, 0.432073, 0.979981, 1, 0.000201775, 0.90307, 0.993261, 0],
[ 0.478988, 0.944388, 0.596208, 0.560753, 0.412946, 0.60582, 0.471736, 0.638748],
[ 0.285643, 0.944388, 0.50178, 0.325089, 0.828442, 0.660188, 0.547936, 0.39075],
[ 0.581302, 0.948715, 0.591785, 0.223033, 0.523677, 0.672916, 0.63355, 0.346571],
[ 0.351774, 0.939997, 0.519387, 0.49153, 0.54861, 0.60189, 0.542697, 0.496344],
[ 0.667019, 0.948715, 0.679369, 0.601482, 0.366327, 0.692951, 0.718678, 0.291115],
[ 0.470834, 0.931015, 0.528402, 0.475597, 0.486023, 0.60189, 0.518224, 0.537688],
[ 0.671979, 0.60263, 0.390187, 0.521564, 0.576228, 0.838298, 0.907446, 0.0181158],
[ 0.583134, 0.583624, 0.583568, 0.740829, 0.19044, 0.673757, 0.554482, 0.549785]]
800,[[ 0.456357, 0.635784, 0.406279, 0.516905, 0.518659, 0.519282, 0.434001, 0.765497],
[ 0.546234, 0.939997, 0.654807, 0.464929, 0.384803, 0.692572, 0.571671, 0.39075],
[ 0.604438, 0.619909, 0.426986, 0.513204, 0.555657, 0.573073, 0.562263, 0.475082],
[ 0.290547, 0.944388, 0.557115, 0.403164, 0.674634, 0.520862, 0.160062, 0.902565],
[ 0.712416, 0.60263, 0.544541, 0.560121, 0.650124, 0.595648, 0.524744, 0.50277],
[ 0.756333, 0.619909, 0.569502, 0.429803, 0.783323, 0.683094, 0.867348, 0.141948],
[ 0.720666, 0.60263, 0.510516, 0.392025, 0.650124, 0.698989, 0.533443, 0.418739],
[ 0.684973, 0.619909, 0.599676, 0.623657, 0.366327, 0.653693, 0.598884, 0.440262],
[ 0.538318, 0.60263, 0.434173, 0.632381, 0.380824, 0.653693, 0.442073, 0.440262],
[ 0.292398, 0.939997, 0.628346, 0.531379, 0.403087, 0.545732, 0.4495, 0.652867]]
810,[[ 0.643502, 0.619909, 0.599676, 0.551652, 0.311793, 0.595648, 0.484686, 0.50277],
[ 0.479808, 0.944388, 0.492431, 0.486244, 0.580457, 0.60189, 0.518224, 0.580581],
[ 0.493034, 0.60263, 0.503517, 0.472731, 0.783323, 0.302355, 0.675583, 0.520965],
[ 0.721701, 0.619909, 0.530676, 0.54332, 0.470633, 0.727112, 0.63355, 0.326983],
[ 0.422815, 0.957186, 0.314991, 0.758024, 0.302048, 0.613267, 0.507951, 0.688683],
[ 0.237001, 0.939997, 0.459898, 0.550098, 0.470633, 0.545732, 0.4495, 0.652867],
[ 0.474901, 0.948715, 0.572594, 0.531379, 0.441571, 0.746831, 0.611761, 0.281176],
[ 0.733142, 0.635784, 0.718322, 0.59328, 0.318975, 0.673757, 0.625125, 0.424662],
[ 0.722737, 0.619909, 0.466887, 0.58839, 0.488272, 0.589461, 0.625125, 0.314774],
[ 0.630965, 0.619909, 0.503517, 0.58839, 0.425158, 0.525926, 0.346203, 0.79117]]
820,[[ 0.638663, 0.619909, 0.332436, 0.472731, 0.70319, 0.67968, 0.562699, 0.50277],
[ 0.353839, 0.939997, 0.610352, 0.555399, 0.366327, 0.628748, 0.55323, 0.477938],
[ 0.63577, 0.635784, 0.459898, 0.61508, 0.409464, 0.698989, 0.533443, 0.418739],
[ 0.629048, 0.93554, 0.688447, 0.852866, 0.0654275, 0.549929, 0.582386, 0.574993],
[ 0.475717, 0.583624, 0.473949, 0.392025, 0.576228, 0.608188, 0.716864, 0.473566],
[ 0.326218, 0.948715, 0.591785, 0.578745, 0.366327, 0.704076, 0.566393, 0.456552],
[ 0.672973, 0.583624, 0.34819, 0.530058, 0.45874, 0.63194, 0.642115, 0.456552],
[ 0.424342, 0.939997, 0.552709, 0.454463, 0.366327, 0.628748, 0.476951, 0.606748],
[ 0.531337, 0.939997, 0.506132, 0.681638, 0.259586, 0.589729, 0.4495, 0.652867],
[ 0.682965, 0.619909, 0.503517, 0.429803, 0.488272, 0.653693, 0.524744, 0.50277]]
830,[[ 0.412961, 0.931015, 0.528402, 0.577157, 0.330111, 0.660188, 0.571671, 0.428126],
[ 0.473272, 0.619909, 0.317386, 0.481008, 0.580457, 0.525926, 0.346203, 0.79117],
[ 0.446849, 0.583624, 0.551611, 0.568729, 0.525994, 0.556257, 0.337928, 0.765497],
[ 0.503931, 0.635784, 0.419857, 0.54332, 0.535966, 0.647713, 0.554482, 0.485335],
[ 0.646415, 0.476232, 0.466887, 0.551652, 0.488272, 0.899316, 0.721411, 0.242533],
[ 0.705242, 0.60263, 0.544541, 0.632381, 0.441571, 0.68567, 0.35455, 0.520965],
[ 0.561367, 0.583624, 0.655715, 0.551652, 0.366327, 0.665848, 0.579529, 0.473566],
[ 0.556892, 0.944388, 0.645819, 0.555399, 0.366327, 0.660188, 0.547936, 0.39075],
[ 0.627135, 0.583624, 0.517602, 0.48941, 0.59774, 0.710032, 0.298926, 0.58934],
[ 0.387088, 0.931015, 0.60972, 0.600706, 0.295746, 0.639085, 0.566393, 0.381655]]
840,[[ 0.659126, 0.619909, 0.426986, 0.623657, 0.555657, 0.66293, 0.443987, 0.534034],
[ 0.274783, 0.948715, 0.6016, 0.163352, 0.585672, 0.672916, 0.542697, 0.381655],
[ 0.416735, 0.619909, 0.382761, 0.429803, 0.70319, 0.519282, 0.554482, 0.549785],
[ 0.530468, 0.939997, 0.600671, 0.566164, 0.384803, 0.624843, 0.523434, 0.507654],
[ 0.463563, 0.93554, 0.523875, 0.317347, 0.655985, 0.646799, 0.476951, 0.562219],
[ 0.665041, 0.722133, 0.791689, 0.904412, 0.0152732, 0.547408, 0.500221, 0.677653],
[ 0.808369, 0.619909, 0.569502, 0.513204, 0.366327, 0.672916, 0.851135, 0.161711],
[ 0.419769, 0.931015, 0.572594, 0.118803, 0.61263, 0.617746, 0.513922, 0.459243],
[ 0.250938, 0.939997, 0.44841, 0.437276, 0.641128, 0.664031, 0.503305, 0.477938],
[ 0.498885, 0.619909, 0.426986, 0.623657, 0.555657, 0.525926, 0.63355, 0.569145]]
850,[[ 0.860099, 0.510274, 0.881923, 0.556398, 0.322207, 0.653693, 0.524744, 0.50277],
[ 0.493867, 0.60263, 0.503517, 0.513204, 0.488272, 0.63194, 0.642115, 0.456552],
[ 0.482272, 0.60263, 0.466887, 0.472731, 0.488272, 0.710032, 0.298926, 0.58934],
[ 0.324247, 0.944388, 0.474875, 0.650011, 0.218525, 0.60582, 0.471736, 0.593488],
[ 0.548888, 0.60263, 0.628346, 0.551652, 0.311793, 0.659738, 0.675583, 0.339743],
[ 0.542708, 0.60263, 0.205133, 0.560121, 0.728374, 0.659738, 0.492886, 0.661651],
[ 0.679959, 0.619909, 0.628346, 0.551652, 0.311793, 0.704076, 0.406523, 0.42979],
[ 0.459552, 0.948715, 0.552709, 0.578745, 0.481767, 0.704076, 0.566393, 0.381655],
[ 0.394383, 0.93554, 0.455856, 0.269572, 0.843154, 0.613745, 0.329723, 0.667371],
[ 0.601635, 0.510274, 0.881923, 0.556398, 0.322207, 0.673757, 0.554482, 0.549785]]
860,[[ 0.493867, 0.583624, 0.517602, 0.530058, 0.59774, 0.727112, 0.63355, 0.326983],
[ 0.609127, 0.939997, 0.735919, 0.834648, 0.0654275, 0.656371, 0.542697, 0.456552],
[ 0.328856, 0.931015, 0.505943, 0.552946, 0.404388, 0.664031, 0.503305, 0.477938],
[ 0.469212, 0.619909, 0.569502, 0.429803, 0.425158, 0.484248, 0.562699, 0.569145],
[ 0.57856, 0.732108, 0.4784, 0.615892, 0.30566, 0.541553, 0.59471, 0.475082],
[ 0.534821, 0.60263, 0.576486, 0.521564, 0.576228, 0.710032, 0.298926, 0.58934],
[ 0.606311, 0.619909, 0.537564, 0.657642, 0.311793, 0.556257, 0.281613, 0.927686],
[ 0.581302, 0.619909, 0.599676, 0.551652, 0.311793, 0.778944, 0.603695, 0.334204],
[ 0.549774, 0.944388, 0.628346, 0.531379, 0.481767, 0.624843, 0.547936, 0.4671],
[ 0.621416, 0.902281, 0.485894, 0.703925, 0.347004, 0.73305, 0.518224, 0.313072]]
870,[[ 0.586808, 0.635784, 0.459898, 0.325519, 0.756842, 0.50655, 0.562263, 0.475082],
[ 0.644472, 0.538347, 0.914627, 0.852362, 0.0242009, 0.647713, 0.690402, 0.220416],
[ 0.654221, 0.538347, 0.711276, 0.910365, 0.0425318, 0.647713, 0.554482, 0.485335],
[ 0.324903, 0.948715, 0.474875, 0.650011, 0.218525, 0.672916, 0.542697, 0.381655],
[ 0.502246, 0.619909, 0.426986, 0.551652, 0.555657, 0.664234, 0.543275, 0.343684],
[ 0.475717, 0.944388, 0.497462, 0.319922, 0.617144, 0.60582, 0.498073, 0.549785],
[ 0.627135, 0.619909, 0, 0.551652, 0.555657, 0.653693, 0.442073, 0.440262],
[ 0.546234, 0.948715, 0.563881, 0.325089, 0.38419, 0.746831, 0.542697, 0.346571],
[ 0.372731, 0.931015, 0.60972, 0.528007, 0.444285, 0.549929, 0.582386, 0.574993],
[ 0.721701, 0.60263, 0.544541, 0.438028, 0.576228, 0.67968, 0.562699, 0.326983]]
880,[[ 0.275977, 0.948715, 0.532047, 0.506609, 0.441571, 0.685047, 0.606453, 0.338395],
[ 0.342907, 0.926419, 0.595059, 0.558481, 0.375752, 0.589729, 0.4495, 0.652867],
[ 0.876208, 0.60263, 0.621399, 0.464577, 0.470633, 0.710032, 0.404454, 0.456552],
[ 0.215124, 0.95298, 0.587403, 0.596084, 0.35748, 0.556257, 0.561167, 0.485335],
[ 0.409955, 0.948715, 0.455856, 0.269572, 0.843154, 0.73305, 0.589392, 0.418316],
[ 0.208439, 0.948715, 0.510516, 0.506609, 0.567302, 0.60189, 0.566393, 0.456552],
[ 0.402497, 0.948715, 0.572594, 0.531379, 0.441571, 0.656371, 0.65481, 0.313072],
[ 0.538318, 0.944388, 0.596208, 0.560753, 0.375433, 0.672916, 0.542697, 0.381655],
[ 0.642533, 0.931015, 0.528402, 0.577157, 0.330111, 0.776914, 0.59471, 0.257366],
[ 0.457155, 0.931015, 0.482395, 0.552946, 0.486023, 0.692572, 0.571671, 0.39075]]
890,[[ 0.459552, 0.619909, 0.382761, 0.472731, 0.627301, 0.525926, 0.598884, 0.381655],
[ 0.536568, 0.902281, 0.485894, 0.703925, 0.347004, 0.692572, 0.571671, 0.39075],
[ 0.917227, 0.432073, 0.979981, 1, 0.000201775, 0.529925, 0.54766, 0.500549],
[ 0.293017, 0.944388, 0.557115, 0.37284, 0.580457, 0.704076, 0.566393, 0.456552],
[ 0.346984, 0.948715, 0.628346, 0.531379, 0.481767, 0.639085, 0.566393, 0.381655],
[ 0.50562, 0.948715, 0.548337, 0.5734, 0.431226, 0.718811, 0.542697, 0.346571],
[ 0.240858, 0.948715, 0.552709, 0.623657, 0.331291, 0.60189, 0.492886, 0.580581],
[ 0.579473, 0.619909, 0.382761, 0.472731, 0.627301, 0.519282, 0.516606, 0.485335],
[ 0.56857, 0.583624, 0.473949, 0.521564, 0.506708, 0.608188, 0.541393, 0.610428],
[ 0.649336, 0.944388, 0.683885, 0.584148, 0.273412, 0.73305, 0.589392, 0.418316]]
900,[[ 0.694053, 0.60263, 0.544541, 0.560121, 0.380824, 0.519282, 0.516606, 0.485335],
[ 0.531337, 0.635784, 0.530676, 0.648928, 0.299665, 0.556257, 0.721411, 0.367796],
[ 0.562265, 0.93554, 0.64139, 0.550098, 0.323147, 0.650695, 0.558575, 0.2709],
[ 0.681962, 0.619909, 0.737356, 0.839388, 0.0661689, 0.595648, 0.484686, 0.569145],
[ 0.654221, 0.635784, 0.452983, 0.535121, 0.584534, 0.556257, 0.721411, 0.367796],
[ 0.582217, 0.619909, 0.628346, 0.657642, 0.261569, 0.625817, 0.562699, 0.50277],
[ 0.500564, 0.635784, 0.522374, 0.495081, 0.650986, 0.619753, 0.65835, 0.314774],
[ 0.714474, 0.60263, 0.655715, 0.623657, 0.311793, 0.68567, 0.234472, 0.661651],
[ 0.749968, 0.60263, 0.576486, 0.521564, 0.576228, 0.653693, 0.442073, 0.440262],
[ 0.744686, 0.538347, 0.510516, 0.733351, 0.219808, 0.919186, 0.913219, 0.0281707]]
910,[[ 0.483919, 0.732108, 0.510516, 0.516905, 0.460271, 0.60189, 0.528402, 0.475082],
[ 0.306815, 0.931015, 0.528402, 0.388722, 0.622221, 0.639085, 0.276045, 0.625006],
[ 0.623319, 0.619909, 0.332436, 0.58839, 0.555657, 0.583325, 0.649948, 0.354527],
[ 0.627135, 0.635784, 0.419857, 0.54332, 0.535966, 0.541553, 0.59471, 0.475082],
[ 0.638663, 0.619909, 0, 0.551652, 0.555657, 0.748968, 0.699071, 0.276286],
[ 0.696079, 0.60263, 0.544541, 0.560121, 0.380824, 0.595648, 0.63355, 0.440262],
[ 0.474086, 0.635784, 0.498221, 0.600706, 0.330111, 0.519282, 0.434001, 0.765497],
[ 0.602568, 0.944388, 0.679369, 0.601482, 0.366327, 0.660188, 0.523434, 0.4671],
[ 0.733142, 0.60263, 0.510516, 0.666508, 0.380824, 0.673757, 0.625125, 0.424662],
[ 0.844161, 0.60263, 0.544541, 0.560121, 0.650124, 0.855952, 0.916431, 0.0550823]]
920,[[ 0.641564, 0.93554, 0.637001, 0.544852, 0.315238, 0.730167, 0.605511, 0.2709],
[ 0.436678, 0.95298, 0.455856, 0.269572, 0.843154, 0.66915, 0.584129, 0.372809],
[ 0.5296, 0.931015, 0.528402, 0.50226, 0.444285, 0.646799, 0.503305, 0.562219],
[ 0.557785, 0.948715, 0.605955, 0.596084, 0.35748, 0.746831, 0.542697, 0.346571],
[ 0.415979, 0.583624, 0.289998, 0.446368, 0.754686, 0.595648, 0.598884, 0.440262],
[ 0.453175, 0.939997, 0.591785, 0.223033, 0.523677, 0.628748, 0.55323, 0.477938],
[ 0.717566, 0.635784, 0.556883, 0.569162, 0.378811, 0.673757, 0.554482, 0.549785],
[ 0.651288, 0.60263, 0.602467, 0.524382, 0.366327, 0.63194, 0.675583, 0.39613],
[ 0.555999, 0.619909, 0.569502, 0.429803, 0.425158, 0.67968, 0.562699, 0.326983],
[ 0.283816, 0.939997, 0.561562, 0.464929, 0.593984, 0.646799, 0.476951, 0.606748]]
930,[[ 0.388541, 0.635784, 0.530676, 0.325519, 0.67908, 0.420386, 0.492886, 0.593488],
[ 0.484743, 0.95298, 0.506132, 0.501394, 0.51173, 0.685047, 0.606453, 0.338395],
[ 0.537443, 0.931015, 0.528402, 0.475597, 0.486023, 0.70784, 0.61712, 0.354972],
[ 0.453175, 0.948715, 0.532047, 0.531379, 0.441571, 0.656371, 0.542697, 0.496344],
[ 0.344942, 0.939997, 0.434864, 0.5734, 0.51173, 0.589729, 0.4495, 0.652867],
[ 0.672973, 0.60263, 0.510516, 0.632381, 0.441571, 0.525926, 0.562699, 0.50277],
[ 0.428176, 0.939997, 0.58146, 0.5172, 0.423094, 0.581732, 0.518224, 0.580581],
[ 0.380589, 0.948715, 0.572594, 0.531379, 0.441571, 0.672916, 0.542697, 0.381655],
[ 0.459552, 0.619909, 0.459898, 0.325519, 0.756842, 0.625817, 0.63355, 0.50277],
[ 0.512407, 0.939997, 0.735919, 0.834648, 0.0654275, 0.60189, 0.566393, 0.456552]]
940,[[ 0.570379, 0.60263, 0.621399, 0.54332, 0.299665, 0.302355, 0.707889, 0.456552],
[ 0.858955, 0.538347, 0.655715, 0.551652, 0.366327, 0.728356, 0.767009, 0.10369],
[ 0.539195, 0.619909, 0.599676, 0.472731, 0.366327, 0.590912, 0.579956, 0.345387],
[ 0.461956, 0.635784, 0.459898, 0.504974, 0.470633, 0.589461, 0.337928, 0.844769],
[ 0.475717, 0.931015, 0.60972, 0.600706, 0.295746, 0.581732, 0.492886, 0.580581],
[ 0.761662, 0.538347, 0.655715, 0.623657, 0.311793, 0.919186, 0.558575, 0.324062],
[ 0.479808, 0.619909, 0.496602, 0.61508, 0.299665, 0.595648, 0.562699, 0.381655],
[ 0.798462, 0.60263, 0.622057, 0.551209, 0.460271, 0.945832, 0.883137, 0.00947118],
[ 0.429714, 0.944388, 0.514935, 0.486244, 0.535966, 0.642928, 0.415559, 0.68556],
[ 0.498046, 0.619909, 0.646834, 0.615892, 0.261003, 0.484248, 0.562699, 0.569145]]
950,[[ 0.57856, 0.60263, 0.382761, 0.429803, 0.70319, 0.710032, 0.298926, 0.58934],
[ 0.629048, 0.635784, 0.658173, 0.631184, 0.2847, 0.519282, 0.554482, 0.549785],
[ 0.528733, 0.619909, 0.503517, 0.513204, 0.555657, 0.60189, 0.528402, 0.475082],
[ 0.474086, 0.60263, 0.544541, 0.666508, 0.380824, 0.63194, 0.675583, 0.39613],
[ 0.68096, 0.538347, 0.622601, 0.387384, 0.451778, 0.869278, 0.856913, 0.138547],
[ 0.564062, 0.583624, 0.544541, 0.560121, 0.650124, 0.608188, 0.748274, 0.411262],
[ 0.615727, 0, 0.473949, 0.521564, 0.506708, 0.826316, 0.879495, 0.134683],
[ 0.487222, 0.931015, 0.528402, 0.475597, 0.486023, 0.620961, 0.518224, 0.456552],
[ 0.413714, 0.931015, 0.482395, 0.552946, 0.486023, 0.661693, 0.297473, 0.629422],
[ 0.312565, 0.948715, 0.487996, 0.506609, 0.523677, 0.581732, 0.492886, 0.580581]]
960,[[ 0.78536, 0.538347, 0.657201, 0.760026, 0.0941573, 0.856858, 0.808402, 0.0934031],
[ 0.817234, 0.619909, 0.599676, 0.551652, 0.311793, 0.693952, 0.874081, 0.10369],
[ 0.519245, 0.93554, 0.623783, 0.595127, 0.171768, 0.660188, 0.571671, 0.428126],
[ 0.328196, 0.948715, 0.368038, 0, 1, 0.60189, 0.492886, 0.580581],
[ 0.446062, 0.931015, 0.528402, 0.475597, 0.486023, 0.628748, 0.55323, 0.477938],
[ 0.386363, 0.939997, 0.600671, 0.49153, 0.504998, 0.656371, 0.542697, 0.496344],
[ 0.67696, 0.60263, 0.390187, 0.521564, 0.576228, 0.595648, 0.484686, 0.50277],
[ 0.241411, 0.939997, 0.4969, 0.437276, 0.641128, 0.585719, 0.415559, 0.638748],
[ 0.5296, 0.635784, 0.496602, 0.61508, 0.299665, 0.573073, 0.625923, 0.320811],
[ 0.908937, 0.538347, 0.681057, 0.77101, 0.0818519, 0.919186, 0.913219, 0.0281707]]
970,[[ 0.652264, 0.635784, 0.419857, 0.504974, 0.470633, 0.541553, 0.685198, 0.369092],
[ 0.26533, 0.939997, 0.532047, 0.454463, 0.567302, 0.628748, 0.55323, 0.477938],
[ 0.615727, 0.583624, 0.397664, 0.530058, 0.59774, 0.710032, 0.298926, 0.58934],
[ 0.83851, 0.583624, 0.791689, 0.904412, 0.0152732, 0.856858, 0.808402, 0.0934031],
[ 0.831758, 0.619909, 0.628346, 0.58839, 0.311793, 0.556257, 0.721411, 0.367796],
[ 0.310002, 0.948715, 0.623935, 0.550098, 0.323147, 0.656371, 0.542697, 0.456552],
[ 0.634807, 0.926419, 0.505943, 0.552946, 0.404388, 0.707971, 0.593328, 0.391068],
[ 0.310002, 0.944388, 0.683885, 0.584148, 0.273412, 0.60189, 0.492886, 0.580581],
[ 0.57856, 0.635784, 0.443868, 0.584148, 0.460271, 0.519282, 0.554482, 0.485335],
[ 0.776695, 0.510274, 0.902722, 0.892256, 0.0455164, 0.519282, 0.554482, 0.485335]]
980,[[ 0.446062, 0.635784, 0.459898, 0.338517, 0.717448, 0.556257, 0.337928, 0.765497],
[ 0.677959, 0.619909, 0.569502, 0.58839, 0.425158, 0.60189, 0.528402, 0.475082],
[ 0.533078, 0.948715, 0.610352, 0.623657, 0.366327, 0.672916, 0.518224, 0.496344],
[ 0.446062, 0.619909, 0.503517, 0.513204, 0.555657, 0.667899, 0.426032, 0.597486],
[ 0.532207, 0.92175, 0.528402, 0.475597, 0.486023, 0.67968, 0.574944, 0.400755],
[ 0.257214, 0.948715, 0.572594, 0.454463, 0.567302, 0.60189, 0.566393, 0.456552],
[ 0.346303, 0.948715, 0.552709, 0.531379, 0.481767, 0.422782, 0.276352, 0.85053],
[ 0.428945, 0.948715, 0.637001, 0.544852, 0.315238, 0.73305, 0.589392, 0.418316],
[ 0.622367, 0.60263, 0.473949, 0.59698, 0.380824, 0.595648, 0.598884, 0.381655],
[ 0.387088, 0.948715, 0.591785, 0.531379, 0.441571, 0.688797, 0.589392, 0.496344]]
990,[[ 0.522684, 0.619909, 0.459898, 0.54332, 0.535966, 0.653693, 0.699071, 0.326983],
[ 0.631924, 0.776469, 0.591785, 0.846417, 0.149648, 0.672916, 0.851135, 0.161711],
[ 0.271216, 0.939997, 0.561562, 0.464929, 0.54861, 0.646799, 0.476951, 0.562219],
[ 0.419009, 0.95298, 0.314991, 0.758024, 0.302048, 0.556257, 0.561167, 0.485335],
[ 0.530468, 0.92175, 0.599676, 0.564075, 0.385461, 0.646799, 0.476951, 0.562219],
[ 0.438234, 0.907273, 0.551611, 0.556038, 0.416412, 0.672916, 0.518224, 0.496344],
[ 0.665041, 0.619909, 0.503517, 0.429803, 0.627301, 0.573073, 0.59471, 0.420526],
[ 0.305546, 0.939997, 0.519387, 0.464929, 0.593984, 0.60189, 0.589392, 0.456552],
[ 0.483919, 0.948715, 0.552709, 0.531379, 0.441571, 0.639085, 0.566393, 0.456552],
[ 0.433575, 0.939997, 0.510516, 0.578745, 0.441571, 0.589729, 0.4495, 0.652867]]
1000,[[ 0.450006, 0.939997, 0.561562, 0.49153, 0.54861, 0.581732, 0.518224, 0.580581],
[ 0.341555, 0.961335, 0.455856, 0.269572, 0.843154, 0.590232, 0.33231, 0.629422],
[ 0.453175, 0.939997, 0.600671, 0.566164, 0.384803, 0.585719, 0.415559, 0.638748],
[ 0.556892, 0.939997, 0.623935, 0.596084, 0.323147, 0.696379, 0.503305, 0.400099],
[ 0.820573, 0.60263, 0.662816, 0.560121, 0.324489, 0.63194, 0.642115, 0.39613],
[ 0.789714, 0.60263, 0.689102, 0.822355, 0.109486, 0.659738, 0.492886, 0.661651],
[ 0.845294, 0.510274, 1, 0.832579, 0.0262463, 0.484248, 0.562699, 0.569145],
[ 0.605374, 0.93554, 0.523875, 0.317347, 0.655985, 0.743115, 0.584129, 0.338395],
[ 0.262997, 0.939997, 0.572594, 0.555399, 0.481767, 0.589729, 0.4495, 0.652867],
[ 0.905398, 0.476232, 0.556883, 0.345694, 0.671275, 0.882087, 0.614907, 0.294648]]
1010,[[ 0.705242, 0.619909, 0.622341, 0.522008, 0.403511, 0.67968, 0.666894, 0.326983],
[ 0.281391, 0.939997, 0.577007, 0.560753, 0.412946, 0.646799, 0.55323, 0.438212],
[ 0.469212, 0.619909, 0.426986, 0.472731, 0.627301, 0.619753, 0.554482, 0.485335],
[ 0.653242, 0.939997, 0.519387, 0.542051, 0.54861, 0.73305, 0.589392, 0.418316],
[ 0.768084, 0.635784, 0.648721, 0.648928, 0.251063, 0.567434, 0.365402, 0.702813],
[ 0.594195, 0.60263, 0.576486, 0.521564, 0.576228, 0.729169, 0.64094, 0.29968],
[ 0.613837, 0.619909, 0.530676, 0.54332, 0.470633, 0.525926, 0.346203, 0.79117],
[ 0.297368, 0.939997, 0.58146, 0.49153, 0.463157, 0.70784, 0.61712, 0.354972],
[ 0.684973, 0.60263, 0.324581, 0.54332, 0.535966, 0.302355, 0.675583, 0.520965],
[ 0.67696, 0.944388, 0.695512, 0.578745, 0.403087, 0.70784, 0.61712, 0.354972]]
1020,[[ 0.73628, 0.538347, 0.459898, 0.338517, 0.717448, 0.751331, 0.70258, 0.443633],
[ 0.615727, 0.939997, 0.75105, 0.834648, 0.0654275, 0.704076, 0.570755, 0.415978],
[ 0.290547, 0.948715, 0.623935, 0.550098, 0.323147, 0.639085, 0.566393, 0.418316],
[ 0.642533, 0.562426, 0.448761, 0.614607, 0.47672, 0.664234, 0.543275, 0.343684],
[ 0.470834, 0.619909, 0.575375, 0.591808, 0.366327, 0.525926, 0.346203, 0.79117],
[ 0.648362, 0.619909, 0.49217, 0.421687, 0.717448, 0.625817, 0.598884, 0.326983],
[ 0.409955, 0.931015, 0.528402, 0.577157, 0.330111, 0.696379, 0.503305, 0.400099],
[ 0.863537, 0.619909, 0.715843, 0.676324, 0.147836, 0.67968, 0.562699, 0.50277],
[ 0.460353, 0.948715, 0.510516, 0.555399, 0.441571, 0.656371, 0.566393, 0.418316],
[ 0.609127, 0.619909, 0.459898, 0.464577, 0.605452, 0.595648, 0.524744, 0.569145]]
1030,[[ 0.270624, 0.948715, 0.623935, 0.550098, 0.323147, 0.581732, 0.518224, 0.580581],
[ 0.611009, 0.60263, 0.510516, 0.392025, 0.650124, 0.68567, 0.35455, 0.520965],
[ 0.552437, 0.944388, 0.591785, 0.531379, 0.441571, 0.692572, 0.571671, 0.39075],
[ 0.69304, 0.60263, 0.510516, 0.632381, 0.441571, 0.590912, 0.579956, 0.345387],
[ 0.602568, 0.538347, 0.711276, 0.910365, 0.0425318, 0.547408, 0.500221, 0.677653],
[ 0.544469, 0.93554, 0.623783, 0.595127, 0.198097, 0.680531, 0.577002, 0.400099],
[ 0.616673, 0.583624, 0.324581, 0.54332, 0.535966, 0.906596, 0.650828, 0.162576],
[ 0.25264, 0.93554, 0.545385, 0.351403, 0.607901, 0.568457, 0.420774, 0.700558],
[ 0.684973, 0.619909, 0.466887, 0.472731, 0.627301, 0.525926, 0.598884, 0.381655],
[ 0.782104, 0.60263, 0.599676, 0.690494, 0.261569, 0.659738, 0.675583, 0.339743]]
1040,[[ 0.264746, 0.93554, 0.587403, 0.258562, 0.598967, 0.68438, 0.292795, 0.574993],
[ 0.636734, 0.635784, 0.459898, 0.713333, 0.35247, 0.664234, 0.543275, 0.343684],
[ 0.317727, 0.948715, 0.299179, 0.798614, 0.300075, 0.656371, 0.518224, 0.67096],
[ 0.486395, 0.944388, 0.591785, 0.531379, 0.441571, 0.692572, 0.571671, 0.39075],
[ 0.561367, 0.939997, 0.637293, 0.589608, 0.313571, 0.688797, 0.518224, 0.381655],
[ 0.74258, 0.538347, 0.684794, 0.69408, 0.428552, 0.63194, 0.234472, 0.737858],
[ 0.59977, 0.583624, 0.397664, 0.530058, 0.59774, 0.50655, 0.528402, 0.532745],
[ 0.433575, 0.948715, 0.263194, 0.811176, 0.28137, 0.60189, 0.518224, 0.456552],
[ 0.614782, 0.619909, 0.569502, 0.513204, 0.366327, 0.50655, 0.59471, 0.420526],
[ 0.45397, 0.931015, 0.482395, 0.552946, 0.486023, 0.60189, 0.589392, 0.456552]]
1050,[[ 0.524408, 0.948715, 0.628346, 0.531379, 0.403087, 0.60189, 0.518224, 0.537688],
[ 0.684973, 0.635784, 0.459898, 0.713333, 0.35247, 0.556257, 0.721411, 0.367796],
[ 0.612894, 0.948715, 0.605955, 0.5734, 0.323147, 0.704076, 0.566393, 0.381655],
[ 0.478169, 0.944388, 0.577007, 0.560753, 0.375433, 0.661693, 0.297473, 0.629422],
[ 0.767011, 0.635784, 0.459898, 0.269572, 0.924727, 0.855952, 0.916431, 0.0550823],
[ 0.545351, 0.60263, 0.472176, 0.473698, 0.625587, 0.710032, 0.298926, 0.58934],
[ 0.364265, 0.944388, 0.577007, 0.560753, 0.412946, 0.60582, 0.415559, 0.638748],
[ 0.927948, 0.510274, 0.426986, 0.472731, 0.627301, 1, 0.837679, 0.0304506],
[ 0.408457, 0.948715, 0.628346, 0.666508, 0.236553, 0.422782, 0.276352, 0.85053],
[ 0.652264, 0.583624, 0, 0.551652, 0.555657, 0.638126, 0.579529, 0.539969]]
1060,[[ 0.359378, 0.619909, 0.272535, 0.551652, 0.627301, 0.374702, 0.562699, 0.639356],
[ 0.478988, 0.60263, 0.510516, 0.438028, 0.576228, 0.667899, 0.46863, 0.531226],
[ 0.694053, 0.60263, 0.390187, 0.481008, 0.728374, 0.704076, 0.562699, 0.381655],
[ 0.513259, 0.60263, 0.544541, 0.438028, 0.576228, 0.60189, 0.528402, 0.475082],
[ 0.840768, 0.538347, 0.569502, 0.513204, 0.366327, 0.919186, 0.913219, 0.0281707],
[ 0.465173, 0.91218, 0.514935, 0.228833, 0.626679, 0.593394, 0.610181, 0.462139],
[ 0.668009, 0.619909, 0.599676, 0.551652, 0.311793, 0.484248, 0.562699, 0.569145],
[ 0.415223, 0.939997, 0.540901, 0.49153, 0.54861, 0.672916, 0.492886, 0.456552],
[ 0.281996, 0.939997, 0.540901, 0.464929, 0.593984, 0.664031, 0.503305, 0.477938],
[ 0.581302, 0.619909, 0.426986, 0.513204, 0.555657, 0.525926, 0.290249, 0.872727]]
1070,[[ 0.658144, 0.635784, 0.419857, 0.54332, 0.535966, 0.541553, 0.685198, 0.369092],
[ 0.256066, 0.93554, 0.477832, 0.317347, 0.70586, 0.696379, 0.246245, 0.800649],
[ 0.451589, 0.619909, 0.426986, 0.513204, 0.555657, 0.484248, 0.442073, 0.639356],
[ 0.615727, 0.619909, 0.382761, 0.472731, 0.627301, 0.704076, 0.406523, 0.42979],
[ 0.56047, 0.60263, 0.382761, 0.472731, 0.555657, 0.569042, 0.450248, 0.58934],
[ 0.745741, 0.538347, 0.711276, 0.910365, 0.0425318, 0.666155, 0.478494, 0.445848],
[ 0.589572, 0.948715, 0.645819, 0.555399, 0.366327, 0.718811, 0.466568, 0.456552],
[ 0.516675, 0.939997, 0.619265, 0.234628, 0.79311, 0.660188, 0.415559, 0.593488],
[ 0.63577, 0.476232, 0.510516, 0.392025, 0.650124, 0.882087, 0.614907, 0.294648],
[ 0.502246, 0.939997, 0.58146, 0.5172, 0.463157, 0.711633, 0.390554, 0.606748]]
1080,[[ 0.329518, 0.95298, 0.587403, 0.596084, 0.35748, 0.66915, 0.606453, 0.372809],
[ 0.761662, 0.583624, 0.613797, 0.708683, 0.337785, 0.727112, 0.666894, 0.276286],
[ 0.34088, 0.93554, 0.58595, 0.618021, 0.256255, 0.692572, 0.571671, 0.39075],
[ 0.488879, 0.619909, 0.272535, 0.429803, 0.867686, 0.673757, 0.625125, 0.424662],
[ 0.507312, 0.60263, 0.544541, 0.438028, 0.576228, 0.647713, 0.554482, 0.485335],
[ 0.616673, 0.619909, 0.503517, 0.58839, 0.425158, 0.549929, 0.426032, 0.817939],
[ 0.48805, 0.635784, 0.621399, 0.54332, 0.299665, 0.541553, 0.492886, 0.657285],
[ 0.284424, 0.939997, 0.492431, 0.486244, 0.580457, 0.589729, 0.476951, 0.606748],
[ 0.913669, 0.583624, 0.857678, 0.708683, 0.0844398, 0.63194, 0.739161, 0.287428],
[ 0.57856, 0.944388, 0.683885, 0.584148, 0.273412, 0.718811, 0.566393, 0.313072]]
1090,[[ 0.590495, 0.619909, 0.426986, 0.58839, 0.366327, 0.727112, 0.666894, 0.276286],
[ 0.40771, 0.93554, 0.477832, 0.317347, 0.70586, 0.60582, 0.240364, 0.638748],
[ 0.818346, 0.538347, 0.576486, 0.666508, 0.324489, 0.751331, 0.70258, 0.443633],
[ 0.532207, 0.60263, 0.544541, 0.632381, 0.441571, 0.60189, 0.415559, 0.724127],
[ 0.671979, 0.60263, 0.466887, 0.383797, 0.95627, 0.302355, 0.571048, 0.737858],
[ 0.474901, 0.93554, 0.659366, 0.595127, 0.256255, 0.624843, 0.523434, 0.507654],
[ 0.474086, 0.60263, 0.562973, 0.543755, 0.391793, 0.60189, 0.607334, 0.339743],
[ 0.531337, 0.60263, 0.714384, 0.481008, 0.324489, 0.710032, 0.298926, 0.58934],
[ 0.214088, 0.944388, 0.614786, 0.560753, 0.375433, 0.533236, 0.584129, 0.525916],
[ 0.76594, 0.60263, 0.628346, 0.58839, 0.311793, 0.60189, 0.607334, 0.339743]]
1100,[[ 0.552437, 0.939997, 0.299179, 0.798614, 0.300075, 0.664031, 0.528693, 0.438212],
[ 0.502246, 0.939997, 0.637293, 0.589608, 0.313571, 0.656371, 0.492886, 0.537688],
[ 0.428945, 0.948715, 0.587403, 0.526122, 0.51173, 0.639085, 0.518224, 0.496344],
[ 0.303648, 0.939997, 0.540901, 0.464929, 0.54861, 0.60582, 0.498073, 0.593488],
[ 0.458752, 0.907273, 0.551611, 0.556038, 0.416412, 0.672916, 0.542697, 0.381655],
[ 0.493034, 0.931015, 0.563881, 0.325089, 0.38419, 0.617746, 0.487526, 0.500549],
[ 0.38347, 0.948715, 0.695512, 0.578745, 0.403087, 0.656371, 0.518224, 0.67096],
[ 0.260096, 0.939997, 0.671845, 0.49153, 0.463157, 0.620961, 0.518224, 0.456552],
[ 0.351088, 0.619909, 0.426986, 0.333769, 0.555657, 0.525926, 0.346203, 0.569145],
[ 0.328196, 0.939997, 0.600671, 0.49153, 0.504998, 0.585719, 0.415559, 0.638748]]
1110,[[ 0.758462, 0.619909, 0.821307, 0.869417, 0.032257, 0.435352, 0.484686, 0.713369],
[ 0.415223, 0.93554, 0.58595, 0.618021, 0.256255, 0.533236, 0.584129, 0.525916],
[ 0.486395, 0.60263, 0.503517, 0.429803, 0.425158, 0.659738, 0.492886, 0.661651],
[ 0.276576, 0.948715, 0.679369, 0.707593, 0.18208, 0.639085, 0.566393, 0.456552],
[ 0.597908, 0.93554, 0.605174, 0.522577, 0.256255, 0.656371, 0.566393, 0.496344],
[ 0.320326, 0.944388, 0.614786, 0.584148, 0.339667, 0.692572, 0.59471, 0.354972],
[ 0.517531, 0.93554, 0.623935, 0.550098, 0.323147, 0.572559, 0.558575, 0.574993],
[ 0.379871, 0.93554, 0.566046, 0.547469, 0.256255, 0.639085, 0.566393, 0.456552],
[ 0.700143, 0.635784, 0.621399, 0.579941, 0.470633, 0.619753, 0.388126, 0.844769],
[ 0.549774, 0.619909, 0.648721, 0.648928, 0.251063, 0.595648, 0.63355, 0.440262]]
1120,[[ 0.25664, 0.931015, 0.528402, 0.50226, 0.444285, 0.620961, 0.518224, 0.456552],
[ 0.469212, 0.939997, 0.561562, 0.464929, 0.504998, 0.672916, 0.63355, 0.346571],
[ 0.66208, 0.60263, 0.434173, 0.632381, 0.380824, 0.67968, 0.63355, 0.326983],
[ 0.526135, 0.619909, 0, 0.551652, 0.555657, 0.619753, 0.554482, 0.485335],
[ 0.723774, 0.619909, 0.628346, 0.513204, 0.311793, 0.789693, 0.699071, 0.186993],
[ 0.769157, 0.60263, 0.576486, 0.666508, 0.380824, 0.60189, 0.450248, 0.58934],
[ 0.442921, 0.92175, 0.599676, 0.564075, 0.385461, 0.656371, 0.466568, 0.580581],
[ 0.246428, 0.948715, 0.572594, 0.555399, 0.403087, 0.639085, 0.566393, 0.381655],
[ 0.669, 0.60263, 0.510516, 0.632381, 0.441571, 0.435352, 0.484686, 0.713369],
[ 0.645443, 0.948715, 0.658365, 0.596084, 0.35748, 0.73305, 0.589392, 0.418316]]
1130,[[ 0.27958, 0.944388, 0.577007, 0.560753, 0.412946, 0.656371, 0.589392, 0.418316],
[ 0.757397, 0.619909, 0.628346, 0.657642, 0.261569, 0.673757, 0.554482, 0.549785],
[ 0.474901, 0.926419, 0.632953, 0.582743, 0.375752, 0.60582, 0.415559, 0.638748],
[ 0.697094, 0.60263, 0.503517, 0.513204, 0.488272, 0.710032, 0.298926, 0.58934],
[ 0.458752, 0.939997, 0.548337, 0.295876, 0.470633, 0.711633, 0.390554, 0.606748],
[ 0.462759, 0.60263, 0.510516, 0.632381, 0.441571, 0.50655, 0.562263, 0.475082],
[ 0.403982, 0.95298, 0.64139, 0.550098, 0.35748, 0.743115, 0.584129, 0.338395],
[ 0.413714, 0.939997, 0.654807, 0.464929, 0.384803, 0.661693, 0.297473, 0.629422],
[ 0.632884, 0.619909, 0.503517, 0.513204, 0.555657, 0.838298, 0.907446, 0.0181158],
[ 0.761662, 0.538347, 0.711276, 0.910365, 0.0425318, 0.562628, 0.562699, 0.440262]]
1140,[[ 0.613837, 0.939997, 0.695512, 0.578745, 0.403087, 0.609771, 0.528693, 0.477938],
[ 0.474901, 0.948715, 0.591785, 0.506609, 0.523677, 0.718811, 0.566393, 0.313072],
[ 0.649336, 0.538347, 0.426986, 0.513204, 0.555657, 0.919186, 0.913219, 0.0281707],
[ 0.410706, 0.948715, 0.552709, 0.531379, 0.481767, 0.672916, 0.589392, 0.456552],
[ 0.398059, 0.948715, 0.695512, 0.578745, 0.403087, 0.672916, 0.589392, 0.381655],
[ 0.565863, 0.93554, 0.477832, 0.547469, 0.561611, 0.704076, 0.566393, 0.456552],
[ 0.298618, 0.948715, 0.615232, 0.710538, 0.276222, 0.60189, 0.518224, 0.537688],
[ 0.374153, 0.93554, 0.566046, 0.547469, 0.256255, 0.664031, 0.528693, 0.438212],
[ 0.454765, 0.619909, 0.452983, 0.41368, 0.810974, 0.595648, 0.562699, 0.381655],
[ 0.631924, 0.60263, 0.569502, 0.513204, 0.488272, 0.302355, 0.707889, 0.456552]]
1150,[[ 0.536568, 0.944388, 0.614786, 0.584148, 0.339667, 0.613267, 0.507951, 0.688683],
[ 0.827274, 0.476232, 0.934393, 0.881682, 0.0109318, 0.899316, 0.721411, 0.242533],
[ 0.843029, 0.538347, 0.873696, 0.760026, 0.0658655, 0.69819, 0.590569, 0.424662],
[ 0.967869, 0.60263, 0.758236, 0.584148, 0.219808, 0.916001, 0.642115, 0.155371],
[ 0.497209, 0.619909, 0.426986, 0.472731, 0.627301, 0.637472, 0.434001, 0.485335],
[ 0.357989, 0.939997, 0.600671, 0.49153, 0.504998, 0.672916, 0.589392, 0.381655],
[ 0.720666, 0.619909, 0.569502, 0.429803, 0.783323, 0.625817, 0.524744, 0.569145],
[ 0.566764, 0.583624, 0.613797, 0.708683, 0.337785, 0.50655, 0.59471, 0.420526],
[ 0.382028, 0.93554, 0.452983, 0.571629, 0.561611, 0.630347, 0.597209, 0.538355],
[ 0.537443, 0.939997, 0.610352, 0.601482, 0.331291, 0.646799, 0.577002, 0.438212]]
1160,[[ 0.215124, 0.95298, 0.263194, 0.811176, 0.28137, 0.597983, 0.513065, 0.525916],
[ 0.546234, 0.944388, 0.577007, 0.560753, 0.412946, 0.743115, 0.584129, 0.338395],
[ 0.721701, 0.619909, 0.537564, 0.472731, 0.366327, 0.727112, 0.63355, 0.326983],
[ 0.62618, 0.948715, 0.605955, 0.596084, 0.35748, 0.746831, 0.542697, 0.346571],
[ 0.235906, 0.939997, 0.561562, 0.49153, 0.54861, 0.533236, 0.584129, 0.525916],
[ 0.225112, 0.93554, 0.519029, 0.352208, 0.617144, 0.572559, 0.558575, 0.574993],
[ 0.331507, 0.95298, 0.506132, 0.681638, 0.259586, 0.685047, 0.606453, 0.338395],
[ 0.640596, 0.944388, 0.596208, 0.629165, 0.339667, 0.704076, 0.566393, 0.456552],
[ 0.271808, 0.944388, 0.577007, 0.584148, 0.375433, 0.67671, 0.59471, 0.39075],
[ 0.547118, 0.931015, 0.528402, 0.475597, 0.486023, 0.656371, 0.466568, 0.580581]]
1170,[[ 0.659126, 0.583624, 0.406279, 0.551209, 0.460271, 0.760905, 0.778759, 0.203777],
[ 0.6552, 0.60263, 0.382761, 0.472731, 0.627301, 0.63194, 0.642115, 0.39613],
[ 0.820573, 0.510274, 0.426986, 0.333769, 0.555657, 0.875632, 0.867018, 0.109248],
[ 0.450797, 0.939997, 0.536457, 0.51188, 0.493218, 0.664031, 0.503305, 0.477938],
[ 0.521823, 0.60263, 0.599676, 0.551652, 0.311793, 0.68567, 0.35455, 0.520965],
[ 0.44449, 0.93554, 0.477832, 0.317347, 0.70586, 0.700212, 0.605511, 0.184574],
[ 0.509007, 0.635784, 0.459898, 0.54332, 0.535966, 0.69819, 0.590569, 0.485335],
[ 0.697094, 0.60263, 0.635395, 0.392025, 0.441571, 0.556257, 0.721411, 0.367796],
[ 0.579473, 0.60263, 0.689102, 0.822355, 0.109486, 0.67968, 0.666894, 0.326983],
[ 0.435125, 0.944388, 0.568218, 0.217231, 0.598967, 0.60582, 0.471736, 0.593488]]
