10,0.6
20,0.7
30,0.8
40,0.7
50,0.9
60,0.7
70,0.7
80,0.6
90,0.8
100,0.7
110,0.6
120,1
130,0.8
140,0.8
150,0.9
160,0.7
170,0.8
180,0.7
190,0.9
200,0.3
210,0.4
220,0.9
230,0.7
240,0.7
250,0.7
260,0.8
270,0.4
280,0.8
290,0.8
300,0.7
310,0.5
320,0.5
330,0.5
340,0.9
350,0.5
360,0.8
370,0.6
380,0.7
390,0.6
400,0.7
410,0.5
420,0.9
430,0.7
440,0.5
450,0.4
460,0.7
470,0.6
480,0.4
490,0.5
500,0.6
510,0.5
520,0.5
530,0.8
540,1
550,0.7
560,0.9
570,0.7
580,0.7
590,0.7
600,0.8
610,0.7
620,0.5
630,0.6
640,0.4
650,0.8
660,0.6
670,0.6
680,0.8
690,0.8
700,0.8
710,0.7
720,0.6
730,0.8
740,1
750,0.7
760,0.6
770,0.7
780,0.6
790,0.5
800,0.7
810,0.8
820,0.7
830,0.4
840,0.7
850,0.4
860,0.5
870,0.5
880,0.6
890,0.6
900,0.7
910,0.8
920,0.9
930,0.8
940,0.4
950,0.5
960,0.7
970,0.6
980,0.6
990,0.6
1000,0.9
1010,0.6
1020,0.7
1030,0.6
1040,0.8
1050,1
1060,0.7
1070,0.8
1080,0.5
1090,0.6
1100,0.5
1110,0.6
1120,0.7
1130,0.6
1140,0.5
1150,0.5
1160,0.5
1170,0.7
