10,0.334795
20,0.535668
30,0.53938
40,0.594575
50,0.667221
60,0.666667
70,0.666667
80,0.666667
90,0.666667
100,0.666667
110,0.666667
120,0.666667
130,0.666667
140,0.666667
150,0.666667
160,0.666667
170,0.666667
180,0.666667
190,0.666667
200,0.666667
210,0.666667
220,0.666667
230,0.666667
240,0.666667
250,0.666667
260,0.666667
270,0.666667
280,0.666667
290,0.666667
300,0.666667
310,0.666667
320,0.666667
330,0.666667
340,0.666667
350,0.666667
360,0.666667
370,0.666667
380,0.666667
390,0.666667
400,0.666667
410,0.666667
420,0.666667
430,0.666667
440,0.666667
450,0.666667
460,0.666667
470,0.666667
480,0.666667
490,0.666667
500,0.666667
510,0.666667
520,0.666667
530,0.666667
540,0.666667
550,0.666667
560,0.666667
570,0.666667
580,0.666667
590,0.666667
600,0.666667
610,0.666667
620,0.666667
630,0.666667
640,0.666667
650,0.666667
660,0.666667
670,0.666667
680,0.666667
690,0.666667
700,0.666667
710,0.666667
720,0.666667
730,0.666667
740,0.666667
750,0.666667
760,0.666667
770,0.666667
780,0.666667
790,0.666667
800,0.666667
810,0.666667
820,0.666667
830,0.666667
840,0.666667
850,0.666667
860,0.666667
870,0.666667
880,0.666667
890,0.666667
900,0.666667
910,0.666667
920,0.666667
930,0.666667
940,0.666667
950,0.666667
960,0.666667
970,0.666667
980,0.666667
990,0.666667
1000,0.666667
1010,0.666667
1020,0.666667
1030,0.666667
1040,0.666667
1050,0.666667
1060,0.666667
1070,0.666667
1080,0.666667
1090,0.666667
1100,0.666667
1110,0.666667
1120,0.666667
1130,0.666667
1140,0.666667
1150,0.666667
1160,0.666667
1170,0.666667
