-3.767042545371197815e-02
-3.510175738589453864e-01
-2.177154190760343389e-01
-5.391942436438464936e-01
-4.550018263465828161e-01
6.248896279103232088e-01
-3.098885380808128476e-01
-2.617118748052175148e-01
-1.446319808308413057e-01
-5.964309350548202548e-01
-6.758002088295700371e-01
7.166072164366613650e-01
1.863005529191032739e-01
-5.325507751614231289e-01
-4.203592784914346181e-01
7.629377964093239095e-01
7.502038184792485520e-01
5.710584507074022431e-01
-7.087937352088589937e-02
7.222024118176378904e-01
