1.0685 1.0274
0.97624 0.84145
1.0179 0.99271
0.99247 0.99583
0.95766 0.96984
1.0298 1.0461
1.0598 0.86533
1.0994 0.95068
0.93485 0.9507
0.9737 0.91873
0.95137 0.99925
1.0261 1.1448
0.99455 1.0054
1.1306 1.0678
1.0822 0.91132
0.9559 0.94744
1.0564 0.83299
1.0242 0.9044
1.0705 0.95983
1.0083 0.93024
1.0356 0.9627
0.89158 0.99253
0.96704 0.95265
1.019 0.96826
1.0121 0.90988
0.93015 0.99347
1.0083 0.94602
0.99529 0.99876
1.0228 1.1092
0.94505 0.93657
1.0095 1.0509
1.037 1.0228
1.1259 1.0375
0.97748 0.99535
0.87916 1.0427
0.98582 0.94864
1.0499 1.0091
0.95206 0.96245
0.87583 0.94413
0.99282 1.0396
1.0353 1.0388
1.0401 1.1971
1.0597 1.0061
0.99268 0.96872
0.89678 1.0778
0.95533 0.94036
1.0581 0.84493
1.0392 0.99473
0.98012 0.92951
0.9953 1.2915
0.92846 1.0131
0.95148 0.95416
1.0915 0.97315
1.0322 0.91339
1.0743 0.96003
1.1988 1.0625
0.94737 1.0427
0.96432 1.0787
0.88369 0.98837
1.0403 1.1539
1.0822 0.92321
1.0041 1.0518
1.0486 0.90188
1.0409 1.0127
0.94075 0.92166
0.934 1.1169
0.96568 1.0108
1.0458 1.0637
0.98608 0.94246
1.0087 1.0868
0.93908 1.0138
0.95252 1.219
0.93773 1.118
1.0816 1.121
0.91751 1.0585
1.0255 0.95988
1.0674 0.96313
0.99945 0.95038
0.97072 1.0326
0.98175 1.097
0.95884 0.93551
1.111 0.98052
1.0289 0.94072
0.949 0.99377
0.99842 1.0857
0.99275 0.97105
0.95764 1.0189
0.96435 1.0367
1.0326 1.0013
0.94542 1.026
1.0103 1.1046
1.1212 0.92405
1.0513 1.0446
0.87127 0.96688
0.91322 0.90384
1.116 0.94518
0.93182 0.97987
1.0117 1.057
0.8027 0.95379
0.90971 1.0249
1.0271 1.2017
0.98982 1.0485
0.91178 1.1534
0.99783 1.1804
0.97516 0.94245
0.9455 1.0421
0.90843 1.0117
0.88267 1.0275
1.0098 0.89066
0.99639 1.1255
0.97936 0.9802
0.96552 0.96884
0.9952 0.93593
1.1645 1.0097
0.93161 1.0766
0.99022 0.92558
0.93233 1.0795
1.0318 1.0465
0.95979 1.0462
0.95455 1.0101
0.92954 0.98372
0.88808 1.0133
0.93948 1.1692
0.96635 1.0587
0.91091 1.1005
1.1394 0.96615
1.0893 0.90015
1.0917 1.0274
1.1622 1.154
0.99161 0.93997
0.95513 1.0221
0.96964 0.97274
1.0435 1.0253
0.96977 0.98486
0.88382 0.90128
1.1475 0.92566
0.92792 1.0426
1.0643 1.0982
1.0908 1.0394
1.0398 1.0907
1.0446 0.90452
1.1152 1.1016
1.012 1.1229
0.94733 1.0837
1.0405 1.1125
0.90812 1.0879
1.0222 0.99463
1.0667 0.97266
1.1189 0.99128
0.9415 0.99541
1.0027 0.88065
0.93154 0.94878
0.86964 1.0314
1.0798 0.82794
1.0332 1.0799
1.0065 1.111
1.0595 0.93164
0.95075 0.98564
0.89623 0.98436
1.0313 0.80533
0.95678 0.98172
0.98535 1.0677
1.074 1.0115
1.0831 0.87427
1.0524 1.0605
0.95515 1.0908
0.92203 0.97236
1.0644 1.0669
0.99875 0.94373
0.96935 1.0631
0.89703 1.0667
1.0034 1.0071
1.1718 0.9904
0.97085 1.0505
0.96247 1.0038
0.99736 0.95846
1.1583 1.0451
0.92282 1.0672
0.83025 1.157
1.0593 1.0025
1.0521 1.0624
0.97211 1.0049
0.96546 0.93822
0.88886 1.0214
1.0743 0.97594
1.0148 1.0608
0.8888 1.0905
0.85914 0.9125
0.98358 1.0448
0.92028 0.96926
1.0196 1.2038
0.96647 1.0002
1.046 1.0994
0.9739 0.99057
1.007 1.0145
1.1035 1.0261
0.88742 1.0583
1.069 1.0657
1.0524 0.95706
0.84445 1.0029
1.0795 1.0447
0.99856 0.95238
1.0251 0.96537
1.0637 1.0839
1.019 1.0896
0.94435 0.90509
0.98541 1.0595
0.99891 1.0085
1.1467 0.97368
0.96128 1.1148
0.88946 1.0456
0.93439 0.85903
1.0386 0.91595
1.0539 0.95821
1.0148 1.0202
1.0658 1.0463
1.1668 1.1577
0.96145 1.0579
1.0725 1.1387
1.0546 0.86515
0.9793 0.93314
0.93346 1.0654
1.0895 0.9434
0.96423 0.88811
1.0307 0.89931
1.0359 1.1167
1.007 0.84639
0.94815 0.91493
0.94254 1.0065
1.011 0.98484
1.0108 0.99643
0.93058 0.98619
0.97566 0.91015
0.94382 0.9497
0.98904 1.0812
0.95118 0.95696
0.97099 1.0533
0.97345 0.96044
0.94358 0.961
0.84197 0.98318
0.98442 1.0808
1.1364 1.0079
1.074 0.9013
1.0105 0.91028
1.002 1.0454
0.91302 1.0148
0.97345 1.0713
1.0765 0.9206
1.0988 1.1664
1.0425 0.96069
1.0082 1.0532
0.99549 0.99932
0.98656 0.97201
1.0437 0.90939
1.0025 1.0029
1.0438 0.83763
1.0068 0.99325
1.0114 0.9883
0.83336 1.0477
1.14 1.089
1.0456 0.953
0.82626 0.95417
1.0047 1.0576
1.0202 1.0317
1.1196 1.0265
0.99139 0.97042
0.99491 0.96186
1.0952 1.1185
1.1317 1.0233
1.1105 1.0591
0.97326 1.0461
1.0789 1.0766
0.99737 1.0377
1.065 1.033
1.0037 0.93235
1.074 1.0302
0.87528 0.98218
1.1175 1.0297
1.138 0.94147
0.92016 0.97107
0.90856 0.90679
0.95928 1.1075
1.0477 1.2118
0.99937 0.97624
0.99269 1.021
0.97899 1.0297
0.97858 1.1044
1.0125 0.94514
0.94758 1.0556
1.1089 1.0472
0.99704 0.98572
0.90819 0.97773
1.0127 1.1551
1.0519 1.2193
1.0477 0.91289
0.85191 1.0184
1.0322 1.0109
1.0321 1.0284
0.76911 1.0284
0.99552 1.0162
1.0613 1.0089
1.0178 0.97341
0.99589 0.93035
0.93977 1.0666
1.1039 1.0313
0.93243 0.98714
1.0573 0.92255
1.0614 0.93853
1.0268 1.1009
1.0559 0.87919
1.0087 0.95855
1.127 0.97039
1.0615 1.0192
1.0348 0.884
1.1218 1.0052
0.95605 1.0048
0.94776 1.0556
0.98807 1.0729
1.1671 0.96839
0.99535 0.96567
1.1318 1.0366
1.0654 1.1136
1.052 1.0032
0.9766 1.1847
0.91067 0.93786
0.95502 1.0148
0.97211 1.0556
0.88753 0.89386
1.0446 0.93999
1.0289 1.0722
0.97914 0.86716
1.0923 0.89379
1.0123 0.99111
0.92496 0.99429
1.0226 1.026
0.92119 1.0882
0.92426 1.0006
0.91551 0.99313
1.0527 0.94467
0.96263 1.1427
1.0923 0.98997
0.87498 0.96344
1.0683 0.97326
0.96449 0.84809
0.95692 0.99932
0.90517 1.0593
0.95368 0.91749
0.99252 1.136
0.99727 0.91351
0.88979 1.0308
1.0662 1.1028
0.97328 0.98052
1.0323 1.1033
1.0548 0.96523
0.9909 0.9772
0.98019 0.93519
1.036 1.0371
0.90665 0.92141
1.0628 1.0406
0.87359 1.046
1.0371 0.99578
0.93258 1.0522
1.0052 1.0483
1.0461 0.97336
0.95418 0.94819
0.94256 1.1343
1.0957 0.92774
1.029 1.0002
1.0399 0.95873
1.0529 0.84339
1.0182 1.0237
1.0329 0.92626
1.0514 0.8795
0.96724 0.97821
1.173 1.0193
0.95791 1.0047
0.97596 0.92442
0.8455 1.0783
0.91947 0.94587
1.0074 1.0543
0.95656 1.002
0.91216 0.90686
1.0888 0.97079
1.0544 1.0002
1.0291 0.99496
0.85416 1.0779
1.0176 0.954
0.96288 0.99615
1.0493 1.1247
1.0602 0.91264
1.044 1.0711
1.0035 0.89659
0.91035 1.0639
1.0153 0.95745
0.91917 0.88829
1.0679 0.98758
0.88078 1.0225
0.97871 0.94878
0.99708 1.0318
1.0005 0.90722
0.93741 0.86669
1.012 1.1045
1.0572 0.97933
0.90534 0.99317
0.99876 1.115
1.086 0.88157
1.0067 1.075
1.0174 0.93126
0.94904 0.94228
0.97178 1.1015
1.0427 1.107
0.91517 0.93603
0.94809 0.95001
0.92385 0.88151
0.92243 0.98113
1.0896 0.98592
1.0534 1.1191
1.0072 0.81487
0.89302 0.95214
1.0531 1.0654
0.95102 1.0401
1.0048 0.93616
0.8896 0.96875
1.0272 1.0194
0.96781 1.0543
1.1343 1.0573
0.95371 1.0876
0.87334 0.95398
0.88448 0.99543
1.0135 0.94365
0.99195 1.0571
1.0834 0.99435
0.95616 0.89465
0.9812 1.06
0.87744 1.1116
1.0574 0.99187
0.98121 0.91855
1.1333 1.2044
0.96639 1.0242
0.8705 1.0385
0.87674 1.0049
1.0208 0.88692
1.2855 1.0186
0.95464 1.2069
0.97685 1.1143
1.0045 1.0714
1.0483 1.0245
1.0758 0.91427
0.94838 0.97183
1.0684 1.0016
1.1084 0.94028
0.93557 0.96975
0.98154 1.0161
1.1003 0.99193
0.96711 1.0215
1.0582 1.1074
1.0378 0.93506
0.98654 0.88432
1.0608 0.97646
0.90851 0.98539
1.1471 1.0889
1.0912 1.0755
0.95649 0.97274
0.9022 1.0846
1.126 1.0365
0.87804 1.0539
0.98473 0.99899
1.0313 1.0297
0.97841 1.0619
1.0309 0.90474
1.1124 0.9261
0.98438 0.96237
0.94897 1.013
1.0662 1.0679
0.8513 1.0003
0.88651 0.88169
0.94857 1.1156
1.0331 0.85867
1.0306 1.0439
0.82135 0.9527
0.92107 0.96862
1.093 0.97793
0.99416 1.0577
1.0921 1.0054
0.94654 0.96611
1.0274 0.93203
0.99753 1.0947
0.99483 0.95513
0.97955 1.0565
1.0084 1.0454
0.986 0.97686
1.0525 1.1127
0.96655 1.1808
1.0297 1.0672
1.0545 0.9811
0.98454 1.1531
1.0331 1.022
0.87301 1.0678
1.0291 1.0815
1.1234 0.99456
0.9731 0.8294
0.97878 1.0893
0.901 1.0028
0.88286 1.0129
1.1174 1.1905
1.0259 0.94268
0.96689 1.1409
1.0245 0.90081
1.0545 1.0252
1.009 1.0738
0.91403 0.95424
1.0048 1.0224
1.0278 0.93374
0.98923 0.95939
1.0937 1.0887
0.95392 0.97686
0.94148 0.99004
0.92745 1.0833
1.0475 0.95763
0.97103 1.0103
0.9517 0.95501
0.9719 1.0129
0.94248 0.90105
0.93622 0.93045
1.0312 1.0011
0.89658 0.93898
1.0065 1.0162
0.93207 0.94448
0.95396 0.97017
0.94724 1.0368
1.0838 0.97858
1.0356 0.97348
1.0189 0.98856
0.93186 1.134
1.1838 0.96977
1.0228 1.0691
1.0615 0.95812
1.1951 1.1287
1.0305 0.90733
1.0402 1.0977
0.84518 1.0092
1.0379 1.1223
1.0359 0.97166
0.95921 1.0286
0.90184 1.0794
0.94279 1.0527
0.98251 0.95207
0.93886 0.97571
1.1435 0.9862
0.98155 1.0636
0.95751 0.91609
0.9606 1.0037
1.0012 0.96368
1.0773 1.0683
0.9441 0.92068
1.122 1.0506
1.0185 0.99004
0.96028 0.91631
0.98659 0.9903
1.0876 0.93461
0.96688 1.0032
1.0162 0.98622
1.1548 1.0268
1.0754 1.1197
0.92399 0.92686
0.99277 0.99621
1.0245 0.97937
0.84614 0.96403
1.046 0.93668
0.9286 0.86671
1.0237 1.0991
1.0234 0.9851
0.92936 0.93411
0.98252 0.90437
0.9916 0.99731
1.1095 0.92479
1.1467 0.9896
1.1585 1.0357
1.0208 1.0267
0.94226 1.0455
0.9241 0.92681
1.0775 1.082
0.95042 0.98123
1.0678 0.99036
0.96519 0.95699
1.0359 1.0087
1.0433 1.0671
0.93135 0.92522
0.94473 0.94704
1.0293 1.083
0.99992 0.94207
1.081 0.99205
0.98117 0.8648
0.98294 0.98759
1.0179 0.9099
0.96607 0.89217
1.1635 0.92084
0.90634 1.1285
0.99384 1.0208
0.95748 1.1127
0.91617 0.92382
1.0208 0.96712
0.89062 1.0517
0.91463 1.0351
0.95986 1.1007
0.9826 0.92938
1.0543 0.98175
1.0322 1.0341
1.0409 0.96146
1.006 0.89482
0.95703 1.0845
1.1647 0.92023
1.0379 0.96989
1.0375 1.0977
1.1111 1.096
1.1186 1.0259
0.90452 0.9929
0.90249 0.97307
1.1943 1.0657
0.9216 1.0582
1.0654 1.0774
0.99025 0.9857
0.92902 0.96944
1.0175 1.0128
0.9721 1.031
1.0278 1.0815
0.96346 0.95912
0.9968 0.89624
0.88609 1.1513
1.0147 0.98273
0.97904 1.1288
1.0652 1.1348
0.94486 0.97129
0.94114 0.92812
0.92592 0.93098
1.0114 0.9479
1.122 0.91168
1.037 1.0543
1.118 1.0042
0.97292 0.85481
1.1688 0.98192
0.83672 1.0098
0.98142 1.0427
1.1287 1.0134
1.1253 0.99194
0.89012 0.95396
1.004 1.1047
1.0722 0.90171
1.0019 1.0601
1.0017 1.0366
1.0147 1.0805
0.96978 0.92861
0.89415 0.93667
1.0641 0.98959
1.0899 1.0408
1.1232 0.8629
1.0195 1.0576
1.053 1.098
1.0647 0.97849
0.89341 0.84358
0.98737 1.0581
1.0499 0.99982
1.0001 0.8708
0.89984 1.0464
0.99119 0.97185
1.0986 1.0671
0.97605 1.0652
1.011 1.0099
1.0572 1.0699
0.90642 0.96015
0.99026 1.0093
0.88677 1.0906
1.1005 1.2485
0.97577 1.0889
1.0918 1.0168
1.0438 1.0675
0.93729 1.0771
0.94606 0.96971
1.0456 0.9279
0.97709 0.99192
0.89799 0.90631
1.093 0.97023
0.9333 0.9692
0.95435 0.91563
1.0142 0.92009
0.91367 0.92749
1.0285 1.0092
0.89916 0.8515
1.2216 0.93593
1.096 1.0194
1.028 1.0418
1.0458 1.0438
1.033 1.0106
0.89194 0.87326
1.0611 1.003
0.94032 1.0199
1.0319 0.91815
0.99146 0.89782
1.0319 0.9711
0.93068 1.1315
0.95081 0.90465
0.96596 1.0666
0.97275 1.0432
1.0021 1.0691
1.006 0.90555
1.0784 1.0205
1.0791 0.91408
0.88357 0.94014
1.0899 0.91055
1.0071 1.1376
0.99033 1.1152
0.94597 0.94805
1.1434 0.99783
0.88744 0.98449
0.93829 0.86813
0.94016 0.87017
1.0009 0.92648
1.0455 0.96554
1.042 0.95557
1.0216 1.0183
1.1638 1.1382
0.91114 1.0247
0.91885 0.9929
0.9026 0.93245
1.0415 1.121
0.96143 0.95505
1.0572 0.84987
1.0468 1.0872
0.80395 1.1556
0.94778 0.91223
1.0193 0.95411
1.036 0.987
0.9768 0.88764
1.076 0.9743
0.94323 0.95382
1.1084 1.1226
1.0055 1.115
1.0475 1.1275
0.97962 0.93108
1.0479 1.0394
0.93443 0.95981
0.92475 1.1046
0.91548 0.96259
1.0599 0.98003
1.0129 0.95388
0.99242 1.1424
0.99782 1.0465
0.94213 0.97015
0.9414 1.0309
1.0349 1.0399
0.98436 0.96592
1.022 0.92472
1.1399 1.0706
0.97574 0.91969
0.91846 1.1407
0.99432 0.96353
1.0712 1.0592
0.96933 0.97546
0.94604 1.1249
1.0252 0.99887
0.98795 1.0178
0.93963 1.0259
0.83344 0.89841
0.92129 1.0282
0.95365 1.0493
1.0404 1.1367
1.0715 1.1112
1.0278 1.0721
0.8417 1.0179
0.90172 0.9611
1.0313 1.1137
0.99974 0.98759
1.0186 0.91776
1.01 1.1431
0.92782 0.99507
1.005 1.0101
1.0358 1.0461
0.96907 1.0131
0.95937 0.85625
1.0133 1.0655
1.0369 1.1615
0.98934 1.0267
0.9173 1.0037
0.99557 1.1269
0.89758 0.97524
1.125 1.0587
0.92399 1.0309
0.97968 0.98676
0.95852 0.9117
1.0219 0.92347
0.8924 0.95336
1.0745 1.0012
0.94908 1.087
0.8831 0.96445
0.9336 0.99782
1.0191 0.83278
1.0082 1.0318
0.93847 1.0427
0.99583 1.0988
1.1724 0.96151
0.97217 1.0181
0.91712 0.99357
1.0675 0.99444
0.94271 1.0333
1.1255 1.0753
1.0776 1.0434
1.0017 1.0961
1.0101 0.9739
1.0092 1.0498
0.97403 1.0657
0.8934 1.0097
0.9993 1.0112
1.0734 0.88672
1.0334 1.0457
0.9448 1.1206
0.9576 1.0541
1.1191 1.0795
1.0517 1.0078
0.98146 0.97075
0.98655 1.0069
0.94026 0.95746
1.0132 0.98342
0.88976 0.93651
0.99002 0.91287
0.91142 0.94719
1.1328 1.0369
1.0472 1.1884
0.97491 0.84656
1.0712 1.1068
1.1248 1.1569
0.90372 0.97006
1.0672 1.1749
1.0346 0.97775
1.0107 1.0483
0.9518 1.0624
0.96798 1.0321
0.9173 0.95486
1.0242 0.99022
0.96361 1.0619
1.0208 1.0783
1.0225 1.0354
0.89266 1.0412
0.9616 1.1095
1.0101 1.0286
1.0454 1.0193
1.021 1.0764
1.0305 1.0237
0.93961 0.96314
1.0996 1.0757
0.93533 0.95568
0.99985 1.0706
0.89828 0.99531
1.0334 0.8939
0.97393 0.93654
1.1956 1.0015
0.97446 0.98073
1.0759 0.95222
0.94775 1.0104
0.95338 1.0156
0.96567 0.93299
0.98159 1.1675
0.972 0.98317
1.0496 0.9171
0.99255 1.1158
1.1409 0.98008
1.0091 0.96105
1.1353 1.0488
1.0093 1.0542
1.0407 1.0971
1.0459 0.9302
0.98361 0.94587
1.0424 0.96485
0.95025 0.99118
0.93042 1.1018
0.9692 1.0332
1.1577 0.94239
0.96573 0.97509
0.90902 0.95981
0.94807 0.95874
0.94174 1.0118
0.91829 0.89062
0.91702 0.97811
0.86925 0.95643
0.99741 1.1042
0.94914 0.79493
0.94213 1.2366
1.0094 0.91813
0.92355 1.0986
1.0491 0.93546
1.093 1.0328
0.99425 1.0266
0.95266 1.0539
1.1277 1.09
1.1784 1.1018
1.1849 1.0186
0.91669 1.0181
0.97836 0.95105
1.1814 1.0086
0.95667 1.091
0.94505 0.88219
0.97939 0.96851
0.97349 1.1169
0.99502 1.0006
1.0018 1.0303
0.86994 0.88855
0.99447 0.98469
0.97202 1.0563
0.95612 1.0874
0.88768 0.81854
1.0454 0.92639
0.94176 0.94478
0.93024 1.1284
1.1451 0.96739
0.95499 0.94414
0.97707 0.94387
0.95495 1.014
1.0522 1.139
0.97283 1.0327
0.97333 1.0702
0.95733 0.98917
1.0083 0.88286
1.0884 1.1042
0.92158 0.88925
1.1102 0.8893
1.1956 1.0659
0.99567 0.9195
0.9071 0.9585
0.98586 0.94815
1.0009 1.011
0.98693 1.0162
0.9947 1.0249
0.95927 1.0946
1.0441 0.96653
1.0778 0.98015
0.95296 0.92122
0.98838 0.92532
1.0027 1.0425
1.0589 1.0975
1.1047 0.95478
0.93889 0.92885
0.99457 1.0137
0.94428 1.0071
1.1918 1.0247
0.84424 1.0206
1.0422 1.036
1.0892 1.083
1.0614 0.98994
0.93754 1.067
0.98961 1.0156
0.96767 1.012
0.86944 1.0053
1.0604 1.0428
1.0642 1.0417
0.9367 0.8912
1.068 1.0864
1.0556 0.91479
0.93162 1.1232
1.0214 0.91159
0.96213 0.98563
1.0342 1.0215
1.0084 1.043
0.89112 0.90507
0.98547 1.0285
1.0409 1.1406
1.0368 1.0081
1.1506 1.0534
0.99736 0.89219
0.94611 1.1159
0.92726 1.063
0.98675 1.1281
1.1601 1.0203
1.0026 0.95656
0.92737 0.90741
1.0562 1.1307
1.0509 0.93507
1.1152 1.0463
0.92079 1.0593
1.0977 0.93715
1.0157 1.0754
0.95723 0.83451
0.94364 1.1339
1.0089 1.0072
1.048 1.0842
0.98016 1.0612
1.0182 0.96874
0.95558 0.97171
0.98779 0.93551
0.96283 0.92913
1.0398 1.0126
1.0346 1.0522
0.91762 1.0111
0.97183 0.96584
1.0058 0.99783
1.0908 1.1139
0.87825 0.97764
0.97073 0.82421
0.9501 1.099
1.073 1.0926
1.1401 0.95158
1.0479 0.99389
