0.042424
0
0.052691
0.062402
0
0.086043
0
0.18358
0
0
0
0.14498
0
0.36173
0.15865
0
0
0
0.068394
0
0.0028946
0
0
0
0
0
0.014513
0
0.081047
0
0.012353
0
0.17341
0
0
0.075501
0
0
0
0
0.10321
0.37934
0.012687
0
0
0
0
0
0
0.39543
0.10977
0.085217
0.037328
0
0
0.34616
0.046856
0.072443
0
0.30353
0
0
0
0.13102
0
0.0082372
0
0.0579
0
0.082276
0.023866
0.12108
0.14447
0.16346
0.032354
0
0.11106
0.0052052
0
0.16394
0
0.071071
0
0
0.021497
0.11378
0.0035276
0.010954
0.033843
0
0.15576
0
0.25957
0
0
0.1051
0
0.057773
0
0
0.2602
0.1577
0
0.033531
0.008281
0.033382
0
0
0
0.22043
0
0
0
0.14255
0.070723
0.08073
0.14642
0.20685
0.027122
0
0
0
0.16755
0
0.021689
0.088205
0.047412
0.081172
0.3497
0
0.045305
0
0.06688
0
0
0
0.0066454
0.18497
0.11464
0.14328
0.032022
0.23637
0.28549
0.056012
0.14451
0
0
0.09516
0.085763
0
0
0.020579
0
0.028523
0.028392
0.028846
0
0
0
0
0
0.025909
0.14411
0
0.11784
0.0084995
0
0.21148
0
0.07383
0
0
0.050046
0.090977
0.025054
0.099209
0.28928
0
0
0.0037921
0.16028
0
0
0
0
0.20378
0
0
0.048725
0
0.27172
0
0.21507
0
0
0.077742
0.070458
0.20006
0
0
0.20754
0
0.01346
0.20029
0.082514
0
0.14563
0
0.23807
0
0
0
0
0.18742
0.019868
0.11961
0.29764
0.050852
0.36724
0
0
0
0
0
0
0.17648
0
0
0.033397
0.044908
0
0
0
0
0.029659
0.077448
0.087971
0
0
0
0.039545
0.16651
0.091978
0
0.021515
0
0.10726
0
0.39951
0
0.12032
0.019444
0.12112
0
0.0059748
0
0
0
0
0.19674
0
0
0.042758
0
0.051414
0
0.089778
0.22386
0.11794
0.14177
0
0.18448
0.15309
0.13522
0
0.20447
0
0.17932
0
0.014236
0
0.16977
0.35786
0
0
0.04474
0.079071
0
0.066221
0.09961
0
0
0.33925
0.21487
0
0.016101
0.053408
0.042301
0
0
0
0
0
0.021252
0.18605
0
0.029765
0.082572
0.0052368
0.024245
0
0.14154
0.12063
0
0.13708
0
0.017689
0
0.18812
0
0.19763
0.12855
0.11091
0.16695
0
0
0
0
0.049187
0.012104
0
0
0.024086
0
0.067778
0
0
0
0.063022
0.049865
0.12006
0
0.20441
0
0
0
0
0.066918
0
0
0.16782
0.0098255
0.1789
0.0047908
0
0
0.072405
0
0.19933
0
0.069814
0.030246
0.004383
0
0
0
0.0054208
0.084779
0.058365
0
0
0
0
0
0.15992
0
0
0
0
0.13767
0.071492
0
0.072211
0.13007
0
0
0
0.049375
0.24941
0.057232
0.10553
0
0.043479
0
0
0.05809
0
0.029747
0
0
0
0.061053
0
0
0.079506
0
0
0
0
0.00034465
0.25683
0
0
0
0
0.081074
0.12794
0
0
0.15805
0.0031492
0.06168
0
0.097533
0.06072
0.17928
0.084866
0
0
0
0.16457
0.06545
0
0
0.0055794
0.080183
0
0.43603
0
0
0
0
0.37819
0.077313
0
0.13384
0
0
0.056779
0.11915
0.26966
0
0.064045
0.2246
0
0.15536
0
0
0
0
0.18487
0.20201
0
0
0.25234
0.10035
0.0012559
0.046979
0
0
0.031482
0
0
0.14073
0
0
0.043834
0
0.14019
0
0
0
0.03356
0.060208
0
0
0.046433
0
0.017154
0.16651
0
0.14658
0.19121
0.1354
0
0.23624
0.11314
0
0.10469
0.15665
0
0.050738
0
0
0.24218
0
0.149
0
0.12351
0.058875
0
0
0
0
0.25091
0
0
0
0.0266
0
0
0
0
0.0071651
0.052056
0
0.034121
0
0
0
0.049695
0.25894
0.027054
0.10827
0.12116
0.05156
0
0.324
0.003494
0.071824
0
0.10404
0.056816
0.0062984
0
0.019831
0.016709
0
0.00069771
0.12589
0
0
0.097711
0.16773
0
0.32898
0.018816
0
0
0
0
0
0.16563
0.18813
0
0.034134
0
0
0.050874
0
0.1972
0.18387
0
0
0
0
0
0.1689
0.087344
0.020882
0
0.14371
0
0.009832
0
0.1174
0.18316
0
0
0.24406
0
0.21524
0
0.069909
0
0
0.05878
0.15873
0.080376
0.037198
0
0.013919
0
0
0.012928
0.0071215
0
0.055152
0
0
0
0.17107
0
0.095905
0.20495
0.04696
0
0
0.22423
0.13748
0.058881
0
0
0.038903
0
0.16073
0.010934
0.083114
0
0.064789
0.10675
0.23302
0
0
0
0
0
0.019867
0.13091
0
0.031988
0
0.087889
0
0.047271
0
0.17698
0
0.10152
0.0077181
0.02393
0
0
0
0.19539
0
0.079293
0.10237
0.071251
0
0.0097075
0.050221
0
0
0
0.13308
0.12635
0
0.25304
0
0.022526
0.12364
0.21688
0.070741
0.054493
0.092848
0
0
0.038995
0.0014913
0
0.091434
0.049256
0
0
0
0.071361
0
0.083853
0.14741
0.070628
0.084364
0.044667
0
0
0
0
0
0
0.047101
0
0.013924
0
0.14638
0
0.07597
0.028164
0
0.050809
0.22334
0.21918
0
0.16996
0
0
0
0.037787
0.028694
0.028549
0.056926
0.18452
0
0
0
0.12626
0
0
0.15481
0.030203
0
0
0
0
0.072393
0
0.23885
0.069753
0.24516
0
0.099755
0
0.080435
0
0.11351
0.1364
0.12987
0.13008
0
0
0
0.033777
0
0.1714
0
0.048767
0
0.15164
0.0091485
0.21725
0.11071
0.15246
0
0
0.034545
0
0.07498
0.23054
0.1115
0
0
0.17673
0.038725
0
0.15847
0
0
0.09597
0
0
0
0.15053
0.017767
0
0.10965
0
0.25601
0.15768
0
0
0
0
0.2374
0.09562
0
0
0
0
0
0.064507
0.2287
0
0
0.083449
0
0.19766
0.17698
0.044176
0.05549
0.16092
0.010395
0
0
0
0.10404
0.19446
0.072274
0.32943
0.095456
0
0
0
0.0036528
0
0
0
0.071624
0.16778
0
0.24041
0.46068
0
0.27165
0.13981
0
0
0.012472
0
0.082426
0
0.16622
0.074458
0
0.011975
0.07284
0
0.13763
0.22637
0
0.27643
0
0.035375
0
0
0
0.13193
0
0
0
0
0
0.15025
0
0
0.03252
0.047481
0.08874
0.27452
0.074175
0.093328
0.027053
0
0
0
0.079962
0
0.1086
0.067528
0
0
0
0
0
0
0.15835
0
0.18512
0
0
0.054682
0.020107
0.0050959
0.15169
0.11466
0.34117
0.12878
0.091656
0
0.23966
0.16411
0
0.029656
0.11311
0
0
0
0
0.061338
0.048149
0
0.063833
0
0.12423
0.032494
0
0
0
0.063621
0
0.12953
0
0.030446
0.25222
0
0.039921
0.2833
0.049329
0
0.027368
0.01498
0
0
0.053316
0
0.062218
0
0
0
0.13181
0
0
0.082328
0
0.15474
0
0.023627
0.13473
0.1286
0.077848
0
0.048304
0
0.13027
0.15728
0
0.145
0
0.063954
0.033341
0
0.11151
0.033462
0
0
0.19608
0
0.14502
0.061304
0.075351
0
0.099495
0.15956
0
0
0.32571
0.027738
0.10441
0.061649
0
0
0
0.16038
0.018447
0.22018
0
0.052286
0
0
0
0.046957
0.020685
0
0
0
0.25575
0
0
0
0.13186
0.14557
0.13047
