2.9532
3.6047
3.2522
2.7778
2.9592
2.9072
2.7628
2.5059
3.1635
3.1014
3.2269
2.7125
3.0116
3.2736
2.7031
3.19
2.6782
2.9671
2.7937
2.9944
3.514
3.2202
3.0441
3.4014
3.0429
3.0715
2.7427
3.2504
3.1989
2.7065
3.1252
2.8626
3.233
3.1896
2.8326
3.0428
2.8539
3.0327
2.9547
3.0529
3.0521
2.9913
3.0789
2.8516
3.0742
3.099
3.3504
2.882
2.94
2.9539
3.1483
3.2752
3.0229
2.7858
2.934
3.16
3.2556
3.1892
2.9693
3.3147
3.0871
3.2855
3.1174
3.0021
3.3661
3.1548
2.9025
2.9843
2.8746
2.9084
3.0388
3.3333
3.1645
2.7985
3.009
2.9264
3.1098
3.0231
3.3991
2.8981
2.8165
3.2606
2.753
3.0639
3.3022
3.2201
3.1559
3.0611
2.9366
3.098
2.8332
3.0168
3.1972
3.3429
2.9911
3.1612
3.0819
2.7926
3.0225
2.7479
3.1989
3.2648
3.0095
3.1245
3.2196
2.6633
2.6804
2.9336
3.0146
2.867
2.7494
3.2872
2.7909
2.8646
3.255
2.789
3.2023
3.1721
2.9571
3.0586
2.9589
2.8153
3.045
2.8555
2.9292
2.7148
3.1151
2.9245
2.9619
2.7781
3.0339
3.3056
2.6595
3.065
2.857
3.2442
2.8248
3.0977
3.0291
3.1178
3.2035
2.8741
3.1717
2.6222
2.8655
3.1467
3.0548
2.8705
2.7
2.7325
3.2498
3.0129
2.9442
2.7775
2.8414
2.7961
3.0777
3.0235
2.8644
2.9537
2.9228
3.2046
3.0881
3.1641
3.0421
2.985
3.104
2.9987
3.1866
2.8766
2.8153
3.1135
2.7589
2.9194
3.0717
3.0635
3.1038
2.9077
2.8949
2.8474
2.797
3.0364
3.4835
3.1782
2.8992
2.8679
2.8166
3.21
2.7813
3.1747
3.0071
3.1397
3.2603
3.0708
2.8797
3.4051
3.0276
2.6941
2.6397
3.2235
3.0507
2.8091
2.9159
2.9815
3.283
3.1234
3.0155
2.7463
3.0169
3.0251
3.0245
2.8108
2.6894
2.8995
3.1697
3.2745
2.8621
2.8829
3.0968
3.0385
3.2649
3.1389
2.8041
3.2463
2.8079
2.9054
3.0232
2.819
3.1214
3.1447
2.8956
3.0157
3.1499
2.8309
3.1268
3.0767
2.981
3.1205
2.8858
2.9309
3.0276
2.9817
3.3241
2.8366
3.0034
3.1187
2.8218
3.0493
3.1863
3.1026
3.0595
2.963
2.698
3.0204
2.8994
2.9292
3.0278
2.9541
3.0393
3.1594
2.948
2.9295
3.4167
2.8044
3.0369
3.1383
2.9549
3.0683
2.8196
2.8434
2.7917
2.9954
2.9798
3.6605
2.9537
3.0476
2.778
3.3699
3.0228
2.7023
3.1749
2.8711
3.0949
3.0595
2.8312
3.3183
3.1219
2.7455
2.7616
3.041
2.9627
3.0176
2.9245
3.1447
2.9211
2.8633
3.1598
2.8262
2.968
2.9714
2.9428
3.012
2.9812
3.0026
2.9253
3.1727
2.674
3.0443
2.84
3.1919
2.9577
3.3387
3.0905
3.2411
2.9779
3.2944
2.8937
2.8323
3.0611
2.9081
3.042
2.7788
2.7818
2.8163
3.0947
2.9011
3.2311
3.1614
3.043
2.9058
3.0458
2.968
2.8644
2.4984
3.0821
3.2246
2.9488
3.0721
3.019
3.0104
2.9902
3.0557
2.9003
3.0007
3.1947
2.8497
3.0953
2.9563
3.1803
3.1385
3.1528
2.538
3.0107
2.6934
3.3055
3.0225
3.0915
2.8669
3.1364
3.113
3.0398
3.094
2.7781
3.0726
3.1193
3.0208
2.7665
3.1132
3.1104
2.9445
3.1011
2.8393
3.0216
2.7953
3.3157
3.1383
2.9409
2.9482
2.9989
3.0819
2.7689
2.7169
2.7538
3.0376
3.027
2.846
3.0924
2.927
3.0137
3.0344
2.946
2.9125
3.1148
2.8126
2.9178
2.9972
3.1222
3.0982
2.7081
3.002
3.0329
3.0008
2.9608
2.8712
2.8311
3.069
2.6723
3.1351
2.8061
3.0087
3.0206
3.1606
3.2047
2.8995
2.7383
2.7156
2.9774
2.6982
3.1112
2.8403
3.1351
3.0008
2.7063
2.8911
2.8758
3.1633
3.0698
3.1955
2.7427
2.8084
3.1198
2.8431
3.0427
3.0248
3.263
3.0871
3.1637
3.0545
2.8994
2.9536
3.2468
3.0189
2.7591
2.9521
3.3493
3.1519
2.7461
3.0589
3.2161
2.9691
3.0713
2.7967
2.9836
3.0558
3.2059
3.1468
2.8775
2.8691
2.8453
3.0158
2.8829
2.8772
2.7795
3.2
3.0286
2.9806
3.0835
3.0551
3.0168
3.2555
2.9426
2.8748
2.8593
2.976
2.865
3.0672
3.0907
3.0813
2.9883
2.9846
2.8706
3.1975
3.0188
2.6818
2.8416
3.0739
2.9658
3.1693
3.0306
2.8574
3.0419
3.1833
2.7978
3.2356
3.0163
2.8926
2.8242
3.3044
3.077
2.7925
3.0041
2.9081
3.1441
2.7379
2.8898
3.4013
3.131
2.928
2.9842
2.8958
3.1743
3.0809
2.9742
3.1128
3.0253
3.1987
2.8554
3.0183
3.199
3.0436
3.0492
2.8657
2.8287
2.9377
3.1467
3.1323
3.1592
3.1501
3.0535
2.8776
3.0639
3.3286
3.1696
3.1795
3.3538
3.3182
3.2089
2.9428
2.7213
2.8318
3.0161
2.8983
3.2402
3.2028
3.04
3.0771
2.983
3.4032
3.0761
2.8732
3.1758
3.0187
2.9132
2.972
2.9118
3.0175
3.1364
3.0313
3.2227
3.0897
2.6315
3.1756
2.9932
2.9694
3.3477
2.8734
2.7553
3.0427
2.9535
2.9657
3.1559
2.804
3.2568
3.0714
2.8959
2.9888
3.0086
3.2883
3.2045
2.9692
2.7682
2.7204
3.1945
3.0277
2.8208
2.8633
2.8258
2.9382
3.0534
3.0125
2.8382
3.1403
3.1691
3.3565
2.991
3.0565
2.8519
3.1665
2.9103
2.9746
3.0718
3.2375
2.751
2.9386
3.107
3.0184
3.1352
2.9942
3.1026
2.7016
2.8037
2.8329
3.1455
3.3988
2.7973
2.9221
3.1216
3.3263
2.8293
3.2006
2.8192
3.083
3.0292
3.307
2.7446
3.2889
3.1163
3.0312
2.7724
3.1855
3.1764
3.0905
3.0901
2.8119
3.1436
2.8952
3.0362
3.1228
3.3544
3.1331
3.2407
3.0771
2.7767
2.7852
3.0409
3.0663
3.3758
2.9869
3.2193
3.0373
3.0001
3.0351
3.0051
3.2833
3.3844
2.9198
3.0778
2.7828
3.0517
3.0802
2.769
2.763
3.0187
2.9916
2.9319
2.8847
3.2587
2.859
3.0185
3.0084
3.2387
3.1891
2.9432
3.2713
2.9035
2.7747
2.9205
2.5984
3.0405
2.7548
3.1758
2.9121
2.8177
2.9136
3.0145
3.0471
2.8845
3.2077
2.8007
2.8846
3.042
3.0926
2.9373
3.1081
3.3698
2.7617
3.1876
2.9626
3.04
2.8611
2.8213
3.0022
2.8325
3.1206
2.8567
2.8061
3.0535
2.9846
3.1836
3.0093
2.9956
3.1406
3.0329
3.0307
3.0329
3.0038
2.8041
2.654
2.8094
3.0998
2.9335
3.034
2.8668
3.0729
2.9544
3.114
3.3263
2.9512
2.9885
2.9256
2.921
2.7904
3.2103
3.247
2.9822
3.1653
2.7338
2.9862
2.9529
3.1002
3.1185
3.0467
3.1785
2.961
2.7218
3.0331
3.1032
3.2252
2.958
2.7852
3.1013
2.6909
3.3566
3.1114
2.7934
3.0128
3.1072
3.1114
3.0981
2.8197
3.5812
3.1966
3.0166
2.9181
3.2483
3.2643
2.9539
3.1354
2.6246
2.7753
2.9794
3.1366
2.9512
2.861
2.8828
3.1663
3.1497
2.8621
3.1203
3.0493
3.0451
2.8819
2.8388
3.1259
2.7528
2.9795
3.0738
3.3871
3.0532
3.0134
3.1075
3.1729
3.2061
3.1996
3.115
2.871
3.176
2.6821
3.2853
2.9315
2.8813
3.0449
3.2291
3.0536
3.1428
3.0723
3.0913
2.9788
2.7557
2.9922
3.0665
3.2889
3.0831
3.3557
3.1835
2.8194
2.7675
3.0608
3.0031
2.9459
2.7616
3.1102
2.9635
3.0757
3.2172
2.5596
2.9548
2.9608
3.2933
2.8683
2.8261
3.1385
3.206
3.2718
3.1036
2.8677
3.1221
3.3569
2.9814
3.1368
2.809
2.7063
3.1983
2.881
3.176
3.042
2.8384
3.0542
3.175
2.7606
2.9764
3.0268
2.8241
3.2472
3.0001
3.2191
3.037
2.7753
3.0965
3.2899
3.0485
2.91
3.1615
2.6975
2.999
3.0809
3.1541
2.6645
3.0807
3.2354
3.1131
2.9052
3.2872
3.0041
2.9909
2.942
2.7618
2.889
3.1747
3.1322
3.045
3.0111
2.9678
3.0893
2.8196
2.7909
3.4432
2.9004
3.2524
3.108
3.0559
3.3132
2.7862
3.1592
3.1472
2.9261
2.9267
2.8141
3.0185
2.8459
3.0003
2.9378
3.1721
3.1677
2.8713
3.2746
2.9105
3.0574
2.918
2.9903
3.0168
3.0757
2.9545
3.2909
3.1269
2.9024
3.3181
3.0806
2.9029
3.1202
3.0621
2.921
3.1816
2.9177
2.8912
3.2073
2.8823
3.1303
2.8371
2.8477
2.8254
3.1731
2.9617
2.9288
2.8573
2.7649
3.1341
2.896
2.7982
3.01
2.8029
3.1956
2.9556
3.1274
3.0349
2.8935
3.0516
3.123
2.923
3.1587
3.0177
2.7422
3.0603
2.941
3.1345
2.8997
2.8768
2.8703
3.1099
2.7559
3.2084
3.3369
3.2411
3.2961
2.9733
2.8371
2.7215
3.1632
3.0345
3.1264
3.179
3.3427
2.8198
3.0314
2.7716
3.1267
3.0537
2.8123
2.9792
3.1492
2.9178
2.8381
2.786
2.8582
3.1568
2.9961
2.5817
3.2531
2.843
2.9922
3.0226
3.0768
3.0555
3.2058
3.5553
3.24
2.8279
3.0744
3.0177
3.0114
3.0119
2.9205
2.8791
3.3175
2.9202
2.9789
3.0872
2.9376
2.9981
3.2828
2.7502
2.7866
3.2247
3.0037
3.2424
2.8349
3.0088
2.8128
2.6935
3.1776
3.0775
3.3348
3.0476
2.9879
3.0723
3.3362
3.2412
3.0173
3.1487
2.9797
2.9446
2.6334
2.8427
2.895
3.1897
3.2122
2.9867
3.2216
3.1561
3.0097
2.7784
2.9723
3.0051
3.1657
3.1631
2.7873
3.1148
3.2947
3.0706
2.8475
3.0111
2.9168
2.9405
3.0667
3.0967
3.2327
3.1203
2.7844
3.0956
2.8791
3.0319
3.0217
3.1928
2.8396
2.8465
3.3956
2.9667
3.0132
3.0233
3.1662
2.9212
3.3899
3.2011
3.1382
3.2616
3.2432
3.2892
2.7527
3.021
3.0889
2.9712
2.9265
3.1069
3.0022
3.1312
3.0491
2.8793
3.1905
2.9719
2.7286
3.0395
3.0319
3.1393
2.8265
3.2971
3.0819
2.8388
3.13
3.052
2.8663
3.2926
3.0182
2.8464
2.9773
2.5685
3.1282
2.7885
2.8669
2.8974
3.2874
2.9059
2.8086
2.9343
3.2499
2.816
3.121
3.0142
3.2648
2.8416
3.1775
3.0536
3.0914
2.8057
3.2081
2.9776
3.1913
3.2903
2.8604
3.0003
3.1503
3.1576
2.9916
2.9087
2.9456
3.1285
2.998
3.0728
3.2656
3.0555
3.0956
3.1137
3.0308
3.2576
3.0676
2.9213
3.0265
3.2594
2.7498
2.9771
3.0233
3.1654
2.7777
3.0805
3.1333
2.8599
3.0926
2.9319
3.0565
3.0428
3.1147
2.9133
3.0682
3.2511
3.0642
3.0483
3.0481
2.929
3.1209
3.1026
2.8703
2.8417
3.2987
3.2563
2.835
2.8603
3.0052
3.0914
3.1223
3.0964
2.7545
3.0789
3.1653
2.7639
3.0252
2.8669
2.8254
2.7864
3.2669
3.1453
3.0048
2.9312
3.061
2.8911
2.6714
2.8534
2.9025
2.9558
3.1287
2.735
2.8606
3.3633
2.7974
3.1833
2.792
2.9708
3.1691
3.1304
3.1271
2.8484
2.7744
3.0563
2.7986
2.715
2.9433
3.0411
2.799
3.1447
3.2731
2.8791
2.971
2.8795
2.9967
2.9965
3.2359
3.2223
3.2792
3.0009
2.8644
3.2761
3.0731
2.8627
3.1899
2.8899
2.9522
3.2515
2.9786
2.9239
2.9812
2.7193
3.1318
3.0465
3.0245
2.8178
3.0644
3.173
2.9266
3.2213
2.6531
2.8853
2.9995
3.1338
3.0184
2.9404
3.1422
2.8857
3.0464
2.95
2.9388
3.0991
3.2294
2.8256
3.0083
2.9509
3.1369
2.9446
3.0011
2.9194
3.1523
3.2205
2.7103
3.1505
3.0118
2.7381
3.0924
2.7693
2.9722
3.0702
2.9302
2.7629
2.9086
2.8409
2.8738
3.0872
3.1887
2.6103
2.9455
3.0058
3.4534
3.0229
2.9897
2.917
3.1518
2.8435
3.0916
3.0441
3.0861
2.8978
3.1161
2.8809
2.564
3.2609
2.8917
3.0064
3.0029
2.7702
2.6819
2.9832
2.9795
2.9307
3.0368
3.2617
3.2837
3.1161
3.0225
2.9379
3.1988
2.9787
3.2339
2.8968
3.0054
2.9454
3.2236
3.073
2.6565
2.9687
3.0446
2.7338
2.9231
2.9779
3.0848
2.9049
3.2394
3.1131
2.9471
3.0667
2.914
3.2413
3.1075
2.8255
2.932
2.9954
2.969
3.1083
2.8907
2.9399
3.0579
2.9769
2.9126
2.903
3.0987
2.9501
3.0377
3.1308
3.4786
3.279
2.7306
3.514
3.069
2.7599
3.0995
3.1425
2.7337
2.984
3.1948
3.0311
3.2279
3.1826
2.6141
2.9624
2.8572
2.9127
3.0338
3.1956
3.0721
2.846
2.9841
3.2353
3.0508
3.1401
3.071
2.8574
2.7914
2.6519
2.8984
3.0801
2.7993
3.0625
3.2656
2.9485
2.7999
3.068
3.1194
2.9309
2.8925
3.0943
3.0611
2.8457
2.9478
2.9634
3.22
2.8601
2.7397
3.1529
2.9181
2.8748
3.2327
3.0242
3.3313
3.1871
3.052
2.8873
3.0251
2.7406
3.1203
3.1509
2.9088
2.8843
2.8841
3.179
3.0594
2.8232
2.8862
2.8977
2.9578
3.0944
3.047
2.9967
3.0293
3.1873
3.0522
2.8835
3.0924
2.9738
2.8611
3.1517
2.9452
3.0303
2.975
3.0675
3.0798
2.9468
2.8898
2.963
2.9428
3.1366
3.0711
3.075
2.9539
2.8863
3.0646
2.9897
3.2454
2.8076
2.9101
2.8788
2.904
3.1432
3.1746
3.0029
3.1365
3.1005
2.93
3.074
2.9205
3.3007
2.9071
2.9747
3.1728
2.8891
2.9866
3.1118
3.224
2.9624
2.9326
3.1284
2.8335
2.6574
2.8215
2.9223
3.2376
3.069
2.6624
3.2453
3.1698
2.9198
3.0108
2.8052
3.0079
2.9409
2.9753
2.9726
2.7281
2.8599
2.8833
2.911
3.0666
3.2307
2.751
3.2049
2.8094
2.965
2.925
2.8106
3.0349
3.009
3.049
2.8912
3.2549
2.689
2.9792
3.179
2.9764
3.1252
3.3073
3.3343
2.9587
3.0132
3.0538
2.9932
3.0481
3.067
2.9476
3.199
2.8411
3.134
3.1538
2.8235
2.9771
2.8575
3.0552
2.8873
3.0627
2.9503
3.1981
2.7816
3.1179
3.0245
3.1012
3.0205
2.9302
2.9497
2.8939
3.3072
2.8758
3.0829
3.0302
2.9662
2.8638
2.89
2.9153
3.0476
3.1779
3.2182
2.7494
3.0986
2.8931
3.1399
2.8556
3.1128
3.1129
2.6805
3.1735
3.2912
3.0456
2.7363
3.1777
2.8703
3.2965
2.9766
2.6008
2.8965
3.1314
2.824
2.8667
2.8127
2.8516
3.1002
2.8292
2.9562
2.8179
3.2161
3.0659
2.9057
3.1352
2.8939
3.0048
3.0357
3.0098
3.2413
2.8111
3.0349
3.002
3.0514
3.2697
3.085
2.9869
3.3029
3.1569
2.7063
2.8774
3.0911
3.2869
2.9434
3.1216
3.2311
3.2907
2.9399
2.7296
3.0504
2.8141
3.2049
2.756
3.0583
2.9527
3.1229
2.943
3.1407
3.2189
3.1737
3.0022
3.2909
2.7438
2.9997
3.0195
3.0708
3.0453
2.993
2.9709
3.2162
3.0705
3.0574
2.9778
2.9421
3.317
2.9653
2.8368
2.948
3.4322
2.7826
3.2362
3.2859
2.8119
2.9006
2.6861
3.0876
3.3926
3.1062
3.1177
2.9801
2.9729
2.9544
2.9115
3.1301
2.9709
2.9763
3.2673
2.9186
2.8879
2.9415
2.9897
2.9644
3.1689
3.0081
2.8261
2.9985
3.0874
3.3719
2.8345
3.2939
2.8919
2.9925
3.114
3.0129
3.0552
3.128
2.9316
3.0605
2.9237
2.7627
3.2427
3.0182
3.1485
3.062
2.5188
2.7452
2.6691
2.9338
2.8412
3.0722
3.0211
3.1242
3.032
2.9588
2.9136
2.819
2.8692
2.9967
3.0026
2.9607
3.1138
2.9809
2.9523
3.0212
3.2755
3.0517
2.7643
3.1261
2.9133
3.3062
2.7126
2.9939
3.121
2.5625
2.9958
3.0547
2.9078
2.8962
3.1111
3.1623
2.9587
2.8693
2.95
3.0165
2.8637
3.441
2.8376
2.9646
2.7607
3.1423
3.189
3.0348
2.8283
3.1517
2.7486
3.1125
3.0046
3.184
2.7076
3.2695
2.9599
3.2177
3.1004
3.0653
3.0615
3.0941
3.0268
2.807
2.8792
3.2362
2.8714
3.053
2.6903
2.9287
3.0858
2.9339
3.116
3.0477
3.27
3.0036
3.026
3.1733
3.0332
3.1025
2.8015
2.8805
3.1933
3.0695
3.2304
2.7464
2.8894
2.8122
3.0633
3.0463
2.9516
3.0577
3.0778
2.8268
3.0304
2.9551
2.7749
2.8544
3.4266
3.3931
2.8317
2.776
2.8829
3.0473
3.1515
2.8889
3.0293
3.0908
2.8711
3.0897
2.7574
3.0359
2.6476
2.9034
2.7332
3.0618
3.0605
3.1381
2.8833
3.2106
3.5523
2.9853
3.1118
3.0717
2.7624
3.1162
3.0863
3.0742
3.0313
3.0008
3.091
3.0672
3.0101
2.9261
2.857
3.0819
3.113
2.904
3.0119
3.1438
3.2663
3.0621
2.8372
2.8566
2.9405
3.2264
2.9674
2.8652
2.7919
3.2193
2.9035
2.9254
2.9969
3.0163
3.0242
2.8306
2.7642
2.929
3.2431
2.8497
3.0807
2.9731
3.0955
3.0265
2.7107
2.8677
2.9174
3.2332
2.666
2.7128
3.0278
2.8431
2.9203
2.965
3.0482
2.9872
3.2518
2.9892
2.8725
2.9013
2.9264
2.7518
2.9967
2.9935
2.9673
2.982
2.8565
3.2723
3.1968
3.3032
3.1545
2.9441
3.2872
3.214
2.9577
3.3077
3.0823
3.1093
3.0983
3.1979
2.6991
3.1086
2.867
3.0541
3.2815
3.0197
2.966
3.0155
3.0958
2.9403
3.079
3.0949
3.1521
3.1632
3.5995
3.2592
2.8143
3.172
2.8671
3.3626
2.8495
2.9526
2.9993
2.8656
3.1087
2.8557
3.0652
2.7374
3.4585
2.9858
3.068
3.1698
3.2518
2.9745
2.9972
3.187
2.9501
2.9895
2.9351
3.0494
3.0294
2.9828
3.059
2.9004
2.8553
3.1465
3.0689
3.1531
2.9533
3.1973
2.9005
3.1723
2.8039
2.9105
2.76
3.0688
2.8287
2.9408
3.1126
2.8318
3.2216
2.8156
3.2409
3.0009
3.0092
3.1228
3.0777
3.0983
2.6503
3.0199
3.0994
3.4848
2.777
2.7876
2.8883
2.9949
3.04
2.8136
3.1553
3.2798
3.1013
2.9629
2.9414
3.1009
2.9752
2.9715
2.9586
3.0594
2.9916
3.0428
3.2581
2.7587
3.0185
3.0233
2.9046
2.6877
3.0933
3.0795
3.0792
3.0361
2.9901
2.7407
3.0108
3.1482
2.7403
2.961
2.9303
2.8602
3.088
3.0571
2.8526
3.0935
3.4691
2.7352
2.9952
3.3239
3.1374
2.8836
2.8979
2.9872
2.8583
3.0624
3.19
2.978
3.007
2.8305
2.9736
3.1565
2.8745
2.8247
2.8096
3.1357
3.1741
2.7441
3.2493
2.8159
2.927
2.9495
3.0978
2.7094
3.1385
3.1478
2.5859
3.0763
3.1693
3.1121
2.9564
3.1526
3.3273
2.9898
3.0049
2.7894
3.2376
3.227
3.2589
3.114
3.5074
3.0581
3.0571
2.8599
3.1631
3.2633
2.9846
3.3692
2.9006
3.0044
2.9049
3.2396
3.0902
2.8522
2.8589
3.0183
2.9456
3.1969
3.0661
3.1824
3.3128
3.1458
2.9409
2.8487
3.0604
2.9116
2.9254
3.3321
3.1899
3.2108
3.0541
2.9149
3.1399
2.9538
2.838
2.8856
3.0812
3.3706
3.0583
2.9471
3.3149
2.8064
2.9093
3.0686
2.9827
2.9413
2.8129
3.2689
2.9664
2.9745
2.9671
3.0176
3.0485
2.8798
2.9303
2.9801
2.8878
2.7937
3.2283
3.0689
3.0679
2.8658
2.6385
2.7611
2.9787
3.1702
2.8949
3.0248
3.0753
2.9942
3.3113
2.7659
3.0582
3.19
3.3184
3.0605
2.9126
3.1606
2.9941
2.7597
2.7504
2.9198
3.0016
3.1584
3.0701
3.4428
2.7935
3.0688
3.2692
3.0468
2.6309
3.1148
3.0787
3.1776
3.0706
3.1501
3.0612
3.2554
3.2359
3.2114
3.0109
2.8613
2.9181
3.2051
3.3866
3.1427
2.8762
2.7686
2.8511
2.9567
2.7688
2.948
3.2725
3.1918
3.0125
3.2286
3.0614
3.0904
2.7897
2.7077
2.8835
2.896
2.8669
3.0909
2.9934
3.4249
3.1196
3.0392
3.1813
3.1226
2.8551
2.8531
2.8065
3.0473
3.3375
2.8656
3.0807
3.0045
2.5943
3.2374
2.6805
3.0408
2.8693
3.2414
2.9898
3.0717
3.0518
2.7944
2.9372
3.046
3.1961
3.23
2.9804
3.1846
3.0861
3.3883
3.0413
3.1256
3.225
2.9302
3.3667
3.0299
2.9172
2.9886
3.0791
2.6813
3.219
3.0718
3.0582
3.1808
2.9227
3.0493
3.2749
3.1124
3.0479
2.8863
3.1845
2.8413
3.0189
2.9069
3.1065
3.1216
2.8057
2.8361
3.0836
3.3287
3.0142
2.8319
2.8612
2.9551
3.1609
3.0648
2.9711
2.9323
3.2527
2.9639
3.1554
2.9045
2.7708
3.2878
3.1078
2.9529
3.0377
2.7989
3.1725
3.1007
3.2758
3.1239
3.2194
2.9745
2.9316
3.1234
3.2554
2.9285
2.8132
2.7103
2.9184
3.1565
3.0594
3.241
3.0003
3.0896
3.528
2.8862
2.948
3.2889
3.1373
3.029
2.8641
2.9403
2.9632
3.1087
2.977
3.3083
3.0487
2.7859
2.5795
2.8829
2.91
3.0358
3.1414
3.1249
3.1804
3.2325
2.9749
3.098
3.1477
3.1563
3.1248
2.9349
3.2171
2.8427
3.1922
2.9986
3.0849
3.1374
2.8838
2.9649
2.8558
2.9795
3.0526
2.9107
3.2653
2.8547
3.0104
2.8301
2.9796
2.9332
3.2177
3.1326
3.1372
2.9238
3.0683
2.9391
3.3188
2.8056
3.1057
3.168
2.7432
2.808
2.9711
3.2549
3.1386
3.1079
2.9069
3.098
3.0044
2.8784
2.8435
3.2877
2.9779
3.2168
3.2052
3.0922
3.0548
3.2232
2.9184
3.0354
3.0635
2.9127
2.9051
3.0307
2.9761
2.9559
2.8496
2.69
3.1682
2.9501
3.1288
3.0396
3.1392
3.0221
2.7404
2.8159
3.0738
3.0951
2.8555
3.1844
2.9801
3.1947
2.9553
2.9823
2.7926
2.8299
3.3311
2.7514
2.9129
3.1081
2.998
2.8918
2.8622
3.226
3.0062
2.9245
2.7542
3.0481
3.0706
2.7622
3.0987
2.8545
2.9686
2.9471
3.3065
2.9004
3.1248
3.0696
3.0128
3.0197
3.1114
2.9466
2.94
3.0326
2.9717
2.9102
3.1068
2.9215
2.8904
3.1566
2.9575
3.1283
2.9634
2.9467
2.7087
3.3272
3.0928
3.2234
2.8451
3.0455
3.1413
2.9996
2.9642
3.1381
3.3377
2.9377
2.9234
3.1938
2.7581
3.2262
3.2708
2.8998
3.1457
3.0694
2.8754
3.1029
2.9423
2.9732
2.857
2.841
3.1437
3.145
3.0849
2.7777
2.9376
2.9325
3.0953
2.7869
3.1537
2.9501
3.2726
3.014
2.7754
2.8834
2.9126
3.0128
2.9958
3.2533
3.1908
2.9362
3.1541
2.9568
2.9212
2.7932
2.9972
2.5688
3.1043
2.766
2.9848
2.8067
3.0255
2.8825
2.6379
3.2711
3.2002
2.9561
3.1204
3.2818
2.903
2.8191
2.9305
3.2142
3.0636
3.3295
2.84
2.7892
3.0675
3.0991
3.1644
3.2745
3.2504
2.9639
3.1336
2.9994
2.829
2.8002
3.2746
3.1406
3.1719
3.1928
2.7028
3.1484
2.9662
3.2721
3.1573
2.9611
2.9556
3.1108
2.8581
2.977
3.0615
3.3504
2.9307
3.0014
3.2544
3.1522
3.0624
3.1242
2.9415
3.0327
3.1793
2.9659
2.5984
2.6224
3.0671
2.8776
3.0532
3.2116
2.9417
2.9306
3.4913
3.0959
3.1535
3.3917
3.0479
3.0109
3.3593
3.1526
3.041
3.0635
2.8359
2.956
2.8749
3.1247
3.1596
3.1898
3.0994
2.839
3.1245
3.0537
3.1408
2.977
3.1445
3.0565
2.8746
2.7058
3.2622
3.3885
2.9009
3.1815
2.7885
2.6564
3.2329
3.1356
2.9807
2.7345
3.0798
2.9163
2.9157
2.8394
2.921
3.1324
2.7829
2.9622
2.9774
3.0874
2.8949
3.2379
2.9505
2.8081
2.8431
3.0478
2.9999
3.0038
3.0867
2.9132
3.1458
2.8883
2.8376
3.0867
2.9844
3.2205
3.1717
2.7711
3.0983
2.7678
2.5533
3.2465
3.386
2.9861
2.9615
3.3043
3.0231
3.4801
2.7479
2.974
3.0802
3.0236
2.9164
3.0356
3.1176
3.1207
2.6084
3.0563
3.1675
3.0618
3.1675
3.0333
2.9722
2.9514
2.9919
2.786
2.9264
2.9008
3.1002
2.8899
2.7738
2.8655
2.9503
2.9157
3.0355
2.9944
2.9231
3.1537
3.0224
2.6997
2.8364
2.915
3.2187
2.9629
2.9109
2.9502
2.936
3.0366
2.983
3.0987
3.0683
2.8671
2.9038
3.0262
3.2332
3.3527
2.8329
2.7963
2.9641
2.9855
3.117
3.0858
2.8474
3.0974
3.1246
2.9493
3.1981
3.2563
3.1634
2.7533
2.9098
2.9595
3.0161
3.1649
3.0549
2.9518
3.1826
3.0028
2.8667
3.1731
3.0172
3.0527
3.5581
2.8995
3.1361
3.0912
3.0193
2.8912
3.2138
3.0219
2.9421
2.9472
2.9207
2.9687
2.9241
2.7316
2.7121
2.8135
2.82
3.0265
2.9899
3.3946
2.7525
2.9766
2.983
2.7401
2.8836
3.207
2.7549
3.3239
3.0019
3.0406
2.8646
2.7946
2.989
3.0966
3.0538
3.1992
3.159
2.917
3.0849
2.9339
2.9531
3.0917
2.9727
2.8669
3.1755
3
3.3479
2.6991
2.9285
3.1548
2.8895
2.9256
3.1557
2.9913
3.0098
3.3872
2.9288
2.7586
3.0897
3.0861
2.7281
3.1279
3.0498
2.918
2.9052
3.0755
3.2415
3.3581
2.9636
3.0507
3.0076
2.9986
2.9556
2.8721
2.9983
2.7876
3.097
3.2019
2.927
2.9884
3.1685
2.9537
2.9326
2.7994
2.9194
2.9304
3.1436
2.9878
2.9438
2.976
2.9872
3.0411
2.9201
3.2398
3.4002
3.0749
2.9188
3.0855
2.7128
2.9433
2.9877
3.1302
2.8988
2.9129
2.7902
3.2506
3.1519
2.9896
2.9897
2.9277
2.8812
3.0394
3.2141
2.8826
2.9361
2.9469
3.0839
3.2518
3.0655
2.9858
2.7394
2.8878
3.0347
3.1334
3.0112
2.8681
2.9881
3.2348
3.1377
3.0277
2.8678
3.0969
2.9358
2.8788
2.8552
3.4479
2.9728
3.0757
2.9226
2.9297
3.0714
3.0407
3.2253
3.2901
2.9477
3.0914
3.1107
3.3424
3.2051
3.0515
3.0845
3.0114
3.0701
3.0478
3.4982
3.1254
3.1069
2.9801
2.9194
2.9636
3.0539
2.8381
3.1248
2.8583
2.9088
2.9781
3.1343
3.2066
3.639
3.0613
3.0164
2.9102
3.1441
2.9989
3.1861
3.2405
3.0877
2.5649
2.7581
2.9327
3.198
3.2526
2.9294
3.0255
3.0225
3.0424
3.1757
2.7025
2.8475
3.17
2.9664
2.9605
2.955
2.8106
2.7947
3.1085
3.4081
2.9141
2.6201
3.1699
2.8485
3.2729
3.1348
3.1626
3.0862
2.8827
3.0029
2.9424
3.0493
3.1477
2.9698
2.931
3.1408
2.8491
2.8519
2.7613
2.887
2.8254
2.8501
2.9355
2.9256
3.2608
3.0817
3.1333
2.8378
2.8807
3.1304
2.9432
2.9537
3.2681
2.8875
3.171
3.4556
2.9278
2.9758
3.1524
2.9017
2.8842
3.194
3.3431
2.8572
2.7679
3.1772
3.1436
2.6884
3.6232
2.8955
2.6579
2.7906
2.9675
3.1882
3.035
3.0039
2.9345
2.9627
2.888
2.7625
2.9922
3.0307
2.9746
3.1217
3.0428
3.1067
3.0248
3.0737
3.0857
2.9348
2.7901
3.1245
2.946
2.8097
3.0189
2.8573
3.1892
3.2084
2.8327
3.0955
3.4183
3.2066
3.0544
3.0537
3.192
3.0559
3.0789
2.9732
3.1912
2.6097
3.0512
2.8144
3.2635
2.9548
2.8772
2.8275
3.1903
3.043
2.9789
2.9727
2.9865
3.1376
3.0986
3.171
3.2621
3.2326
3.0712
2.6364
3.1698
2.9842
2.7215
2.8768
2.955
2.9872
3.1085
2.9216
2.9587
3.5905
3.2404
3.2464
3.1852
2.8124
3.1392
2.8214
2.7452
2.7233
3.1518
2.7979
3.0546
3.0191
2.9789
3.089
2.9909
3.0389
2.9697
3.1318
3.1355
2.7975
