10,0.7
20,0.7
30,0.672
40,0.7
50,0.7
60,0.7
70,0.7
80,0.7
90,0.7
100,0.704
110,0.702
120,0.7
130,0.7
140,0.7
150,0.7
160,0.7
170,0.702
180,0.707
190,0.716
200,0.712
210,0.705
220,0.705
230,0.7
240,0.703
250,0.7
260,0.709
270,0.71
280,0.725
290,0.724
300,0.729
310,0.728
320,0.728
330,0.721
340,0.728
350,0.729
360,0.734
370,0.723
380,0.722
390,0.726
400,0.729
410,0.731
420,0.723
430,0.73
440,0.725
450,0.728
460,0.725
470,0.723
480,0.725
490,0.73
500,0.725
510,0.729
520,0.729
530,0.73
540,0.728
550,0.73
560,0.732
570,0.731
580,0.732
590,0.732
600,0.726
610,0.732
620,0.729
630,0.733
640,0.735
650,0.744
660,0.737
670,0.739
680,0.737
690,0.744
700,0.738
710,0.737
720,0.737
730,0.738
740,0.725
750,0.727
760,0.728
770,0.722
780,0.734
790,0.736
800,0.737
810,0.738
820,0.737
830,0.737
840,0.731
850,0.737
860,0.738
870,0.738
880,0.745
890,0.736
900,0.737
910,0.738
920,0.733
930,0.736
940,0.737
950,0.738
960,0.737
970,0.736
980,0.736
990,0.742
1000,0.736
