[-2.45234324714544565937e-01, 5.35647840106429559692e-02, -1.60675659320308333866e-02, 5.35647840106427686191e-02, -1.60675659320308472644e-02, 5.35925036179576361195e-02, -1.60072943383784416227e-02, 5.35647840106427686191e-02, -1.60675659320305697086e-02, 5.35925036179580593920e-02, -1.60072943383772099690e-02, 5.35647840106428241302e-02, -1.60675659320306737921e-02, 5.36202232252732807760e-02, -1.59470227447236455320e-02, 5.35647840106426298412e-02, -1.60675659320308229783e-02, -2.75676693575813182291e-02, 2.46313312108361326391e-02, -2.75676693575810718984e-02, 
2.46313312108362610087e-02, -2.75676693575808602621e-02, 2.46313312108369895925e-02, -2.75676693575808047509e-02, 2.46313312108361742725e-02, -2.75676693575810372039e-02, 2.46313312108362540698e-02, -1.40447200121538053183e-04, 2.63347495402601510309e-03, -2.75676693575810094483e-02, 2.46313312108362748865e-02, -2.75676693575809990400e-02, 2.46313312108362748865e-02, -2.75676693575812488401e-02, 2.46313312108361708030e-02, -2.75676693575812176151e-02, 2.46313312108360563113e-02, -2.75676693575808533232e-02, 2.46313312108370659204e-02, -1.40447200121554289110e-04, 
2.63347495402599081696e-03, -2.75676693575810718984e-02, 2.46313312108362610087e-02, -2.75676693575811621040e-02, -2.75676693575811482262e-02, 2.46313312108361673336e-02, -2.75676693575811378178e-02, 2.46313312108361777419e-02, 2.71203707704691238112e-02, -2.75676693575809712844e-02, 2.71203707704693250391e-02, -2.75676693575809018955e-02, 2.70812420591758848398e-02, -2.76524186927015643012e-02, 2.71203707704695262670e-02, 2.70812420591756523869e-02, -2.76524186927023137017e-02, 2.71203707704693389169e-02, 2.89887919261699010531e-03, -1.59189173064901693831e-04, 
2.71203707704691689140e-02, -2.75676693575809782233e-02, 2.71203707704690474833e-02, -2.75676693575811031234e-02, 2.71203707704692209557e-02, -2.75676693575811412873e-02, 2.71203707704695505532e-02, -2.75676693575802461700e-02, 2.71203707704693701419e-02, 2.90355760388431036537e-03, -1.62715087746392118905e-04, 2.71203707704691134028e-02, -2.76524186927024004379e-02, 2.71203707704694638170e-02, -2.75676693575808672010e-02, 2.90823601515175552551e-03, -1.66241002427900785680e-04, 2.71203707704689468694e-02, -2.75676693575811482262e-02, 2.71203707704693319780e-02, 
-2.75676693575802773950e-02, 2.71203707704689780944e-02, -2.75676693575810094483e-02, 2.71203707704688080915e-02, -2.75676693575811967984e-02, 2.71203707704690127889e-02, -2.75676693575811933290e-02, -2.75676693575808394454e-02, 2.71203707704694534086e-02, -2.75676693575807943426e-02, 2.90355760388442052031e-03, -1.62715087746359294684e-04, 2.71203707704694672864e-02, -2.75676693575807596481e-02, 2.71203707704694360614e-02, -2.76524186927021645155e-02, 2.71203707704696095337e-02, -2.75676693575807318926e-02, -2.75676693575810267955e-02, 2.71203707704692209557e-02, 
-2.75676693575808533232e-02, -2.75676693575801282088e-02, 2.71203707704695193281e-02, -2.75676693575808706704e-02, 2.71203707704694499392e-02, -2.75676693575809712844e-02, 2.90823601515174121404e-03, -1.66241002427830556485e-04, -2.75676693575812141457e-02, 2.90823601515172690257e-03, -1.66241002427895039409e-04, -2.75676693575801629033e-02, 2.71203707704690648306e-02, -2.75676693575808637315e-02, 2.71203707704690440139e-02, -2.75676693575809643455e-02, -2.75676693575809365899e-02, -2.75676693575810996539e-02, -2.75676693575812280235e-02, -2.75676693575802496394e-02, 
2.90823601515178154636e-03, -1.66241002427844840848e-04, -2.75676693575808845482e-02, 2.71203707704694291225e-02, -2.75676693575807561787e-02, -2.75676693575808914871e-02, -2.75676693575812280235e-02, -2.75676693575810927150e-02, -2.75676693575803571923e-02, -2.75676693575810129178e-02, 2.90823601515170088172e-03, -1.66241002427870617755e-04, -2.75676693575808984260e-02, -2.75676693575808151593e-02, 3.89225798620490133994e-05, -1.01965912352685971051e-05, 4.59894542768657572408e-04, 2.46313312108370763287e-02, 1.89510083206560959491e-03, -1.31860665755875370274e-04, 
-2.02282721724670694298e-05, 2.52130712514931926843e-03, 1.94059327155635949003e-04, 4.59894542768732816039e-04, 1.89510083206567941753e-03, 4.59894542768602494938e-04, 2.46313312108368646924e-02, 1.89510083206565339668e-03, 4.59894542768750596955e-04, 1.89510083206568397118e-03, 4.59894542768518415059e-04, 2.44504711252249533338e-02, 1.89510083206559159716e-03, 4.59894542768618649550e-04, 2.46313312108371387787e-02, 1.89510083206561783485e-03, 4.59894542768862161358e-04, 2.46313312108362540698e-02, 1.89510083206586871923e-03, 4.59894542768772389418e-04, 
2.46313312108363338671e-02, 1.89510083206576875579e-03, 4.59894542768727720289e-04, 1.89510083206565621561e-03, 4.59894542768715631435e-04, 1.89510083206590970208e-03, -1.31860665755989590973e-04, -2.02282721724251717921e-05, 2.52130712514888558756e-03, 1.94059327155810803708e-04, 4.59894542768748482760e-04, 1.89510083206591967674e-03, 4.59894542768934098172e-04, 2.44504711252241935249e-02, 1.89510083206596911636e-03, 3.89225798620969283591e-05, -1.01965912353124869643e-05, 4.59894542769031025847e-04, 2.46313312108364275421e-02, 1.89510083206609163120e-03, 
-1.40447200121581448375e-04, -2.02282721724152072965e-05, 2.63347495402601293468e-03, 1.94059327155903963780e-04, 4.59894542768780520935e-04, 1.89510083206568418802e-03, 4.59894542768973021030e-04, 1.89510083206598537939e-03, 3.89225798621597849801e-05, -1.01965912352832965149e-05, 4.59894542769013895452e-04, 1.89510083206604305894e-03, 4.59894542768813643311e-04, 2.46313312108362783559e-02, 1.89510083206591837569e-03, 4.59894542768776346756e-04, 2.46313312108364448894e-02, 1.89510083206575466117e-03, 4.59894542768967328969e-04, 2.46313312108362297836e-02, 
1.89510083206595003440e-03, 3.89225798620619628390e-05, -1.01965912353344166473e-05, 4.59894542768667384438e-04, 1.89510083206556947943e-03, 4.59894542768925804026e-04, 1.89510083206597540473e-03, 4.59894542768781496717e-04, 2.46313312108363859088e-02, 1.89510083206578675355e-03, 4.59894542768875063364e-04, 1.89510083206592249566e-03, 4.59894542768849909874e-04, 2.46313312108363338671e-02, 1.89510083206593420505e-03, -1.40447200121513929684e-04, -2.02282721724356377312e-05, 2.63347495402604546075e-03, 1.94059327155809475561e-04, 4.59894542768748049080e-04, 
1.89510083206581927961e-03, 4.59894542768680557494e-04, 1.89510083206577569469e-03, 3.89225798620549697350e-05, -1.01965912353234119952e-05, 4.59894542768779545153e-04, 1.89510083206582968796e-03, -2.02282721724135708288e-05, 1.94059327155824573076e-04, 4.59894542768873708111e-04, 1.89510083206596196062e-03, 4.59894542768733303930e-04, 1.89510083206589430641e-03, 1.89510083206580605235e-03, 4.59894542768961962168e-04, 1.89510083206594829967e-03, -2.02282721724269437850e-05, 1.94059327155849753671e-04, 4.59894542768643423570e-04, 1.89510083206549597053e-03, 
4.59894542768866769217e-04, 1.89510083206597713945e-03, 4.59894542768744471212e-04, 1.89510083206579000616e-03, 4.59894542768866227116e-04, 1.89510083206590384738e-03, 3.89225798621061373013e-05, -1.01965912353035965065e-05, 4.59894542768774503613e-04, 1.89510083206588194650e-03, -2.02282721724182295100e-05, 1.94059327155872386392e-04, 3.89225798621361832540e-05, -1.01965912352902862307e-05, 4.59894542768895175314e-04, 1.89510083206589018644e-03, 4.59894542768758999522e-04, 1.89510083206580236606e-03, 4.59894542768627106327e-04, 1.89510083206576832211e-03, 
1.89510083206572430350e-03, 4.59894542768830123184e-04, 1.89510083206581515965e-03, 3.89225798620759219420e-05, -1.01965912353054887781e-05, 4.59894542768734279712e-04, 1.89510083206585982878e-03, 4.59894542768709505692e-04, 4.59894542768716010905e-04, 1.89510083206591230416e-03, 4.59894542768715035123e-04, 1.89510083206586611715e-03, -2.02282721724112838399e-05, 1.94059327155838477969e-04, 3.89225798622044879909e-05, -1.01965912350832595200e-05, -2.02282721723826168568e-05, 1.94059327155769658236e-04, 4.59894542769069460814e-04, 1.89510083206602007386e-03, 
1.89510083206593593977e-03, 4.59894542769107245259e-04, 1.89510083206606626087e-03, 4.59894542768947162809e-04, 1.89510083206604956416e-03, 1.89510083206600207610e-03, -1.40447200121557324876e-04, -2.02282721724080515621e-05, 2.63347495402619941746e-03, 1.94059327155820778368e-04, 4.59894542768899620543e-04, 3.89225798620951800831e-05, -1.01965912353008673663e-05, 4.59894542768921304587e-04, 1.89510083206588563279e-03, 4.59894542768756234806e-04, 4.59894542768863353981e-04, 1.89510083206584833623e-03, 4.59894542768678226460e-04, 2.46313312108362471309e-02, 
1.89510083206574555387e-03, 4.59894542768741598077e-04, 4.59894542769029616384e-04, 1.89510083206603980634e-03, 4.59894542768881622787e-04, 4.59894542768778515161e-04, 1.89510083206565860085e-03, 4.59894542768751030636e-04, 1.89510083206600944868e-03, 4.59894542768894633213e-04, 4.59894542768759975303e-04, 1.89510083206589257168e-03, -1.23274131390448284497e-04, -2.02282721724484482574e-05, 2.40913929627166283065e-03, 1.94059327155745236582e-04, 3.89225798621303285623e-05, -1.01965912353058699429e-05, 4.59894542768879617013e-04, 1.89510083206587999494e-03, 
1.89510083206560352338e-03, 4.59894542768752711149e-04, 1.89510083206592835035e-03, 3.89225798620668620776e-05, -1.01965912353177080754e-05, 4.59894542768736936007e-04, 1.89510083206585939510e-03, 4.59894542768854951414e-04, 1.89510083206596261114e-03, -2.02282721724284582799e-05, 1.94059327155834385106e-04, -2.02282721724304471133e-05, 1.94059327155804434021e-04, 4.59894542768971503147e-04, 2.46313312108369028564e-02, 1.89510083206559723501e-03, 4.59894542768856794557e-04, 1.89510083206594808283e-03, 4.59894542768823130080e-04, 4.59894542768904987344e-04, 
1.89510083206597106792e-03, 4.59894542768960986386e-04, 3.89225798620950445578e-05, -1.01965912353146604508e-05, 3.89225798620657304416e-05, -1.01965912353195139496e-05, 4.59894542768903740512e-04, 4.59894542768853108270e-04, 1.89510083206599687193e-03, -2.02282721724321784486e-05, 1.94059327155776407394e-04, 4.59894542769027664820e-04, 1.89510083206603742109e-03, 4.59894542768814890144e-04, 1.89510083206592032726e-03, 1.89510083206589365588e-03, 1.89510083206600728027e-03, 3.89225798620272548170e-05, -1.01965912353326819238e-05, 1.89510083206559810237e-03, 
4.59894542768831695277e-04, 1.89510083206590775051e-03, -2.02282721724350888538e-05, 1.94059327155766378524e-04, 4.59894542768932851340e-04, 1.89510083206600034138e-03, 4.59894542768762902649e-04, 1.89510083206585549197e-03, 4.59894542768879291753e-04, 4.59894542768775099924e-04, 3.89225798620598350923e-05, -1.01965912353169830152e-05, 4.59894542768720347714e-04, 1.89510083206582817007e-03, 4.59894542768838688381e-04, -2.02282721724112533467e-05, 1.94059327155827961208e-04, 4.59894542768786863517e-04, 1.89510083206593615661e-03, 4.59894542768780087254e-04, 
4.59894542768513481940e-04, -2.02282721724584093649e-05, 1.94059327155647766807e-04, 4.59894542768488328449e-04, 1.89510083206565729981e-03, 4.59894542768514728772e-04, 4.59894542768502802548e-04, 1.89510083206560807703e-03, 4.59894542768578534070e-04, 3.89225798620489388605e-05, -1.01965912352821767373e-05, 4.59894542768863137140e-04, 4.59894542768880863846e-04, 3.89225798620789712606e-05, -1.01965912353138083357e-05, -2.02282721724031963693e-05, 1.94059327155763857754e-04, 4.59894542768711240416e-04, 4.59894542768786104576e-04, 4.59894542768808981242e-04, 
1.89510083206589799269e-03, 4.59894542768810607545e-04, 3.89225798620980938764e-05, -1.01965912353083246444e-05, 4.59894542769053739882e-04, 1.89510083206614432343e-03, 4.59894542769045987837e-04, 1.89510083206608902912e-03, 4.59894542768953668022e-04, 1.89510083206605259992e-03, -2.02282721724355191465e-05, 1.94059327155810749498e-04, 4.59894542768738291260e-04, 4.59894542768646513546e-04, 5.54919531006823626247e-05, -2.26842057321757191522e-05, 4.59894542768764528953e-04, 4.59894542768768974181e-04, 4.59894542768768540501e-04, -3.27503014554734409730e-05, 
3.57637410935114934043e-04, 1.89510083206566727447e-03, 4.59894542768552838478e-04, -2.02282721724625462738e-05, 1.94059327155656575949e-04, 4.59894542768554898463e-04, 1.89510083206556167318e-03, 3.89225798620950106765e-05, -1.01965912352597185057e-05, 4.59894542768717745629e-04, 1.89510083206571281096e-03, 4.59894542768501122035e-04, 1.89510083206563930205e-03, -2.02282721723686882470e-05, 1.94059327155719297045e-04, 3.89225798622301090435e-05, -1.01965912350770118049e-05, 1.89510083206578762091e-03, 4.59894542769037043169e-04, 1.89510083206602961484e-03, 
4.59894542769004083423e-04, 4.59894542769111473648e-04, 1.89510083206605585253e-03, 4.59894542768987495129e-04, 1.89510083206602809695e-03, 4.59894542768961907958e-04, 1.89510083206594743231e-03, 4.59894542768850072504e-04, 4.59894542768751410106e-04, 1.89510083206594504707e-03, 5.54919531007042838374e-05, -2.26842057321837964584e-05, 4.59894542768886447487e-04, 1.89510083206590428107e-03, -3.27503014554741660332e-05, 3.57637410935113633000e-04, 3.89225798620685696960e-05, -1.01965912352666607878e-05, -2.02282721724813368527e-05, 1.94059327155622125425e-04, 
4.59894542768596206565e-04, 1.89510083206559398240e-03, 4.59894542768606398066e-04, 1.89510083206559419924e-03, 4.59894542768429185221e-04, 1.89510083206553890493e-03, 3.89225798620909516946e-05, -1.01965912353158530732e-05, 4.59894542768998553992e-04, -2.02282721724297423818e-05, 1.94059327155807198736e-04, 4.59894542769000017664e-04, 4.59894542769053035151e-04, 1.89510083206609011332e-03, 4.59894542768957896410e-04, 1.89510083206604847995e-03, 4.59894542769025387995e-04, 4.59894542769045987837e-04, 4.59894542768863191350e-04, 4.59894542768706036245e-04, 
1.89510083206592097778e-03, 4.59894542768785454055e-04, -2.02282721724058425002e-05, 1.94059327155885911814e-04, 4.59894542768906830488e-04, 3.89225798621354310888e-05, -1.01965912353115874153e-05, 3.89225798621034132434e-05, -1.01965912353122497951e-05, 4.59894542769051734108e-04, 4.59894542768991181417e-04, 4.59894542769019912774e-04, -2.02282721724303962913e-05, 1.94059327155813541319e-04, 4.59894542769004137633e-04, 1.89510083206608122286e-03, 4.59894542769008853912e-04, -2.02282721724117378495e-05, 1.94059327155861544370e-04, 4.59894542768875930726e-04, 
4.59894542768880538585e-04, 4.59894542769088868032e-04, 3.89225798621018004926e-05, -1.01965912353077486620e-05, 4.59894542769000939236e-04, 3.89225798620724389425e-05, -1.01965912353206438916e-05, 4.59894542768852024068e-04, 1.89510083206599166776e-03, 4.59894542768881351737e-04, 1.89510083206594981756e-03, -2.02282721724338589620e-05, 1.94059327155797224076e-04, 3.89225798621264660920e-05, -1.01965912352986854094e-05, 4.59894542768893657431e-04, 4.59894542769002457119e-04, -2.02282721724298914596e-05, 1.94059327155831132499e-04, 1.89510083206588107914e-03, 
1.89510083206593268716e-03, 1.89510083206571974986e-03, 3.89225798620976330905e-05, -1.01965912352808841650e-05, -2.02282721724363966727e-05, 1.94059327155821591520e-04, 4.59894542768818847481e-04, 1.89510083206582578483e-03, 4.59894542768751030636e-04, 1.89510083206588758435e-03, 1.89510083206587348972e-03, 1.89510083206586546663e-03, 1.89510083206583771105e-03, 1.89510083206561024544e-03, 1.89510083206594526391e-03, -3.27503014554603831131e-05, 3.57637410935115313514e-04, 4.59894542768791091906e-04, 1.89510083206585245620e-03, 5.54919531007236165173e-05, 
-2.26842057321827766307e-05, 1.89510083206592856719e-03, 1.89510083206599492037e-03, 4.59894542768936862888e-04, -2.02282721724130151752e-05, 1.94059327155858400184e-04, 3.89225798621484144098e-05, -1.01965912352985634367e-05, 4.59894542768971774198e-04, 1.89510083206592943456e-03, 4.59894542768882002258e-04, 1.89510083206581602701e-03, 1.89510083206592249566e-03, 1.89510083206561349804e-03, 3.89225798620283729005e-05, -1.01965912353203152428e-05, 4.59894542768709830953e-04, 1.89510083206577244208e-03, -2.02282721724388666208e-05, 1.94059327155790122552e-04, 
1.89510083206587760969e-03, 1.89510083206604219158e-03, 1.89510083206600164242e-03, 1.89510083206579694505e-03, 1.89510083206593377136e-03, -2.02282721724524259242e-05, 1.94059327155758924634e-04, 3.89225798621178060272e-05, -1.01965912352975148099e-05, 1.89510083206593377136e-03, 1.89510083206578631987e-03, 3.89225798620583375380e-05, -1.01965912353328564126e-05, 4.59894542768910191514e-04, 1.89510083206596022590e-03, 4.59894542768977845730e-04, -2.02282721724357427632e-05, 1.94059327155795272512e-04, 4.59894542768860155584e-04, 3.89225798621194187779e-05, 
-1.01965912353117788447e-05, -2.02282721724178703681e-05, 1.94059327155868401949e-04, 4.59894542768954426963e-04, 4.59894542768999421353e-04, 1.89510083206593962606e-03, 1.89510083206583033848e-03, 1.89510083206563648313e-03, 1.89510083206592986824e-03, 3.89225798620966030985e-05, -1.01965912352754970355e-05, -2.02282721724467203102e-05, 1.94059327155797793282e-04, 1.89510083206577244208e-03, 1.89510083206602267594e-03, 4.59894542768814239622e-04, 3.89225798621084886648e-05, -1.01965912353085804483e-05, -2.02282721724223528664e-05, 1.94059327155781801300e-04, 
4.59894542768794832403e-04, -2.02282721724333913998e-05, 1.94059327155792616217e-04, 4.59894542768894145322e-04, 3.89225798621253005747e-05, -1.01965912352910299257e-05, 4.59894542769036230017e-04, 4.59894542768815486455e-04, 1.89510083206610637635e-03, -2.02282721724081498180e-05, 1.94059327155887890483e-04, 1.89510083206564710831e-03, 4.59894542768866172906e-04, 1.89510083206594309550e-03, 3.89225798621595071533e-05, -1.01965912352923072513e-05, 4.59894542768802042348e-04, 1.89510083206575444432e-03, 1.89510083206607645237e-03, -2.02282721724221394141e-05, 
1.94059327155925187038e-04, 1.89510083206570934151e-03, 3.89225798621865037874e-05, -1.01965912352984075826e-05, 1.89510083206588715067e-03, 4.59894542768892790070e-04, 1.89510083206595935854e-03, -2.02282721724238504207e-05, 1.94059327155816495770e-04, 1.89510083206586503295e-03, 3.89225798621199676553e-05, -1.01965912352993291545e-05, 4.59894542768855547725e-04, 1.89510083206592986824e-03, 4.59894542768779599363e-04, 1.89510083206596673111e-03, 1.89510083206596347850e-03, 1.89510083206554866275e-03, 4.59894542768715902485e-04, 1.89510083206588975276e-03, 
3.89225798620616240259e-05, -1.01965912353009893391e-05, 4.59894542768767835769e-04, -2.02282721724385244194e-05, 1.94059327155819070750e-04, -2.02282721724248058738e-05, 1.94059327155815059202e-04, 1.89510083206573601289e-03, 1.89510083206599817297e-03, 3.89225798621353158923e-05, -1.01965912352954090860e-05, 4.59894542768879020702e-04, -2.02282721724860023102e-05, 1.94059327155610361832e-04, 3.89225798621306470467e-05, -1.01965912352523442369e-05, 4.59894542768581461416e-04, 1.89510083206558400774e-03, 4.59894542768532455478e-04, 1.89510083206554649435e-03, 
3.89225798620608650843e-05, -1.01965912353158683198e-05, 1.89510083206578328410e-03, 4.59894542768831370017e-04, -2.02282721724241451881e-05, 1.94059327155839453751e-04, 1.89510083206569611425e-03, -2.02282721724024611447e-05, 1.94059327155877753193e-04, 3.89225798621650907944e-05, -1.01965912352960884064e-05, 4.59894542768950523835e-04, -2.02282721724629189683e-05, 1.94059327155667716127e-04, 3.89225798621009941173e-05, -1.01965912352601809857e-05, 4.59894542768575769354e-04, 3.89225798620348848898e-05, -1.01965912353131883076e-05, -2.02282721724284718324e-05, 
1.94059327155826822795e-04, 4.59894542768714980913e-04, -2.92598073278221328108e-03, -2.92598073278232994124e-03, -2.92598073278248606635e-03, -2.92598073278242361631e-03, -2.92598073278234251798e-03, -2.92598073278241190692e-03, -2.99040206688954617129e-04, 2.56922689623083008465e-05, -2.99040206688917537415e-04, 2.56922689622982042138e-05, -2.92598073278233471173e-03, -2.92598073278231909922e-03, -2.92598073278256022578e-03, -2.99040206689049810080e-04, 2.56922689622850480980e-05, -2.92598073278259101712e-03, -2.92598073278250558199e-03, -2.99040206688987088984e-04, 
2.56922689622934709937e-05, -2.92598073278224493979e-03, -2.99040206688990178961e-04, 2.56922689622823070994e-05, -2.92598073278267515121e-03, -2.92598073278244616771e-03, -2.92598073278234078326e-03, -2.99040206688955701331e-04, 2.56922689623061866523e-05, -2.02282721724269166799e-05, 1.94059327155791179649e-04, 1.89510083206597388684e-03, 1.89510083206552914711e-03, 1.89510083206588715067e-03, 1.89510083206597150160e-03, 3.89225798620991509736e-05, -1.01965912353051076132e-05, 1.89510083206596716479e-03, -2.99040206688932878876e-04, 2.56922689623071522698e-05, 
-2.92598073278252206186e-03, -2.92598073278236463571e-03, -2.92598073278224277138e-03, -2.99040206688937432525e-04, 2.56922689623032593064e-05, -2.02282721724278111467e-05, 1.94059327155801913251e-04, 1.89510083206553261656e-03, 1.89510083206602657907e-03, 1.89510083206585505829e-03, 3.89225798620827320869e-05, -1.01965912353117517397e-05, 1.89510083206590189582e-03, 1.89510083206566879235e-03, -2.02282721724064659165e-05, 1.94059327155850783663e-04, 1.89510083206597388684e-03, 3.89225798621016785199e-05, -1.01965912353072827939e-05, 1.89510083206599145092e-03, 
1.89510083206563583261e-03, -2.02282721724032573556e-05, 1.94059327155861192004e-04, 3.89225798621403235511e-05, -1.01965912353035660133e-05, 1.89510083206588910223e-03, 1.89510083206559051296e-03, 3.89225798620557354528e-05, -1.01965912353149162548e-05, -2.02282721724144788481e-05, 1.94059327155827717262e-04, -3.27503014554856043661e-05, 3.57637410935009603802e-04, 5.54919531006768128648e-05, -2.26842057321549227993e-05, -2.92598073278227963426e-03, -2.92598073278230478775e-03, -2.92598073278254851640e-03, -2.99040206688967248085e-04, 2.56922689623068575024e-05, 
-2.99040206688915911112e-04, 2.56922689623021581636e-05, -2.92598073278234642111e-03, -2.92598073278258017510e-03, -2.92598073278208577891e-03, -2.99040206688967844396e-04, 2.56922689622781939074e-05, -2.92598073278244530035e-03, -2.92598073278227486377e-03, -2.92598073278220634219e-03, -2.99040206688911574303e-04, 2.56922689623185906028e-05, -2.92598073278231476241e-03, -2.99040206688925831562e-04, 2.56922689622980043140e-05, -2.92598073278226792487e-03, -2.92598073278223279672e-03, -2.92598073278215560153e-03, -2.99040206688922524745e-04, 2.56922689623127935093e-05, 
-2.92598073278216991300e-03, -2.92598073278249127052e-03, -2.99040206689048617458e-04, 2.56922689622848753033e-05, -2.99040206688945726671e-04, 2.56922689622993663430e-05, -2.92598073278255241952e-03, -2.92598073278221805157e-03, -2.92598073278225448077e-03, -2.92598073278256846572e-03, -2.99040206689042979606e-04, 2.56922689622821681860e-05, -2.99040206688990558431e-04, 2.56922689622925697506e-05, -2.92598073278254157750e-03, -2.92217523590730990889e-04, 2.05503100518176194406e-05, -2.92598073278245874446e-03, -2.92217523590708005803e-04, 2.05503100518139094363e-05, 
-2.92598073278255068480e-03, -2.92598073278254071014e-03, -2.99040206689022650816e-04, 2.56922689622957003844e-05, -2.99040206688972669095e-04, 2.56922689622817040120e-05, -2.92217523590755927539e-04, 2.05503100518217529614e-05, -2.92598073278248042850e-03, -2.92217523590725407247e-04, 2.05503100518277499547e-05, -2.99040206688954183448e-04, 2.56922689622955004846e-05, -2.92598073278228700683e-03, -2.92598073278247088752e-03, -2.99040206688906044872e-04, 2.56922689623169846283e-05, -2.92598073278236029890e-03, -2.99040206688964808630e-04, 2.56922689623157208551e-05, 
-2.99040206688923175266e-04, 2.56922689622967913628e-05, -2.92598073278223149568e-03, -2.99040206688976518013e-04, 2.56922689622852954317e-05, -2.92598073278255241952e-03, -2.92598073278243185624e-03, -2.99040206688940359871e-04, 2.56922689623109097080e-05, -2.92598073278241581005e-03, -2.99040206689010561961e-04, 2.56922689622924579423e-05, -2.92598073278257150148e-03, -2.99040206688987143194e-04, 2.56922689623086938698e-05, -2.99040206688946919294e-04, 2.56922689623015618524e-05, -2.99040206688949250328e-04, 2.56922689622962865312e-05, -2.99040206688947895076e-04, 
2.56922689622927256047e-05, -2.92598073278216470883e-03, -2.92598073278229437941e-03, -2.99040206688942636695e-04, 2.56922689623073860509e-05, -2.99040206688986492673e-04, 2.56922689622838554757e-05, -2.92598073278255155216e-03, -2.99040206688931415203e-04, 2.56922689623131729800e-05, -2.92598073278231953290e-03, -2.99040206688953424507e-04, 2.56922689622939724372e-05, -2.99040206688942203014e-04, 2.56922689623149822424e-05, -2.92598073278236203362e-03, -2.99040206688918621617e-04, 2.56922689623039877547e-05, -2.99040206688928704697e-04, 2.56922689622993392379e-05, 
-2.99040206689001508873e-04, 2.56922689622886090246e-05, -2.99040206688969795960e-04, 2.56922689622888461938e-05, -2.99040206689009044078e-04, 2.56922689622849871117e-05, -2.99040206688966109672e-04, 2.56922689623163171663e-05, -2.99040206688959983930e-04, 2.56922689622811483584e-05, -2.99040206688930764681e-04, 2.56922689623001456133e-05, -3.80512952733067302824e-03, 3.04106425445273254558e-05, -3.97261060606803420060e-04, -3.80512952733109499973e-03, -3.80512952733062228758e-03, -3.80512952733084259746e-03, -3.80512952733080790299e-03, -3.80512952733066695671e-03, 
3.04106425445137525999e-05, -3.97261060606867821669e-04, 3.04106425445257465864e-05, -3.97261060606840282934e-04, -3.80512952733059106256e-03, -3.80512952733095318608e-03, -3.80512952733060233826e-03, -3.80512952733057111324e-03, 3.04106425445203967263e-05, -3.97261060606847709719e-04, -3.80512952733060927715e-03, -3.80512952733062879279e-03, -3.80512952733098961527e-03, 3.04106425444866882032e-05, -3.97261060606995865946e-04, -3.80512952733092152738e-03, -3.80512952733080399986e-03, 3.04106425445627551500e-05, -3.97261060606853022310e-04, -3.80512952733091502217e-03, 
-3.80512952733098397742e-03, 3.04106425445317198628e-05, -3.97261060606809437382e-04, -3.80512952733063443064e-03, -3.80512952733053208196e-03, 3.04106425445170932978e-05, -3.97261060606849986544e-04, -3.80512952733071813105e-03, 3.04106425445224533223e-05, -3.97261060606843210280e-04, -3.80512952733058282262e-03, -3.80512952733087512353e-03, 3.04106425445212064898e-05, -3.97261060606850637065e-04, -3.80512952733065004315e-03, -3.80512952733069991645e-03, -3.80512952733055593441e-03, -2.99040206688908592747e-04, 2.56922689623926754925e-05, -2.99040206688893901808e-04, 
2.56922689623985301842e-05, -2.92598073278238675343e-03, 3.04106425445333698829e-05, -3.97261060606759889343e-04, -3.80512952733099742153e-03, 3.04106425445333055084e-05, -3.97261060606777507628e-04, -3.80512952733067346192e-03, -3.80512952733058108790e-03, -2.99040206688958628677e-04, 2.56922689623150804982e-05, -2.99040206688956731323e-04, 2.56922689623077485810e-05, -2.99040206688930493631e-04, 2.56922689623146231004e-05, -2.99040206688900840701e-04, 2.56922689623150330644e-05, -2.99040206689012025634e-04, 2.56922689622839774484e-05, -2.99040206688951635573e-04, 
2.56922689623167779522e-05, 3.04106425445302155322e-05, -3.97261060606839198732e-04, -3.80512952733101606981e-03, -3.80512952733071726369e-03, -3.80512952733056460802e-03, 3.04106425445206271193e-05, -3.97261060606837464008e-04, -3.80512952733077060644e-03, 3.04106425444833881628e-05, -3.97261060606915689195e-04, 3.04106425445313776615e-05, -3.97261060606881157356e-04, -3.80512952733066999247e-03, -3.80512952733068907443e-03, 3.04106425445554300090e-05, -3.97261060606771598726e-04, 3.04106425445306119437e-05, -3.97261060606789054381e-04, -3.80512952733066392094e-03, 
-3.80512952733071943209e-03, 3.04106425445591129083e-05, -3.97261060606791927517e-04, 3.04106425445007557263e-05, -3.97261060606880777885e-04, -3.80512952733078968839e-03, -3.80512952733057458268e-03, 3.04106425445291584351e-05, -3.97261060606808570021e-04, -3.80512952733096966595e-03, -3.80512952733068733971e-03, 3.04106425445215690199e-05, -3.97261060606848522871e-04, -3.80512952733085127108e-03, 3.04106425445709239357e-05, -3.97261060606804883733e-04, 3.04106425444750940162e-05, -3.97261060607025844136e-04, -3.80512952733089810861e-03, 3.04106425445531328557e-05, 
-3.97261060606757937779e-04, 3.04106425445258821117e-05, -3.97261060606803040589e-04, 3.04106425444448379993e-05, -3.97261060607090299955e-04, 3.04106425445587300494e-05, -3.97261060606932223278e-04, -3.80512952733090071070e-03, -3.80512952733089897597e-03, -3.80512952733097833957e-03, -3.80512952733061534868e-03, 3.04106425445208405716e-05, -3.97261060606813991031e-04, 3.04106425445259566506e-05, -3.97261060606875682135e-04, 3.04106425446585816813e-05, -3.97261060607109598754e-04, 3.04106425446504874345e-05, -3.97261060607031265147e-04, -3.80512952733094147670e-03, 
-3.80512952733065524732e-03, -3.80512952733064483898e-03, 3.04106425444874674735e-05, -3.97261060606916719187e-04, 3.04106425445400919364e-05, -3.97261060606867333778e-04, -3.80512952733084780163e-03, 3.04106425444900932756e-05, -3.97261060606977000828e-04, 3.04106425445741968710e-05, -3.97261060606825591995e-04, -3.80512952733087512353e-03, -3.80512952733095448712e-03, -3.80512952733064830843e-03, 3.04106425445269697020e-05, -3.97261060606836000336e-04, 3.04106425445236154515e-05, -3.97261060606840987666e-04, 3.04106425445472171776e-05, -3.97261060606806781087e-04, 
-3.80512952733064093586e-03, 3.04106425445214877048e-05, -3.97261060606851450216e-04, 3.04106425445407356815e-05, -3.97261060606802227438e-04, 3.04106425445237306480e-05, -3.97261060606839252942e-04, 3.04106425445240152511e-05, -3.97261060606865707475e-04, -3.80512952733104512643e-03, -3.80512952733066522198e-03, 3.04106425445232664739e-05, -3.97261060606847601299e-04, 3.04106425445129326720e-05, -3.97261060606881753667e-04, 3.04106425445286197222e-05, -3.97261060606871887427e-04, 3.04106425445470850404e-05, -3.97261060606802173228e-04, 3.04106425445106761762e-05, 
-3.97261060606867496409e-04, 3.04106425444945689977e-05, -3.97261060607012562659e-04, 3.04106425445547693233e-05, -3.97261060606861153826e-04, 3.04106425445773105641e-05, -3.97261060606834428242e-04, 3.04106425445045199408e-05, -3.97261060606935204834e-04]