10,[[ 0.663066, 0.619909, 0.426986, 0.623657, 0.555657, 0.66293, 0.443987, 0.534034],
[ 0.331507, 0.948715, 0.605955, 0.596084, 0.35748, 0.60189, 0.566393, 0.456552],
[ 0.590495, 0.619909, 0.628346, 0.657642, 0.261569, 0.583325, 0.649948, 0.354527],
[ 0.470834, 0.944388, 0.577007, 0.486244, 0.535966, 0.672916, 0.542697, 0.381655],
[ 0.470834, 0.60263, 0.382761, 0.429803, 0.70319, 0.63194, 0.769504, 0.287428],
[ 0.657162, 0.619909, 0.503517, 0.623657, 0.425158, 0.589461, 0.625125, 0.314774],
[ 0.264162, 0.939997, 0.572594, 0.531379, 0.481767, 0.609771, 0.528693, 0.477938],
[ 0.468403, 0.619909, 0.459898, 0.504974, 0.605452, 0.67968, 0.63355, 0.326983],
[ 0.500564, 0.91218, 0.500995, 0.599875, 0.447206, 0.746831, 0.715799, 0.195189],
[ 0.668009, 0.583624, 0.517602, 0.568729, 0.59774, 0.658778, 0.602247, 0.381655]]
20,[[ 0.559574, 0.948715, 0.474875, 0.650011, 0.218525, 0.656371, 0.566393, 0.496344],
[ 0.476533, 0.944388, 0.506132, 0.681638, 0.259586, 0.692572, 0.571671, 0.39075],
[ 0.56047, 0.583624, 0.613797, 0.832167, 0.28411, 0.562628, 0.524744, 0.440262],
[ 0.234814, 0.948715, 0.572594, 0.506609, 0.441571, 0.639085, 0.566393, 0.381655],
[ 0.651288, 0.60263, 0.205133, 0.560121, 0.728374, 0.60189, 0.589392, 0.405924],
[ 0.403239, 0.939997, 0.58146, 0.5172, 0.463157, 0.685047, 0.606453, 0.372809],
[ 0.32556, 0.939997, 0.600671, 0.542051, 0.463157, 0.672916, 0.542697, 0.381655],
[ 0.469212, 0.619909, 0.466887, 0.472731, 0.627301, 0.562628, 0.484686, 0.639356],
[ 0.70218, 0.619909, 0.466887, 0.551652, 0.488272, 0.673757, 0.554482, 0.549785],
[ 0.56857, 0.732108, 0.443868, 0.615892, 0.405307, 0.50655, 0.528402, 0.532745]]
30,[[ 0.99129, 0.476232, 0.762341, 0.822355, 0.109486, 0.899316, 0.721411, 0.242533],
[ 0.832881, 0.476232, 0.390187, 0.632381, 0.380824, 0.882087, 0.614907, 0.294648],
[ 0.489708, 0.948715, 0.695512, 0.578745, 0.403087, 0.685047, 0.584129, 0.338395],
[ 0.642533, 0.619909, 0.628346, 0.394099, 0.41462, 0.595648, 0.562699, 0.381655],
[ 0.443705, 0.583624, 0.551611, 0.605717, 0.525994, 0.638126, 0.615925, 0.539969],
[ 0.778856, 0.538347, 0.621399, 0.464577, 0.470633, 0.869278, 0.856913, 0.138547],
[ 0.661094, 0.583624, 0.696374, 0.772073, 0.19044, 0.760905, 0.778759, 0.203777],
[ 0.209459, 0.939997, 0.654807, 0.234628, 0.740694, 0.661693, 0.297473, 0.629422],
[ 0.531337, 0.948715, 0.610352, 0.623657, 0.366327, 0.60189, 0.589392, 0.456552],
[ 0.711389, 0.619909, 0.426986, 0.513204, 0.555657, 0.778944, 0.572733, 0.334204]]
40,[[ 0.390726, 0.948715, 0.368038, 0.945287, 0.138002, 0.672916, 0.518224, 0.496344],
[ 0.470834, 0.931015, 0.528402, 0.388722, 0.622221, 0.711633, 0.390554, 0.606748],
[ 0.616673, 0.635784, 0.510516, 0.403164, 0.714248, 0.556257, 0.721411, 0.367796],
[ 0.805059, 0.60263, 0.890303, 0.59698, 0.143536, 0.648026, 0.554911, 0.407068],
[ 0.564062, 0.939997, 0.688447, 0.852866, 0.0654275, 0.585719, 0.385305, 0.68556],
[ 0.681962, 0.619909, 0.466887, 0.58839, 0.488272, 0.855952, 0.916431, 0.0550823],
[ 0.307451, 0.650495, 0.489767, 0.496867, 0.655985, 0.583325, 0.508587, 0.667371],
[ 0.820573, 0.510274, 0.902722, 0.892256, 0.0455164, 0.778944, 0.603695, 0.334204],
[ 0.513259, 0.583624, 0.569502, 0.472731, 0.555657, 0.608188, 0.716864, 0.473566],
[ 0.574916, 0.948715, 0.542723, 0.586688, 0.524354, 0.656371, 0.542697, 0.496344]]
50,[[ 0.31514, 0.948715, 0.610352, 0.506609, 0.366327, 0.688797, 0.518224, 0.381655],
[ 0.528733, 0.944388, 0.683885, 0.584148, 0.273412, 0.715085, 0.561167, 0.338395],
[ 0.623319, 0.732108, 0.472176, 0.352935, 0.692345, 0.628532, 0.625923, 0.320811],
[ 0.438234, 0.939997, 0.679369, 0.601482, 0.366327, 0.664031, 0.55323, 0.438212],
[ 0.536568, 0.95298, 0.658365, 0.550098, 0.323147, 0.704076, 0.570755, 0.415978],
[ 0.652264, 0.635784, 0.459898, 0.325519, 0.756842, 0.647713, 0.690402, 0.220416],
[ 0.645443, 0.902281, 0.485894, 0.703925, 0.347004, 0.740578, 0.503305, 0.477938],
[ 0.503088, 0.93554, 0.477832, 0.317347, 0.70586, 0.72933, 0.561167, 0.338395],
[ 0.466787, 0.93554, 0.545385, 0.351403, 0.607901, 0.73305, 0.589392, 0.418316],
[ 0.706265, 0.60263, 0.544541, 0.666508, 0.380824, 0.556257, 0.721411, 0.367796]]
60,[[ 0.468403, 0.931015, 0.528402, 0.388722, 0.622221, 0.672916, 0.542697, 0.456552],
[ 0.621416, 0.619909, 0.569502, 0.58839, 0.555657, 0.525926, 0.346203, 0.79117],
[ 0.547118, 0.926419, 0.632953, 0.582743, 0.375752, 0.59814, 0.380098, 0.72304],
[ 0.572191, 0.619909, 0.332436, 0.58839, 0.555657, 0.573073, 0.656047, 0.275712],
[ 0.608188, 0.635784, 0.621399, 0.61508, 0.409464, 0.672916, 0.851135, 0.161711],
[ 0.509856, 0.60263, 0.510516, 0.666508, 0.380824, 0.66293, 0.443987, 0.534034],
[ 0.745741, 0.635784, 0.530676, 0.579941, 0.470633, 0.647713, 0.554482, 0.549785],
[ 0.546234, 0.619909, 0.628346, 0.551652, 0.311793, 0.658778, 0.602247, 0.381655],
[ 0.409955, 0.732108, 0.364662, 0.516905, 0.460271, 0.466856, 0.528402, 0.475082],
[ 0.557785, 0.635784, 0.263714, 0.464577, 0.67908, 0.583325, 0.508587, 0.667371]]
70,[[ 0.293636, 0.939997, 0.561562, 0.464929, 0.54861, 0.656371, 0.466568, 0.580581],
[ 0.573099, 0.93554, 0.623783, 0.595127, 0.198097, 0.664031, 0.528693, 0.438212],
[ 0.509007, 0.619909, 0.503517, 0.513204, 0.555657, 0.647713, 0.554482, 0.485335],
[ 0.713445, 0.583624, 0.814984, 0.802494, 0.0844398, 0.856858, 0.808402, 0.0934031],
[ 0.491369, 0.93554, 0.523875, 0.317347, 0.655985, 0.60189, 0.518224, 0.537688],
[ 0.745741, 0.619909, 0.503517, 0.513204, 0.488272, 0.776914, 0.685198, 0.159833],
[ 0.68096, 0.619909, 0.569136, 0.516905, 0.405307, 0.789693, 0.699071, 0.186993],
[ 0.45397, 0.939997, 0.540901, 0.464929, 0.593984, 0.639085, 0.589392, 0.496344],
[ 0.268853, 0.93554, 0.523875, 0.317347, 0.655985, 0.656371, 0.542697, 0.456552],
[ 0.592343, 0.902281, 0.485894, 0.703925, 0.347004, 0.639085, 0.566393, 0.381655]]
80,[[ 0.716534, 0.635784, 0.530676, 0.504974, 0.409464, 0.69819, 0.590569, 0.424662],
[ 0.473272, 0.92175, 0.690457, 0.612052, 0.311793, 0.639085, 0.589392, 0.496344],
[ 0.854388, 0.476232, 0.86889, 0.713333, 0.228344, 0.69819, 0.590569, 0.424662],
[ 0.567667, 0.619909, 0.550863, 0.459365, 0.717448, 0.595648, 0.562699, 0.381655],
[ 0.745741, 0.583624, 0.599676, 0.551652, 0.311793, 0.608188, 0.501207, 0.610428],
[ 0.522684, 0.619909, 0.655715, 0.690494, 0.215671, 0.586386, 0.359595, 0.630848],
[ 0.353839, 0.93554, 0.623783, 0.571629, 0.198097, 0.700212, 0.582386, 0.211629],
[ 0.425873, 0.732108, 0.580183, 0.431728, 0.519967, 0.541553, 0.59471, 0.475082],
[ 0.556892, 0.60263, 0.510516, 0.481008, 0.441571, 0.562628, 0.524744, 0.440262],
[ 0.500564, 0.948715, 0.637001, 0.544852, 0.315238, 0.746831, 0.611761, 0.281176]]
90,[[ 0.631924, 0.650495, 0.523875, 0.571629, 0.655985, 0.50655, 0.562263, 0.475082],
[ 0.533949, 0.939997, 0.654807, 0.234628, 0.740694, 0.711633, 0.390554, 0.606748],
[ 0.536568, 0.948715, 0.645819, 0.555399, 0.366327, 0.66915, 0.584129, 0.372809],
[ 0.673969, 0.619909, 0.459898, 0.713333, 0.35247, 0.67968, 0.598884, 0.326983],
[ 0.679959, 0.60263, 0.205133, 0.560121, 0.728374, 0.63194, 0.675583, 0.39613],
[ 0.791896, 0.583624, 0.857678, 0.708683, 0.0844398, 0.562628, 0.562699, 0.440262],
[ 0.558679, 0.60263, 0.473949, 0.666508, 0.380824, 0.667899, 0.426032, 0.597486],
[ 0.561367, 0.948715, 0.679369, 0.601482, 0.366327, 0.718811, 0.566393, 0.381655],
[ 0.684973, 0.750856, 0.658173, 0.631184, 0.2847, 0.729169, 0.64094, 0.29968],
[ 0.234268, 0.944388, 0.557115, 0.403164, 0.674634, 0.656371, 0.566393, 0.418316]]
100,[[ 0.377721, 0.93554, 0.501404, 0.317347, 0.655985, 0.59814, 0.380098, 0.72304],
[ 0.457953, 0.944388, 0.536457, 0.51188, 0.493218, 0.60582, 0.471736, 0.593488],
[ 0.495536, 0.619909, 0.569502, 0.513204, 0.488272, 0.653693, 0.524744, 0.50277],
[ 0.342907, 0.93554, 0.572594, 0.506609, 0.659663, 0.572559, 0.558575, 0.574993],
[ 0.634807, 0.619909, 0.426986, 0.551652, 0.555657, 0.653376, 0.455412, 0.724127],
[ 0.404726, 0.939997, 0.540901, 0.464929, 0.54861, 0.585719, 0.385305, 0.68556],
[ 0.672973, 0.60263, 0.390187, 0.521564, 0.576228, 0.667899, 0.742709, 0.354527],
[ 0.574916, 0.948715, 0.368038, 0.945287, 0.138002, 0.718811, 0.566393, 0.313072],
[ 0.382748, 0.948715, 0.623935, 0.596084, 0.323147, 0.704076, 0.566393, 0.456552],
[ 0.710362, 0.635784, 0.375378, 0.504974, 0.605452, 0.693952, 0.874081, 0.10369]]
110,[[ 0.466787, 0.732108, 0.317386, 0.481008, 0.580457, 0.541553, 0.685198, 0.369092],
[ 0.495536, 0.60263, 0.503517, 0.472731, 0.488272, 0.569042, 0.607334, 0.39613],
[ 0.509856, 0.948715, 0.64139, 0.550098, 0.323147, 0.672916, 0.589392, 0.381655],
[ 0.622367, 0.619909, 0.569502, 0.513204, 0.366327, 0.642726, 0.358154, 0.682284],
[ 0.741528, 0.60263, 0.544541, 0.560121, 0.650124, 0.595648, 0.524744, 0.569145],
[ 0.375578, 0.948715, 0.591785, 0.506609, 0.481767, 0.520862, 0.160062, 0.902565],
[ 0.405471, 0.948715, 0.628346, 0.531379, 0.481767, 0.639085, 0.589392, 0.496344],
[ 0.465173, 0.948715, 0.591785, 0.578745, 0.441571, 0.60189, 0.589392, 0.456552],
[ 0.62618, 0.583624, 0.613797, 0.708683, 0.337785, 0.775717, 0.642115, 0.239225],
[ 0.264162, 0.944388, 0.614786, 0.560753, 0.375433, 0.620961, 0.542697, 0.456552]]
120,[[ 0.582217, 0.60263, 0.382761, 0.472731, 0.627301, 0.60189, 0.492886, 0.520965],
[ 0.446062, 0.944388, 0.487996, 0.506609, 0.567302, 0.67671, 0.638959, 0.354972],
[ 0.503931, 0.93554, 0.566046, 0.547469, 0.256255, 0.624843, 0.523434, 0.507654],
[ 0.459552, 0.902281, 0.485894, 0.703925, 0.347004, 0.422782, 0.276352, 0.85053],
[ 0.711389, 0.619909, 0.537564, 0.551652, 0.555657, 0.69819, 0.590569, 0.485335],
[ 0.580387, 0.948715, 0.64139, 0.550098, 0.323147, 0.746831, 0.542697, 0.346571],
[ 0.6552, 0.650495, 0.406279, 0.551209, 0.460271, 0.583325, 0.582386, 0.531226],
[ 0.631924, 0.619909, 0.537564, 0.513204, 0.488272, 0.519282, 0.516606, 0.485335],
[ 0.659126, 0.583624, 0.34819, 0.568729, 0.673978, 0.50655, 0.562263, 0.475082],
[ 0.721701, 0.635784, 0.419857, 0.54332, 0.535966, 0.647713, 0.554482, 0.485335]]
130,[[ 0.386363, 0.948715, 0.510516, 0.687256, 0.331291, 0.422782, 0.276352, 0.85053],
[ 0.563163, 0.939997, 0.623935, 0.596084, 0.323147, 0.609771, 0.528693, 0.477938],
[ 0.643502, 0.60263, 0.510516, 0.481008, 0.441571, 0.595648, 0.63355, 0.326983],
[ 0.33417, 0.948715, 0.572594, 0.118803, 0.61263, 0.700341, 0.606453, 0.338395],
[ 0.442138, 0.732108, 0.406279, 0.584148, 0.405307, 0.50655, 0.562263, 0.475082],
[ 0.845294, 0.538347, 0.761373, 0.791598, 0.208443, 0.541553, 0.685198, 0.369092],
[ 0.56047, 0.583624, 0.517602, 0.530058, 0.59774, 0.525926, 0.346203, 0.79117],
[ 0.453175, 0.944388, 0.536457, 0.51188, 0.493218, 0.585719, 0.385305, 0.68556],
[ 0.570379, 0.944388, 0.605955, 0.5734, 0.323147, 0.70784, 0.61712, 0.354972],
[ 0.431256, 0.93554, 0.527675, 0.295876, 0.598967, 0.549929, 0.582386, 0.574993]]
140,[[ 0.587728, 0.60263, 0.616409, 0.870034, 0.0941573, 0.60189, 0.450248, 0.58934],
[ 0.837383, 0.538347, 0.616409, 0.870034, 0.0941573, 0.728356, 0.767009, 0.10369],
[ 0.402497, 0.619909, 0.426986, 0.429803, 0.70319, 0.484248, 0.484686, 0.569145],
[ 0.687992, 0.619909, 0.599676, 0.623657, 0.366327, 0.625817, 0.598884, 0.326983],
[ 0.611009, 0.944388, 0.683885, 0.584148, 0.273412, 0.672916, 0.63355, 0.346571],
[ 0.733142, 0.619909, 0.648721, 0.648928, 0.251063, 0.525926, 0.598884, 0.381655],
[ 0.669992, 0.60263, 0.503517, 0.623657, 0.425158, 0.68567, 0.35455, 0.520965],
[ 0.875051, 0.510274, 0.962317, 0.595455, 0.0994252, 0.525926, 0.524744, 0.569145],
[ 0.68096, 0.583624, 0.517602, 0.530058, 0.59774, 0.562628, 0.598884, 0.50277],
[ 0.840768, 0.619909, 0.628346, 0.551652, 0.311793, 0.748968, 0.699071, 0.276286]]
150,[[ 0.532207, 0.907273, 0.551611, 0.556038, 0.416412, 0.628748, 0.55323, 0.477938],
[ 0.70218, 0.619909, 0.628346, 0.513204, 0.366327, 0.556257, 0.721411, 0.367796],
[ 0.873896, 0.538347, 0.510516, 0.560121, 0.576228, 0.869278, 0.856913, 0.138547],
[ 0.336844, 0.939997, 0.519387, 0.464929, 0.593984, 0.639085, 0.589392, 0.496344],
[ 0.45397, 0.944388, 0.552709, 0.397968, 0.523677, 0.60582, 0.498073, 0.593488],
[ 0.517531, 0.93554, 0.659366, 0.571629, 0.288076, 0.60189, 0.492886, 0.580581],
[ 0.642533, 0.635784, 0.459898, 0.269572, 0.924727, 0.69819, 0.590569, 0.424662],
[ 0.433575, 0.931015, 0.528402, 0.475597, 0.486023, 0.660188, 0.571671, 0.428126],
[ 0.547118, 0.948715, 0.610352, 0.531379, 0.441571, 0.672916, 0.63355, 0.346571],
[ 0.716534, 0.939997, 0.688447, 0.852866, 0.0654275, 0.718811, 0.542697, 0.346571]]
160,[[ 0.572191, 0.939997, 0.561562, 0.437276, 0.593984, 0.639085, 0.589392, 0.496344],
[ 0.478169, 0.931015, 0.568218, 0.217231, 0.598967, 0.617746, 0.513922, 0.459243],
[ 0.315785, 0.939997, 0.600671, 0.49153, 0.504998, 0.581732, 0.518224, 0.580581],
[ 0.756333, 0.870318, 0.637001, 0.544852, 0.315238, 0.850117, 0.498816, 0.341315],
[ 0.477351, 0.60263, 0.272535, 0.429803, 0.867686, 0.569042, 0.642115, 0.456552],
[ 0.469212, 0.93554, 0.628346, 0.531379, 0.481767, 0.613745, 0.329723, 0.667371],
[ 0.469212, 0.944388, 0.587403, 0.258562, 0.598967, 0.660188, 0.571671, 0.428126],
[ 0.466787, 0.60263, 0.340303, 0.59698, 0.441571, 0.589461, 0.590569, 0.367796],
[ 0.450797, 0.619909, 0.263714, 0.464577, 0.67908, 0.525926, 0.63355, 0.569145],
[ 0.530468, 0.60263, 0.205133, 0.560121, 0.728374, 0.519282, 0.516606, 0.485335]]
170,[[ 0.583134, 0.948715, 0.637001, 0.544852, 0.315238, 0.60189, 0.518224, 0.580581],
[ 0.656181, 0.619909, 0.503517, 0.513204, 0.627301, 0.67968, 0.63355, 0.326983],
[ 0.620466, 0.619909, 0.569502, 0.429803, 0.783323, 0.861872, 0.873482, 0.0371105],
[ 0.277775, 0.948715, 0.591785, 0.578745, 0.366327, 0.620961, 0.542697, 0.456552],
[ 0.605374, 0.60263, 0.324581, 0.421687, 0.67908, 0.63194, 0.675583, 0.39613],
[ 0.66011, 0.60263, 0.459898, 0.338517, 0.717448, 0.63194, 0.642115, 0.39613],
[ 0.466787, 0.944388, 0.596208, 0.560753, 0.412946, 0.624843, 0.415559, 0.68556],
[ 0.772382, 0.583624, 0.551611, 0.605717, 0.525994, 0.721248, 0.65835, 0.265633],
[ 0.749968, 0.619909, 0.426986, 0.623657, 0.555657, 0.743115, 0.690402, 0.220416],
[ 0.839639, 0.583624, 0.562613, 0.579941, 0.409464, 0.839138, 0.86545, 0.0655885]]
180,[[ 0.747853, 0.583624, 0.857678, 0.708683, 0.0844398, 0.60189, 0.528402, 0.475082],
[ 0.592343, 0.92175, 0.599676, 0.564075, 0.385461, 0.685047, 0.606453, 0.338395],
[ 0.533078, 0.619909, 0.426986, 0.333769, 0.555657, 0.525926, 0.290249, 0.872727],
[ 0.482272, 0.939997, 0.338987, 0.822355, 0.218525, 0.646799, 0.476951, 0.562219],
[ 0.454765, 0.939997, 0.577007, 0.560753, 0.412946, 0.628748, 0.476951, 0.606748],
[ 0.293636, 0.939997, 0.654807, 0.5172, 0.348297, 0.726352, 0.528693, 0.363618],
[ 0.258365, 0.944388, 0.552709, 0.531379, 0.441571, 0.585719, 0.385305, 0.68556],
[ 0.740477, 0.619909, 0.466887, 0.551652, 0.488272, 0.789693, 0.699071, 0.186993],
[ 0.570379, 0.583624, 0.419857, 0.325519, 0.924727, 0.839138, 0.86545, 0.0655885],
[ 0.589572, 0.944388, 0.474875, 0.650011, 0.218525, 0.660188, 0.547936, 0.39075]]
190,[[ 0.308725, 0.948715, 0.572594, 0.555399, 0.403087, 0.422782, 0.276352, 0.85053],
[ 0.839639, 0.583624, 0.459898, 0.375664, 0.67908, 0.890539, 0.716864, 0.0934031],
[ 0.610068, 0.619909, 0.530676, 0.713333, 0.251063, 0.562628, 0.524744, 0.440262],
[ 0.487222, 0.93554, 0.623783, 0.595127, 0.198097, 0.692572, 0.571671, 0.39075],
[ 0.576736, 0.939997, 0.619265, 0.49153, 0.384803, 0.597983, 0.690402, 0.274276],
[ 0.61762, 0.583624, 0.34819, 0.568729, 0.673978, 0.628532, 0.625923, 0.320811],
[ 0.482272, 0.635784, 0.375378, 0.504974, 0.605452, 0.778944, 0.603695, 0.334204],
[ 0.559574, 0.948715, 0.674895, 0.5734, 0.323147, 0.704076, 0.566393, 0.381655],
[ 0.579473, 0.635784, 0.459898, 0.61508, 0.409464, 0.541553, 0.59471, 0.475082],
[ 0.740477, 0.60263, 0.616409, 0.870034, 0.0941573, 0.659738, 0.675583, 0.339743]]
200,[[ 0.229395, 0.95298, 0.548337, 0.295876, 0.470633, 0.597983, 0.513065, 0.525916],
[ 0.277775, 0.948715, 0.299179, 0.798614, 0.300075, 0.60189, 0.518224, 0.537688],
[ 0.42664, 0.60263, 0.544541, 0.762583, 0.272576, 0.484248, 0.484686, 0.569145],
[ 0.45397, 0.635784, 0.496602, 0.579941, 0.35247, 0.549929, 0.426032, 0.817939],
[ 0.364966, 0.944388, 0.552709, 0.454463, 0.366327, 0.692572, 0.59471, 0.354972],
[ 0.441356, 0.948715, 0.552709, 0.264061, 0.61263, 0.746831, 0.542697, 0.346571],
[ 0.466787, 0.60263, 0.390187, 0.481008, 0.728374, 0.60189, 0.492886, 0.520965],
[ 0.485569, 0.948715, 0.605955, 0.5734, 0.323147, 0.704076, 0.566393, 0.381655],
[ 0.462759, 0.944388, 0.492431, 0.486244, 0.580457, 0.672916, 0.589392, 0.456552],
[ 0.498046, 0.619909, 0.599676, 0.690494, 0.215671, 0.435352, 0.484686, 0.713369]]
210,[[ 0.506465, 0.948715, 0.605955, 0.475821, 0.554506, 0.672916, 0.542697, 0.381655],
[ 0.449216, 0.711702, 0.472176, 0.473698, 0.625587, 0.664234, 0.543275, 0.343684],
[ 0.430485, 0.931015, 0.528402, 0.475597, 0.486023, 0.660188, 0.571671, 0.428126],
[ 0.527866, 0.939997, 0.688447, 0.852866, 0.0654275, 0.740578, 0.503305, 0.477938],
[ 0.628092, 0.619909, 0.569502, 0.513204, 0.366327, 0.590912, 0.579956, 0.345387],
[ 0.450797, 0.948715, 0.591785, 0.601482, 0.366327, 0.639085, 0.566393, 0.381655],
[ 0.527, 0.619909, 0.569502, 0.513204, 0.555657, 0.595648, 0.63355, 0.440262],
[ 0.542708, 0.60263, 0.662816, 0.560121, 0.324489, 0.63194, 0.642115, 0.39613],
[ 0.474086, 0.732108, 0.622057, 0.615892, 0.30566, 0.698748, 0.625923, 0.320811],
[ 0.522684, 0.732108, 0.715843, 0.676324, 0.147836, 0.637472, 0.434001, 0.485335]]
220,[[ 0.645443, 0.619909, 0.426986, 0.513204, 0.555657, 0.727112, 0.666894, 0.276286],
[ 0.600702, 0.939997, 0.658365, 0.596084, 0.35748, 0.646799, 0.577002, 0.438212],
[ 0.326218, 0.939997, 0.561562, 0.464929, 0.54861, 0.520862, 0.160062, 0.902565],
[ 0.694053, 0.538347, 0.599676, 0.551652, 0.311793, 0.919186, 0.558575, 0.324062],
[ 0.734187, 0.619909, 0.648721, 0.648928, 0.251063, 0.525926, 0.524744, 0.569145],
[ 0.531337, 0.619909, 0.581695, 0.495921, 0.328414, 0.595648, 0.442073, 0.50277],
[ 0.498885, 0.948715, 0.572594, 0.578745, 0.403087, 0.672916, 0.542697, 0.381655],
[ 0.712416, 0.60263, 0.473949, 0.521564, 0.506708, 0.647713, 0.554482, 0.485335],
[ 0.73628, 0.60263, 0.576486, 0.481008, 0.650124, 0.673757, 0.625125, 0.424662],
[ 0.410706, 0.944388, 0.514935, 0.459671, 0.626679, 0.556257, 0.561167, 0.485335]]
230,[[ 0.153187, 0.944388, 0.536457, 0.51188, 0.493218, 0.422782, 0.276352, 0.85053],
[ 0.579473, 0.60263, 0.205133, 0.666508, 0.506708, 0.653693, 0.524744, 0.50277],
[ 0.345622, 0.948715, 0.645819, 0.555399, 0.297977, 0.520862, 0.160062, 0.902565],
[ 0.480628, 0.93554, 0.623783, 0.571629, 0.198097, 0.549929, 0.582386, 0.574993],
[ 0.465173, 0.95298, 0.493173, 0.377592, 0.695662, 0.66915, 0.606453, 0.372809],
[ 0.183842, 0.939997, 0.671845, 0.49153, 0.463157, 0.520862, 0.160062, 0.902565],
[ 0.499724, 0.619909, 0.599676, 0.472731, 0.366327, 0.419736, 0.46863, 0.817939],
[ 0.527866, 0.948715, 0.552709, 0.531379, 0.441571, 0.66915, 0.606453, 0.372809],
[ 0.598838, 0.944388, 0.674895, 0.5734, 0.323147, 0.60582, 0.498073, 0.549785],
[ 0.463563, 0.939997, 0.487996, 0.578745, 0.441571, 0.628748, 0.55323, 0.477938]]
240,[[ 0.401015, 0.926419, 0.505943, 0.552946, 0.404388, 0.707971, 0.593328, 0.391068],
[ 0.692029, 0.619909, 0.599676, 0.551652, 0.311793, 0.547408, 0.500221, 0.677653],
[ 0.483095, 0.619909, 0.503517, 0.429803, 0.425158, 0.727112, 0.598884, 0.276286],
[ 0.452382, 0.944388, 0.614786, 0.560753, 0.375433, 0.672916, 0.492886, 0.456552],
[ 0.601635, 0.944388, 0.596208, 0.629165, 0.339667, 0.692572, 0.571671, 0.39075],
[ 0.490538, 0.926419, 0.595059, 0.558481, 0.375752, 0.660188, 0.571671, 0.428126],
[ 0.636734, 0.583624, 0.569502, 0.513204, 0.366327, 0.608188, 0.541393, 0.610428],
[ 0.515819, 0.619909, 0.503517, 0.472731, 0.488272, 0.595648, 0.484686, 0.50277],
[ 0.564962, 0.944388, 0.610352, 0.578745, 0.481767, 0.67671, 0.638959, 0.354972],
[ 0.663066, 0.619909, 0.426986, 0.513204, 0.555657, 0.435352, 0.562699, 0.569145]]
250,[[ 0.411457, 0.944388, 0.536457, 0.51188, 0.493218, 0.639085, 0.589392, 0.496344],
[ 0.67696, 0.902281, 0.485894, 0.703925, 0.347004, 0.730167, 0.605511, 0.2709],
[ 0.607249, 0.583624, 0.583568, 0.740829, 0.19044, 0.595648, 0.63355, 0.326983],
[ 0.609127, 0.635784, 0.459898, 0.504974, 0.470633, 0.589461, 0.690402, 0.220416],
[ 0.579473, 0.619909, 0.426986, 0.429803, 0.70319, 0.374702, 0.442073, 0.872727],
[ 0.781021, 0.538347, 0.602467, 0.524382, 0.366327, 0.728356, 0.767009, 0.10369],
[ 0.442921, 0.948715, 0.587403, 0.217231, 0.51173, 0.60189, 0.518224, 0.580581],
[ 0.455561, 0.583624, 0.332436, 0.383797, 0.783323, 0.638126, 0.579529, 0.539969],
[ 0.446062, 0.619909, 0.426986, 0.513204, 0.555657, 0.519282, 0.434001, 0.765497],
[ 0.435125, 0.944388, 0.510516, 0.506609, 0.567302, 0.692572, 0.571671, 0.39075]]
260,[[ 0.652264, 0.619909, 0.459898, 0.325519, 0.838727, 0.595648, 0.63355, 0.326983],
[ 0.491369, 0.948715, 0.552709, 0.506609, 0.481767, 0.688797, 0.542697, 0.381655],
[ 0.488879, 0.939997, 0.58146, 0.49153, 0.463157, 0.585719, 0.415559, 0.638748],
[ 0.745741, 0.60263, 0.655715, 0.551652, 0.366327, 0.443109, 0.571048, 0.456552],
[ 0.437456, 0.944388, 0.557115, 0.403164, 0.674634, 0.746831, 0.542697, 0.346571],
[ 0.950816, 0.538347, 0.503517, 0.513204, 0.555657, 0.919186, 0.558575, 0.324062],
[ 0.452382, 0.619909, 0.375378, 0.504974, 0.605452, 0.595648, 0.598884, 0.381655],
[ 0.622367, 0.619909, 0.503517, 0.623657, 0.425158, 0.595648, 0.484686, 0.50277],
[ 0.277775, 0.944388, 0.514935, 0.228833, 0.626679, 0.692572, 0.59471, 0.354972],
[ 0.554216, 0.926419, 0.64139, 0.550098, 0.323147, 0.675725, 0.569431, 0.391068]]
270,[[ 0.781021, 0.432073, 0.979981, 1, 0.000201775, 0.589461, 0.690402, 0.220416],
[ 0.520104, 0.619909, 0.581695, 0.531964, 0.328414, 0.595648, 0.562699, 0.381655],
[ 0.223518, 0.939997, 0.654807, 0.234628, 0.740694, 0.726352, 0.246245, 0.749825],
[ 0.580387, 0.619909, 0, 0.551652, 0.555657, 0.589461, 0.590569, 0.367796],
[ 0.548888, 0.944388, 0.536457, 0.51188, 0.493218, 0.656371, 0.65481, 0.313072],
[ 0.59977, 0.635784, 0.496602, 0.579941, 0.35247, 0.589461, 0.590569, 0.367796],
[ 0.334837, 0.939997, 0.637001, 0.544852, 0.315238, 0.740578, 0.503305, 0.477938],
[ 0.612894, 0.60263, 0.496602, 0.504974, 0.535966, 0.443109, 0.571048, 0.456552],
[ 0.339532, 0.948715, 0.628346, 0.531379, 0.481767, 0.581732, 0.492886, 0.580581],
[ 0.487222, 0.60263, 0.510516, 0.521564, 0.441571, 0.60189, 0.533004, 0.456552]]
280,[[ 0.817234, 0.60263, 0.799834, 0.84139, 0.104116, 0.659738, 0.675583, 0.339743],
[ 0.493867, 0.944388, 0.50178, 0.325089, 0.828442, 0.660188, 0.547936, 0.39075],
[ 0.488879, 0.619909, 0.382761, 0.429803, 0.70319, 0.67968, 0.699071, 0.229606],
[ 0.747853, 0.60263, 0.628346, 0.513204, 0.311793, 0.68567, 0.234472, 0.661651],
[ 0.651288, 0.619909, 0.406279, 0.551209, 0.460271, 0.625817, 0.598884, 0.326983],
[ 0.689, 0.619909, 0.599676, 0.551652, 0.311793, 0.60189, 0.59471, 0.420526],
[ 0.695066, 0.619909, 0.503517, 0.58839, 0.425158, 0.727112, 0.63355, 0.326983],
[ 0.73628, 0.60263, 0.689102, 0.822355, 0.109486, 0.60189, 0.59471, 0.420526],
[ 0.691018, 0.60263, 0.426986, 0.58839, 0.366327, 0.775717, 0.642115, 0.239225],
[ 0.633846, 0.60263, 0.263714, 0.464577, 0.67908, 0.945832, 0.883137, 0.00947118]]
290,[[ 0.487222, 0.948715, 0.572594, 0.578745, 0.403087, 0.746831, 0.715799, 0.195189],
[ 0.773459, 0.619909, 0.592765, 0.504974, 0.470633, 0.67968, 0.63355, 0.326983],
[ 0.746796, 0.619909, 0.655715, 0.657642, 0.261569, 0.673757, 0.625125, 0.424662],
[ 0.567667, 0.619909, 0.599676, 0.551652, 0.311793, 0.721248, 0.65835, 0.265633],
[ 0.584969, 0.60263, 0.599676, 0.551652, 0.311793, 0.63194, 0.642115, 0.456552],
[ 0.7032, 0.619909, 0.466887, 0.383797, 0.70319, 0.67968, 0.562699, 0.326983],
[ 0.692029, 0.60263, 0.340303, 0.699506, 0.324489, 0.60189, 0.533004, 0.661651],
[ 0.458752, 0.931015, 0.528402, 0.475597, 0.486023, 0.646799, 0.577002, 0.438212],
[ 0.359378, 0.931015, 0.528402, 0.388722, 0.622221, 0.585719, 0.385305, 0.68556],
[ 0.879682, 0.538347, 0.873696, 0.760026, 0.0658655, 0.833087, 0.712764, 0.303087]]
300,[[ 0.629048, 0.619909, 0.426986, 0.623657, 0.555657, 0.525926, 0.562699, 0.50277],
[ 0.414468, 0.619909, 0.537564, 0.513204, 0.488272, 0.556257, 0.281613, 0.927686],
[ 0.204385, 0.944388, 0.519029, 0.352208, 0.617144, 0.692572, 0.571671, 0.39075],
[ 0.470023, 0.939997, 0.4969, 0.464929, 0.593984, 0.688797, 0.518224, 0.381655],
[ 0.454765, 0.948715, 0.662816, 0.506609, 0.297977, 0.672916, 0.492886, 0.456552],
[ 0.718599, 0.870318, 0.806505, 0.486995, 0.326054, 0.70784, 0.61712, 0.354972],
[ 0.488879, 0.944388, 0.557115, 0.403164, 0.580457, 0.718811, 0.566393, 0.313072],
[ 0.338186, 0.948715, 0.610352, 0.623657, 0.366327, 0.60189, 0.492886, 0.580581],
[ 0.402497, 0.944388, 0.544002, 0.253075, 0.585672, 0.660188, 0.571671, 0.428126],
[ 0.462759, 0.948715, 0.610352, 0.555399, 0.481767, 0.685047, 0.606453, 0.338395]]
