11,[[ 0, 0, 0, 0, 1, 0, 0, 0, 0, 0, 0.525363, 0.153382, 0.501595, 0.495039, 0.500785, 0.499736, 0.510841, 0.516251, 0.517618, 0.473783, 0.515885, 0.530961],
[ 0, 0, 0, 0, 0, 0, 0, 0, 0, 1, 0.210833, 0.2926, 0.506095, 0.484405, 0.522022, 0.535969, 0.540685, 0.530063, 0.53082, 0.542803, 0.544078, 0.548339],
[ 0, 0, 0, 0, 0, 0, 0, 0, 0, 1, 0.334695, 0.649349, 0.478391, 0.375523, 0.462063, 0.545201, 0.558785, 0.475803, 0.510418, 0.524098, 0.509714, 0.510265],
[ 0, 0, 0, 0, 0, 0, 0, 1, 0, 0, 0.960187, 0.400478, 0.434755, 0.412706, 0.65474, 0.383876, 0.475036, 0.519712, 0.678404, 0.362362, 0.458995, 0.316755],
[ 0, 0, 0, 0, 1, 0, 0, 0, 0, 0, 0.228423, 0.16033, 0.495127, 0.488852, 0.507801, 0.508922, 0.503009, 0.500824, 0.490918, 0.4953, 0.491784, 0.461104],
[ 0, 0, 0, 0, 1, 0, 0, 0, 0, 0, 0.734057, 0.163109, 0.51116, 0.467003, 0.506441, 0.471497, 0.478425, 0.575019, 0.476359, 0.433058, 0.472952, 0.517874],
[ 1, 0, 0, 0, 0, 0, 0, 0, 0, 0, 0.547331, 0.155853, 0.52311, 0.453745, 0.513548, 0.532698, 0.448773, 0.49729, 0.504717, 0.502636, 0.514088, 0.462605],
[ 0, 0, 0, 0, 1, 0, 0, 0, 0, 0, 0.0810666, 0.153575, 0.495131, 0.497494, 0.500796, 0.503053, 0.49571, 0.50437, 0.492331, 0.500941, 0.506235, 0.498323],
[ 0, 0, 0, 1, 0, 0, 0, 0, 0, 0, 0.763067, 0.269018, 0.472904, 0.511053, 0.436552, 0.489066, 0.44547, 0.422996, 0.613504, 0.408406, 0.476185, 0.568268],
[ 0, 0, 0, 1, 0, 0, 0, 0, 0, 0, 0.174474, 0.151568, 0.509016, 0.50479, 0.507197, 0.492704, 0.479135, 0.478613, 0.516073, 0.469012, 0.491401, 0.511101]]
12,[[ 0, 0, 0, 0, 0, 0, 0, 0, 1, 0, 0.733117, 0.259601, 0.531748, 0.594787, 0.504428, 0.443295, 0.457674, 0.557327, 0.491318, 0.567472, 0.511179, 0.502931],
[ 0, 0, 0, 0, 1, 0, 0, 0, 0, 0, 0.525363, 0.153382, 0.501595, 0.495039, 0.500785, 0.499736, 0.510841, 0.516251, 0.517618, 0.473783, 0.515885, 0.530961],
[ 0, 0, 0, 0, 0, 0, 0, 0, 0, 1, 0.210833, 0.2926, 0.506095, 0.484405, 0.522022, 0.535969, 0.540685, 0.530063, 0.53082, 0.542803, 0.544078, 0.548339],
[ 0, 0, 0, 0, 0, 0, 0, 0, 0, 1, 0.334695, 0.649349, 0.478391, 0.375523, 0.462063, 0.545201, 0.558785, 0.475803, 0.510418, 0.524098, 0.509714, 0.510265],
[ 0, 0, 0, 0, 0, 0, 0, 1, 0, 0, 0.960187, 0.400478, 0.434755, 0.412706, 0.65474, 0.383876, 0.475036, 0.519712, 0.678404, 0.362362, 0.458995, 0.316755],
[ 0, 0, 0, 0, 1, 0, 0, 0, 0, 0, 0.228423, 0.16033, 0.495127, 0.488852, 0.507801, 0.508922, 0.503009, 0.500824, 0.490918, 0.4953, 0.491784, 0.461104],
[ 0, 0, 0, 0, 1, 0, 0, 0, 0, 0, 0.734057, 0.163109, 0.51116, 0.467003, 0.506441, 0.471497, 0.478425, 0.575019, 0.476359, 0.433058, 0.472952, 0.517874],
[ 1, 0, 0, 0, 0, 0, 0, 0, 0, 0, 0.547331, 0.155853, 0.52311, 0.453745, 0.513548, 0.532698, 0.448773, 0.49729, 0.504717, 0.502636, 0.514088, 0.462605],
[ 0, 0, 0, 0, 1, 0, 0, 0, 0, 0, 0.0810666, 0.153575, 0.495131, 0.497494, 0.500796, 0.503053, 0.49571, 0.50437, 0.492331, 0.500941, 0.506235, 0.498323],
[ 0, 0, 0, 1, 0, 0, 0, 0, 0, 0, 0.763067, 0.269018, 0.472904, 0.511053, 0.436552, 0.489066, 0.44547, 0.422996, 0.613504, 0.408406, 0.476185, 0.568268]]
13,[[ 0, 0, 0, 0, 0, 0, 0, 1, 0, 0, 0.130426, 0.156856, 0.479648, 0.488282, 0.516006, 0.509283, 0.509444, 0.50609, 0.510943, 0.494749, 0.471893, 0.502056],
[ 0, 0, 0, 0, 0, 0, 0, 0, 1, 0, 0.733117, 0.259601, 0.531748, 0.594787, 0.504428, 0.443295, 0.457674, 0.557327, 0.491318, 0.567472, 0.511179, 0.502931],
[ 0, 0, 0, 0, 1, 0, 0, 0, 0, 0, 0.525363, 0.153382, 0.501595, 0.495039, 0.500785, 0.499736, 0.510841, 0.516251, 0.517618, 0.473783, 0.515885, 0.530961],
[ 0, 0, 0, 0, 0, 0, 0, 0, 0, 1, 0.210833, 0.2926, 0.506095, 0.484405, 0.522022, 0.535969, 0.540685, 0.530063, 0.53082, 0.542803, 0.544078, 0.548339],
[ 0, 0, 0, 0, 0, 0, 0, 0, 0, 1, 0.334695, 0.649349, 0.478391, 0.375523, 0.462063, 0.545201, 0.558785, 0.475803, 0.510418, 0.524098, 0.509714, 0.510265],
[ 0, 0, 0, 0, 0, 0, 0, 1, 0, 0, 0.960187, 0.400478, 0.434755, 0.412706, 0.65474, 0.383876, 0.475036, 0.519712, 0.678404, 0.362362, 0.458995, 0.316755],
[ 0, 0, 0, 0, 1, 0, 0, 0, 0, 0, 0.228423, 0.16033, 0.495127, 0.488852, 0.507801, 0.508922, 0.503009, 0.500824, 0.490918, 0.4953, 0.491784, 0.461104],
[ 0, 0, 0, 0, 1, 0, 0, 0, 0, 0, 0.734057, 0.163109, 0.51116, 0.467003, 0.506441, 0.471497, 0.478425, 0.575019, 0.476359, 0.433058, 0.472952, 0.517874],
[ 1, 0, 0, 0, 0, 0, 0, 0, 0, 0, 0.547331, 0.155853, 0.52311, 0.453745, 0.513548, 0.532698, 0.448773, 0.49729, 0.504717, 0.502636, 0.514088, 0.462605],
[ 0, 0, 0, 0, 1, 0, 0, 0, 0, 0, 0.0810666, 0.153575, 0.495131, 0.497494, 0.500796, 0.503053, 0.49571, 0.50437, 0.492331, 0.500941, 0.506235, 0.498323]]
14,[[ 0, 0, 0, 0, 0, 0, 0, 0, 1, 0, 0.164956, 0.150603, 0.492166, 0.517551, 0.497721, 0.490665, 0.472138, 0.4997, 0.502026, 0.513671, 0.504708, 0.505488],
[ 0, 0, 0, 0, 0, 0, 0, 1, 0, 0, 0.130426, 0.156856, 0.479648, 0.488282, 0.516006, 0.509283, 0.509444, 0.50609, 0.510943, 0.494749, 0.471893, 0.502056],
[ 0, 0, 0, 0, 0, 0, 0, 0, 1, 0, 0.733117, 0.259601, 0.531748, 0.594787, 0.504428, 0.443295, 0.457674, 0.557327, 0.491318, 0.567472, 0.511179, 0.502931],
[ 0, 0, 0, 0, 1, 0, 0, 0, 0, 0, 0.525363, 0.153382, 0.501595, 0.495039, 0.500785, 0.499736, 0.510841, 0.516251, 0.517618, 0.473783, 0.515885, 0.530961],
[ 0, 0, 0, 0, 0, 0, 0, 0, 0, 1, 0.210833, 0.2926, 0.506095, 0.484405, 0.522022, 0.535969, 0.540685, 0.530063, 0.53082, 0.542803, 0.544078, 0.548339],
[ 0, 0, 0, 0, 0, 0, 0, 0, 0, 1, 0.334695, 0.649349, 0.478391, 0.375523, 0.462063, 0.545201, 0.558785, 0.475803, 0.510418, 0.524098, 0.509714, 0.510265],
[ 0, 0, 0, 0, 0, 0, 0, 1, 0, 0, 0.960187, 0.400478, 0.434755, 0.412706, 0.65474, 0.383876, 0.475036, 0.519712, 0.678404, 0.362362, 0.458995, 0.316755],
[ 0, 0, 0, 0, 1, 0, 0, 0, 0, 0, 0.228423, 0.16033, 0.495127, 0.488852, 0.507801, 0.508922, 0.503009, 0.500824, 0.490918, 0.4953, 0.491784, 0.461104],
[ 0, 0, 0, 0, 1, 0, 0, 0, 0, 0, 0.734057, 0.163109, 0.51116, 0.467003, 0.506441, 0.471497, 0.478425, 0.575019, 0.476359, 0.433058, 0.472952, 0.517874],
[ 1, 0, 0, 0, 0, 0, 0, 0, 0, 0, 0.547331, 0.155853, 0.52311, 0.453745, 0.513548, 0.532698, 0.448773, 0.49729, 0.504717, 0.502636, 0.514088, 0.462605]]
15,[[ 0, 0, 0, 0, 0, 0, 0, 0, 1, 0, 0.544549, 0.150102, 0.480952, 0.508483, 0.520773, 0.463968, 0.516617, 0.537555, 0.496232, 0.491345, 0.500886, 0.501112],
[ 0, 0, 0, 0, 0, 0, 0, 0, 1, 0, 0.164956, 0.150603, 0.492166, 0.517551, 0.497721, 0.490665, 0.472138, 0.4997, 0.502026, 0.513671, 0.504708, 0.505488],
[ 0, 0, 0, 0, 0, 0, 0, 1, 0, 0, 0.130426, 0.156856, 0.479648, 0.488282, 0.516006, 0.509283, 0.509444, 0.50609, 0.510943, 0.494749, 0.471893, 0.502056],
[ 0, 0, 0, 0, 0, 0, 0, 0, 1, 0, 0.733117, 0.259601, 0.531748, 0.594787, 0.504428, 0.443295, 0.457674, 0.557327, 0.491318, 0.567472, 0.511179, 0.502931],
[ 0, 0, 0, 0, 1, 0, 0, 0, 0, 0, 0.525363, 0.153382, 0.501595, 0.495039, 0.500785, 0.499736, 0.510841, 0.516251, 0.517618, 0.473783, 0.515885, 0.530961],
[ 0, 0, 0, 0, 0, 0, 0, 0, 0, 1, 0.210833, 0.2926, 0.506095, 0.484405, 0.522022, 0.535969, 0.540685, 0.530063, 0.53082, 0.542803, 0.544078, 0.548339],
[ 0, 0, 0, 0, 0, 0, 0, 0, 0, 1, 0.334695, 0.649349, 0.478391, 0.375523, 0.462063, 0.545201, 0.558785, 0.475803, 0.510418, 0.524098, 0.509714, 0.510265],
[ 0, 0, 0, 0, 0, 0, 0, 1, 0, 0, 0.960187, 0.400478, 0.434755, 0.412706, 0.65474, 0.383876, 0.475036, 0.519712, 0.678404, 0.362362, 0.458995, 0.316755],
[ 0, 0, 0, 0, 1, 0, 0, 0, 0, 0, 0.228423, 0.16033, 0.495127, 0.488852, 0.507801, 0.508922, 0.503009, 0.500824, 0.490918, 0.4953, 0.491784, 0.461104],
[ 0, 0, 0, 0, 1, 0, 0, 0, 0, 0, 0.734057, 0.163109, 0.51116, 0.467003, 0.506441, 0.471497, 0.478425, 0.575019, 0.476359, 0.433058, 0.472952, 0.517874]]
16,[[ 0, 0, 0, 0, 1, 0, 0, 0, 0, 0, 0.542192, 0.992936, 0.454063, 0.398599, 0.433416, 0.461195, 0.563275, 0.70654, 0.452254, 0.421758, 0.642785, 0.715807],
[ 0, 0, 0, 0, 0, 0, 0, 0, 1, 0, 0.544549, 0.150102, 0.480952, 0.508483, 0.520773, 0.463968, 0.516617, 0.537555, 0.496232, 0.491345, 0.500886, 0.501112],
[ 0, 0, 0, 0, 0, 0, 0, 0, 1, 0, 0.164956, 0.150603, 0.492166, 0.517551, 0.497721, 0.490665, 0.472138, 0.4997, 0.502026, 0.513671, 0.504708, 0.505488],
[ 0, 0, 0, 0, 0, 0, 0, 1, 0, 0, 0.130426, 0.156856, 0.479648, 0.488282, 0.516006, 0.509283, 0.509444, 0.50609, 0.510943, 0.494749, 0.471893, 0.502056],
[ 0, 0, 0, 0, 0, 0, 0, 0, 1, 0, 0.733117, 0.259601, 0.531748, 0.594787, 0.504428, 0.443295, 0.457674, 0.557327, 0.491318, 0.567472, 0.511179, 0.502931],
[ 0, 0, 0, 0, 1, 0, 0, 0, 0, 0, 0.525363, 0.153382, 0.501595, 0.495039, 0.500785, 0.499736, 0.510841, 0.516251, 0.517618, 0.473783, 0.515885, 0.530961],
[ 0, 0, 0, 0, 0, 0, 0, 0, 0, 1, 0.210833, 0.2926, 0.506095, 0.484405, 0.522022, 0.535969, 0.540685, 0.530063, 0.53082, 0.542803, 0.544078, 0.548339],
[ 0, 0, 0, 0, 0, 0, 0, 0, 0, 1, 0.334695, 0.649349, 0.478391, 0.375523, 0.462063, 0.545201, 0.558785, 0.475803, 0.510418, 0.524098, 0.509714, 0.510265],
[ 0, 0, 0, 0, 0, 0, 0, 1, 0, 0, 0.960187, 0.400478, 0.434755, 0.412706, 0.65474, 0.383876, 0.475036, 0.519712, 0.678404, 0.362362, 0.458995, 0.316755],
[ 0, 0, 0, 0, 1, 0, 0, 0, 0, 0, 0.228423, 0.16033, 0.495127, 0.488852, 0.507801, 0.508922, 0.503009, 0.500824, 0.490918, 0.4953, 0.491784, 0.461104]]
17,[[ 0, 0, 0, 0, 0, 0, 0, 0, 0, 1, 0.847918, 0.49944, 0.591489, 0.316323, 0.450654, 0.569955, 0.625092, 0.453728, 0.555602, 0.472545, 0.477404, 0.513559],
[ 0, 0, 0, 0, 1, 0, 0, 0, 0, 0, 0.542192, 0.992936, 0.454063, 0.398599, 0.433416, 0.461195, 0.563275, 0.70654, 0.452254, 0.421758, 0.642785, 0.715807],
[ 0, 0, 0, 0, 0, 0, 0, 0, 1, 0, 0.544549, 0.150102, 0.480952, 0.508483, 0.520773, 0.463968, 0.516617, 0.537555, 0.496232, 0.491345, 0.500886, 0.501112],
[ 0, 0, 0, 0, 0, 0, 0, 0, 1, 0, 0.164956, 0.150603, 0.492166, 0.517551, 0.497721, 0.490665, 0.472138, 0.4997, 0.502026, 0.513671, 0.504708, 0.505488],
[ 0, 0, 0, 0, 0, 0, 0, 1, 0, 0, 0.130426, 0.156856, 0.479648, 0.488282, 0.516006, 0.509283, 0.509444, 0.50609, 0.510943, 0.494749, 0.471893, 0.502056],
[ 0, 0, 0, 0, 0, 0, 0, 0, 1, 0, 0.733117, 0.259601, 0.531748, 0.594787, 0.504428, 0.443295, 0.457674, 0.557327, 0.491318, 0.567472, 0.511179, 0.502931],
[ 0, 0, 0, 0, 1, 0, 0, 0, 0, 0, 0.525363, 0.153382, 0.501595, 0.495039, 0.500785, 0.499736, 0.510841, 0.516251, 0.517618, 0.473783, 0.515885, 0.530961],
[ 0, 0, 0, 0, 0, 0, 0, 0, 0, 1, 0.210833, 0.2926, 0.506095, 0.484405, 0.522022, 0.535969, 0.540685, 0.530063, 0.53082, 0.542803, 0.544078, 0.548339],
[ 0, 0, 0, 0, 0, 0, 0, 0, 0, 1, 0.334695, 0.649349, 0.478391, 0.375523, 0.462063, 0.545201, 0.558785, 0.475803, 0.510418, 0.524098, 0.509714, 0.510265],
[ 0, 0, 0, 0, 0, 0, 0, 1, 0, 0, 0.960187, 0.400478, 0.434755, 0.412706, 0.65474, 0.383876, 0.475036, 0.519712, 0.678404, 0.362362, 0.458995, 0.316755]]
18,[[ 0, 0, 1, 0, 0, 0, 0, 0, 0, 0, 0.597078, 0.231733, 0.535082, 0.573741, 0.465088, 0.484621, 0.523735, 0.492343, 0.510518, 0.519559, 0.509865, 0.441921],
[ 0, 0, 0, 0, 0, 0, 0, 0, 0, 1, 0.847918, 0.49944, 0.591489, 0.316323, 0.450654, 0.569955, 0.625092, 0.453728, 0.555602, 0.472545, 0.477404, 0.513559],
[ 0, 0, 0, 0, 1, 0, 0, 0, 0, 0, 0.542192, 0.992936, 0.454063, 0.398599, 0.433416, 0.461195, 0.563275, 0.70654, 0.452254, 0.421758, 0.642785, 0.715807],
[ 0, 0, 0, 0, 0, 0, 0, 0, 1, 0, 0.544549, 0.150102, 0.480952, 0.508483, 0.520773, 0.463968, 0.516617, 0.537555, 0.496232, 0.491345, 0.500886, 0.501112],
[ 0, 0, 0, 0, 0, 0, 0, 0, 1, 0, 0.164956, 0.150603, 0.492166, 0.517551, 0.497721, 0.490665, 0.472138, 0.4997, 0.502026, 0.513671, 0.504708, 0.505488],
[ 0, 0, 0, 0, 0, 0, 0, 1, 0, 0, 0.130426, 0.156856, 0.479648, 0.488282, 0.516006, 0.509283, 0.509444, 0.50609, 0.510943, 0.494749, 0.471893, 0.502056],
[ 0, 0, 0, 0, 0, 0, 0, 0, 1, 0, 0.733117, 0.259601, 0.531748, 0.594787, 0.504428, 0.443295, 0.457674, 0.557327, 0.491318, 0.567472, 0.511179, 0.502931],
[ 0, 0, 0, 0, 1, 0, 0, 0, 0, 0, 0.525363, 0.153382, 0.501595, 0.495039, 0.500785, 0.499736, 0.510841, 0.516251, 0.517618, 0.473783, 0.515885, 0.530961],
[ 0, 0, 0, 0, 0, 0, 0, 0, 0, 1, 0.210833, 0.2926, 0.506095, 0.484405, 0.522022, 0.535969, 0.540685, 0.530063, 0.53082, 0.542803, 0.544078, 0.548339],
[ 0, 0, 0, 0, 0, 0, 0, 0, 0, 1, 0.334695, 0.649349, 0.478391, 0.375523, 0.462063, 0.545201, 0.558785, 0.475803, 0.510418, 0.524098, 0.509714, 0.510265]]
19,[[ 0, 1, 0, 0, 0, 0, 0, 0, 0, 0, 0.96064, 0.239839, 0.453091, 0.420723, 0.624814, 0.490684, 0.471029, 0.472564, 0.447343, 0.492344, 0.596523, 0.439677],
[ 0, 0, 1, 0, 0, 0, 0, 0, 0, 0, 0.597078, 0.231733, 0.535082, 0.573741, 0.465088, 0.484621, 0.523735, 0.492343, 0.510518, 0.519559, 0.509865, 0.441921],
[ 0, 0, 0, 0, 0, 0, 0, 0, 0, 1, 0.847918, 0.49944, 0.591489, 0.316323, 0.450654, 0.569955, 0.625092, 0.453728, 0.555602, 0.472545, 0.477404, 0.513559],
[ 0, 0, 0, 0, 1, 0, 0, 0, 0, 0, 0.542192, 0.992936, 0.454063, 0.398599, 0.433416, 0.461195, 0.563275, 0.70654, 0.452254, 0.421758, 0.642785, 0.715807],
[ 0, 0, 0, 0, 0, 0, 0, 0, 1, 0, 0.544549, 0.150102, 0.480952, 0.508483, 0.520773, 0.463968, 0.516617, 0.537555, 0.496232, 0.491345, 0.500886, 0.501112],
[ 0, 0, 0, 0, 0, 0, 0, 0, 1, 0, 0.164956, 0.150603, 0.492166, 0.517551, 0.497721, 0.490665, 0.472138, 0.4997, 0.502026, 0.513671, 0.504708, 0.505488],
[ 0, 0, 0, 0, 0, 0, 0, 1, 0, 0, 0.130426, 0.156856, 0.479648, 0.488282, 0.516006, 0.509283, 0.509444, 0.50609, 0.510943, 0.494749, 0.471893, 0.502056],
[ 0, 0, 0, 0, 0, 0, 0, 0, 1, 0, 0.733117, 0.259601, 0.531748, 0.594787, 0.504428, 0.443295, 0.457674, 0.557327, 0.491318, 0.567472, 0.511179, 0.502931],
[ 0, 0, 0, 0, 1, 0, 0, 0, 0, 0, 0.525363, 0.153382, 0.501595, 0.495039, 0.500785, 0.499736, 0.510841, 0.516251, 0.517618, 0.473783, 0.515885, 0.530961],
[ 0, 0, 0, 0, 0, 0, 0, 0, 0, 1, 0.210833, 0.2926, 0.506095, 0.484405, 0.522022, 0.535969, 0.540685, 0.530063, 0.53082, 0.542803, 0.544078, 0.548339]]
30,[[ 0, 0, 0, 0, 0, 0, 0, 0, 1, 0, 0.227447, 0.229263, 0.471054, 0.483361, 0.489096, 0.468392, 0.422389, 0.483572, 0.481633, 0.464553, 0.435832, 0.477098],
[ 0, 0, 0, 0, 0, 0, 0, 0, 0, 1, 0.542941, 0.166737, 0.482917, 0.501488, 0.447736, 0.518135, 0.540006, 0.501016, 0.488173, 0.504073, 0.501689, 0.507115],
[ 0, 0, 0, 0, 1, 0, 0, 0, 0, 0, 0.319435, 0.644911, 0.512391, 0.482453, 0.381538, 0.493856, 0.539607, 0.560863, 0.505232, 0.498568, 0.532109, 0.563699],
[ 0, 0, 0, 0, 0, 0, 0, 1, 0, 0, 0.276129, 0.230422, 0.525492, 0.523902, 0.526299, 0.517482, 0.500075, 0.454237, 0.519372, 0.52064, 0.515137, 0.517387],
[ 0, 0, 0, 0, 0, 0, 0, 1, 0, 0, 0.531443, 0.16114, 0.495873, 0.521495, 0.509436, 0.495569, 0.450575, 0.504018, 0.525991, 0.434901, 0.463602, 0.460092],
[ 0, 0, 0, 0, 0, 0, 0, 1, 0, 0, 0.330087, 0.636999, 0.588804, 0.587334, 0.526888, 0.419179, 0.470867, 0.444409, 0.616858, 0.567713, 0.578269, 0.562951],
[ 0, 0, 0, 0, 0, 0, 0, 1, 0, 0, 0.195822, 0.789725, 0.508812, 0.485512, 0.51294, 0.491416, 0.486873, 0.500432, 0.470789, 0.372066, 0.56122, 0.565261],
[ 0, 0, 0, 0, 0, 0, 0, 0, 0, 1, 0.35083, 0.746999, 0.550078, 0.48078, 0.485561, 0.480602, 0.381854, 0.457642, 0.528705, 0.534045, 0.463952, 0.350899],
[ 0, 0, 0, 0, 0, 0, 0, 0, 1, 0, 0.357725, 0.911112, 0.319278, 0.545518, 0.441291, 0.32296, 0.507702, 0.617276, 0.505272, 0.453896, 0.351278, 0.502807],
[ 1, 0, 0, 0, 0, 0, 0, 0, 0, 0, 0.239872, 0.481106, 0.520853, 0.467366, 0.567603, 0.577237, 0.512275, 0.507408, 0.517772, 0.513854, 0.431795, 0.390645]]
35,[[ 0, 0, 0, 0, 0, 1, 0, 0, 0, 0, 0.506974, 0.952178, 0.499612, 0.530681, 0.540439, 0.474739, 0.454922, 0.38088, 0.454272, 0.60623, 0.712231, 0.476085],
[ 0, 1, 0, 0, 0, 0, 0, 0, 0, 0, 0.372782, 0.142343, 0.467074, 0.500573, 0.525937, 0.500693, 0.500947, 0.499063, 0.468549, 0.504184, 0.524021, 0.499886],
[ 0, 0, 1, 0, 0, 0, 0, 0, 0, 0, 0.433189, 0.105214, 0.477611, 0.479064, 0.479791, 0.468072, 0.474712, 0.456336, 0.430006, 0.459469, 0.455898, 0.430721],
[ 0, 0, 0, 1, 0, 0, 0, 0, 0, 0, 0.456227, 0.649851, 0.613614, 0.511148, 0.501, 0.532259, 0.523963, 0.463951, 0.440248, 0.478955, 0.513418, 0.564949],
[ 0, 0, 0, 0, 0, 0, 0, 1, 0, 0, 0.668307, 0.412173, 0.438737, 0.52035, 0.615332, 0.416521, 0.388297, 0.46353, 0.531245, 0.436126, 0.552295, 0.537786],
[ 0, 0, 0, 0, 0, 0, 0, 0, 1, 0, 0.227447, 0.229263, 0.471054, 0.483361, 0.489096, 0.468392, 0.422389, 0.483572, 0.481633, 0.464553, 0.435832, 0.477098],
[ 0, 0, 0, 0, 0, 0, 0, 0, 0, 1, 0.542941, 0.166737, 0.482917, 0.501488, 0.447736, 0.518135, 0.540006, 0.501016, 0.488173, 0.504073, 0.501689, 0.507115],
[ 0, 0, 0, 0, 1, 0, 0, 0, 0, 0, 0.319435, 0.644911, 0.512391, 0.482453, 0.381538, 0.493856, 0.539607, 0.560863, 0.505232, 0.498568, 0.532109, 0.563699],
[ 0, 0, 0, 0, 0, 0, 0, 1, 0, 0, 0.276129, 0.230422, 0.525492, 0.523902, 0.526299, 0.517482, 0.500075, 0.454237, 0.519372, 0.52064, 0.515137, 0.517387],
[ 0, 0, 0, 0, 0, 0, 0, 1, 0, 0, 0.531443, 0.16114, 0.495873, 0.521495, 0.509436, 0.495569, 0.450575, 0.504018, 0.525991, 0.434901, 0.463602, 0.460092]]
37,[[ 1, 0, 0, 0, 0, 0, 0, 0, 0, 0, 0.686583, 0.20105, 0.467637, 0.443368, 0.551355, 0.517695, 0.469005, 0.503995, 0.445465, 0.425787, 0.494545, 0.602849],
[ 0, 0, 0, 0, 0, 0, 0, 1, 0, 0, 0.497452, 0.23818, 0.52185, 0.534451, 0.556833, 0.524316, 0.479543, 0.46764, 0.551028, 0.491975, 0.481292, 0.514862],
[ 0, 0, 0, 0, 0, 1, 0, 0, 0, 0, 0.506974, 0.952178, 0.499612, 0.530681, 0.540439, 0.474739, 0.454922, 0.38088, 0.454272, 0.60623, 0.712231, 0.476085],
[ 0, 1, 0, 0, 0, 0, 0, 0, 0, 0, 0.372782, 0.142343, 0.467074, 0.500573, 0.525937, 0.500693, 0.500947, 0.499063, 0.468549, 0.504184, 0.524021, 0.499886],
[ 0, 0, 1, 0, 0, 0, 0, 0, 0, 0, 0.433189, 0.105214, 0.477611, 0.479064, 0.479791, 0.468072, 0.474712, 0.456336, 0.430006, 0.459469, 0.455898, 0.430721],
[ 0, 0, 0, 1, 0, 0, 0, 0, 0, 0, 0.456227, 0.649851, 0.613614, 0.511148, 0.501, 0.532259, 0.523963, 0.463951, 0.440248, 0.478955, 0.513418, 0.564949],
[ 0, 0, 0, 0, 0, 0, 0, 1, 0, 0, 0.668307, 0.412173, 0.438737, 0.52035, 0.615332, 0.416521, 0.388297, 0.46353, 0.531245, 0.436126, 0.552295, 0.537786],
[ 0, 0, 0, 0, 0, 0, 0, 0, 1, 0, 0.227447, 0.229263, 0.471054, 0.483361, 0.489096, 0.468392, 0.422389, 0.483572, 0.481633, 0.464553, 0.435832, 0.477098],
[ 0, 0, 0, 0, 0, 0, 0, 0, 0, 1, 0.542941, 0.166737, 0.482917, 0.501488, 0.447736, 0.518135, 0.540006, 0.501016, 0.488173, 0.504073, 0.501689, 0.507115],
[ 0, 0, 0, 0, 1, 0, 0, 0, 0, 0, 0.319435, 0.644911, 0.512391, 0.482453, 0.381538, 0.493856, 0.539607, 0.560863, 0.505232, 0.498568, 0.532109, 0.563699]]
38,[[ 1, 0, 0, 0, 0, 0, 0, 0, 0, 0, 0.221275, 0.383958, 0.503522, 0.469246, 0.423113, 0.535935, 0.524204, 0.49072, 0.503515, 0.523846, 0.527412, 0.513336],
[ 1, 0, 0, 0, 0, 0, 0, 0, 0, 0, 0.686583, 0.20105, 0.467637, 0.443368, 0.551355, 0.517695, 0.469005, 0.503995, 0.445465, 0.425787, 0.494545, 0.602849],
[ 0, 0, 0, 0, 0, 0, 0, 1, 0, 0, 0.497452, 0.23818, 0.52185, 0.534451, 0.556833, 0.524316, 0.479543, 0.46764, 0.551028, 0.491975, 0.481292, 0.514862],
[ 0, 0, 0, 0, 0, 1, 0, 0, 0, 0, 0.506974, 0.952178, 0.499612, 0.530681, 0.540439, 0.474739, 0.454922, 0.38088, 0.454272, 0.60623, 0.712231, 0.476085],
[ 0, 1, 0, 0, 0, 0, 0, 0, 0, 0, 0.372782, 0.142343, 0.467074, 0.500573, 0.525937, 0.500693, 0.500947, 0.499063, 0.468549, 0.504184, 0.524021, 0.499886],
[ 0, 0, 1, 0, 0, 0, 0, 0, 0, 0, 0.433189, 0.105214, 0.477611, 0.479064, 0.479791, 0.468072, 0.474712, 0.456336, 0.430006, 0.459469, 0.455898, 0.430721],
[ 0, 0, 0, 1, 0, 0, 0, 0, 0, 0, 0.456227, 0.649851, 0.613614, 0.511148, 0.501, 0.532259, 0.523963, 0.463951, 0.440248, 0.478955, 0.513418, 0.564949],
[ 0, 0, 0, 0, 0, 0, 0, 1, 0, 0, 0.668307, 0.412173, 0.438737, 0.52035, 0.615332, 0.416521, 0.388297, 0.46353, 0.531245, 0.436126, 0.552295, 0.537786],
[ 0, 0, 0, 0, 0, 0, 0, 0, 1, 0, 0.227447, 0.229263, 0.471054, 0.483361, 0.489096, 0.468392, 0.422389, 0.483572, 0.481633, 0.464553, 0.435832, 0.477098],
[ 0, 0, 0, 0, 0, 0, 0, 0, 0, 1, 0.542941, 0.166737, 0.482917, 0.501488, 0.447736, 0.518135, 0.540006, 0.501016, 0.488173, 0.504073, 0.501689, 0.507115]]
39,[[ 0, 1, 0, 0, 0, 0, 0, 0, 0, 0, 0.4024, 0.718977, 0.477476, 0.367062, 0.597327, 0.559347, 0.56542, 0.581114, 0.528519, 0.484263, 0.413978, 0.493642],
[ 1, 0, 0, 0, 0, 0, 0, 0, 0, 0, 0.221275, 0.383958, 0.503522, 0.469246, 0.423113, 0.535935, 0.524204, 0.49072, 0.503515, 0.523846, 0.527412, 0.513336],
[ 1, 0, 0, 0, 0, 0, 0, 0, 0, 0, 0.686583, 0.20105, 0.467637, 0.443368, 0.551355, 0.517695, 0.469005, 0.503995, 0.445465, 0.425787, 0.494545, 0.602849],
[ 0, 0, 0, 0, 0, 0, 0, 1, 0, 0, 0.497452, 0.23818, 0.52185, 0.534451, 0.556833, 0.524316, 0.479543, 0.46764, 0.551028, 0.491975, 0.481292, 0.514862],
[ 0, 0, 0, 0, 0, 1, 0, 0, 0, 0, 0.506974, 0.952178, 0.499612, 0.530681, 0.540439, 0.474739, 0.454922, 0.38088, 0.454272, 0.60623, 0.712231, 0.476085],
[ 0, 1, 0, 0, 0, 0, 0, 0, 0, 0, 0.372782, 0.142343, 0.467074, 0.500573, 0.525937, 0.500693, 0.500947, 0.499063, 0.468549, 0.504184, 0.524021, 0.499886],
[ 0, 0, 1, 0, 0, 0, 0, 0, 0, 0, 0.433189, 0.105214, 0.477611, 0.479064, 0.479791, 0.468072, 0.474712, 0.456336, 0.430006, 0.459469, 0.455898, 0.430721],
[ 0, 0, 0, 1, 0, 0, 0, 0, 0, 0, 0.456227, 0.649851, 0.613614, 0.511148, 0.501, 0.532259, 0.523963, 0.463951, 0.440248, 0.478955, 0.513418, 0.564949],
[ 0, 0, 0, 0, 0, 0, 0, 1, 0, 0, 0.668307, 0.412173, 0.438737, 0.52035, 0.615332, 0.416521, 0.388297, 0.46353, 0.531245, 0.436126, 0.552295, 0.537786],
[ 0, 0, 0, 0, 0, 0, 0, 0, 1, 0, 0.227447, 0.229263, 0.471054, 0.483361, 0.489096, 0.468392, 0.422389, 0.483572, 0.481633, 0.464553, 0.435832, 0.477098]]
40,[[ 0, 0, 0, 0, 0, 1, 0, 0, 0, 0, 0.292522, 0.221853, 0.522952, 0.519666, 0.513099, 0.522121, 0.527001, 0.510133, 0.505837, 0.51436, 0.524015, 0.50762],
[ 0, 1, 0, 0, 0, 0, 0, 0, 0, 0, 0.4024, 0.718977, 0.477476, 0.367062, 0.597327, 0.559347, 0.56542, 0.581114, 0.528519, 0.484263, 0.413978, 0.493642],
[ 1, 0, 0, 0, 0, 0, 0, 0, 0, 0, 0.221275, 0.383958, 0.503522, 0.469246, 0.423113, 0.535935, 0.524204, 0.49072, 0.503515, 0.523846, 0.527412, 0.513336],
[ 1, 0, 0, 0, 0, 0, 0, 0, 0, 0, 0.686583, 0.20105, 0.467637, 0.443368, 0.551355, 0.517695, 0.469005, 0.503995, 0.445465, 0.425787, 0.494545, 0.602849],
[ 0, 0, 0, 0, 0, 0, 0, 1, 0, 0, 0.497452, 0.23818, 0.52185, 0.534451, 0.556833, 0.524316, 0.479543, 0.46764, 0.551028, 0.491975, 0.481292, 0.514862],
[ 0, 0, 0, 0, 0, 1, 0, 0, 0, 0, 0.506974, 0.952178, 0.499612, 0.530681, 0.540439, 0.474739, 0.454922, 0.38088, 0.454272, 0.60623, 0.712231, 0.476085],
[ 0, 1, 0, 0, 0, 0, 0, 0, 0, 0, 0.372782, 0.142343, 0.467074, 0.500573, 0.525937, 0.500693, 0.500947, 0.499063, 0.468549, 0.504184, 0.524021, 0.499886],
[ 0, 0, 1, 0, 0, 0, 0, 0, 0, 0, 0.433189, 0.105214, 0.477611, 0.479064, 0.479791, 0.468072, 0.474712, 0.456336, 0.430006, 0.459469, 0.455898, 0.430721],
[ 0, 0, 0, 1, 0, 0, 0, 0, 0, 0, 0.456227, 0.649851, 0.613614, 0.511148, 0.501, 0.532259, 0.523963, 0.463951, 0.440248, 0.478955, 0.513418, 0.564949],
[ 0, 0, 0, 0, 0, 0, 0, 1, 0, 0, 0.668307, 0.412173, 0.438737, 0.52035, 0.615332, 0.416521, 0.388297, 0.46353, 0.531245, 0.436126, 0.552295, 0.537786]]
41,[[ 0, 0, 0, 0, 0, 0, 1, 0, 0, 0, 0.376415, 0.130804, 0.510506, 0.492183, 0.469111, 0.515272, 0.508113, 0.500534, 0.507549, 0.517669, 0.496216, 0.50147],
[ 0, 0, 0, 0, 0, 1, 0, 0, 0, 0, 0.292522, 0.221853, 0.522952, 0.519666, 0.513099, 0.522121, 0.527001, 0.510133, 0.505837, 0.51436, 0.524015, 0.50762],
[ 0, 1, 0, 0, 0, 0, 0, 0, 0, 0, 0.4024, 0.718977, 0.477476, 0.367062, 0.597327, 0.559347, 0.56542, 0.581114, 0.528519, 0.484263, 0.413978, 0.493642],
[ 1, 0, 0, 0, 0, 0, 0, 0, 0, 0, 0.221275, 0.383958, 0.503522, 0.469246, 0.423113, 0.535935, 0.524204, 0.49072, 0.503515, 0.523846, 0.527412, 0.513336],
[ 1, 0, 0, 0, 0, 0, 0, 0, 0, 0, 0.686583, 0.20105, 0.467637, 0.443368, 0.551355, 0.517695, 0.469005, 0.503995, 0.445465, 0.425787, 0.494545, 0.602849],
[ 0, 0, 0, 0, 0, 0, 0, 1, 0, 0, 0.497452, 0.23818, 0.52185, 0.534451, 0.556833, 0.524316, 0.479543, 0.46764, 0.551028, 0.491975, 0.481292, 0.514862],
[ 0, 0, 0, 0, 0, 1, 0, 0, 0, 0, 0.506974, 0.952178, 0.499612, 0.530681, 0.540439, 0.474739, 0.454922, 0.38088, 0.454272, 0.60623, 0.712231, 0.476085],
[ 0, 1, 0, 0, 0, 0, 0, 0, 0, 0, 0.372782, 0.142343, 0.467074, 0.500573, 0.525937, 0.500693, 0.500947, 0.499063, 0.468549, 0.504184, 0.524021, 0.499886],
[ 0, 0, 1, 0, 0, 0, 0, 0, 0, 0, 0.433189, 0.105214, 0.477611, 0.479064, 0.479791, 0.468072, 0.474712, 0.456336, 0.430006, 0.459469, 0.455898, 0.430721],
[ 0, 0, 0, 1, 0, 0, 0, 0, 0, 0, 0.456227, 0.649851, 0.613614, 0.511148, 0.501, 0.532259, 0.523963, 0.463951, 0.440248, 0.478955, 0.513418, 0.564949]]
42,[[ 0, 1, 0, 0, 0, 0, 0, 0, 0, 0, 0.941942, 0.821722, 0.409327, 0.39855, 0.750323, 0.35048, 0.501356, 0.496728, 0.437345, 0.45787, 0.624701, 0.222045],
[ 0, 0, 0, 0, 0, 0, 1, 0, 0, 0, 0.376415, 0.130804, 0.510506, 0.492183, 0.469111, 0.515272, 0.508113, 0.500534, 0.507549, 0.517669, 0.496216, 0.50147],
[ 0, 0, 0, 0, 0, 1, 0, 0, 0, 0, 0.292522, 0.221853, 0.522952, 0.519666, 0.513099, 0.522121, 0.527001, 0.510133, 0.505837, 0.51436, 0.524015, 0.50762],
[ 0, 1, 0, 0, 0, 0, 0, 0, 0, 0, 0.4024, 0.718977, 0.477476, 0.367062, 0.597327, 0.559347, 0.56542, 0.581114, 0.528519, 0.484263, 0.413978, 0.493642],
[ 1, 0, 0, 0, 0, 0, 0, 0, 0, 0, 0.221275, 0.383958, 0.503522, 0.469246, 0.423113, 0.535935, 0.524204, 0.49072, 0.503515, 0.523846, 0.527412, 0.513336],
[ 1, 0, 0, 0, 0, 0, 0, 0, 0, 0, 0.686583, 0.20105, 0.467637, 0.443368, 0.551355, 0.517695, 0.469005, 0.503995, 0.445465, 0.425787, 0.494545, 0.602849],
[ 0, 0, 0, 0, 0, 0, 0, 1, 0, 0, 0.497452, 0.23818, 0.52185, 0.534451, 0.556833, 0.524316, 0.479543, 0.46764, 0.551028, 0.491975, 0.481292, 0.514862],
[ 0, 0, 0, 0, 0, 1, 0, 0, 0, 0, 0.506974, 0.952178, 0.499612, 0.530681, 0.540439, 0.474739, 0.454922, 0.38088, 0.454272, 0.60623, 0.712231, 0.476085],
[ 0, 1, 0, 0, 0, 0, 0, 0, 0, 0, 0.372782, 0.142343, 0.467074, 0.500573, 0.525937, 0.500693, 0.500947, 0.499063, 0.468549, 0.504184, 0.524021, 0.499886],
[ 0, 0, 1, 0, 0, 0, 0, 0, 0, 0, 0.433189, 0.105214, 0.477611, 0.479064, 0.479791, 0.468072, 0.474712, 0.456336, 0.430006, 0.459469, 0.455898, 0.430721]]
43,[[ 0, 0, 0, 0, 0, 0, 1, 0, 0, 0, 0.947105, 0.459029, 0.52467, 0.475462, 0.486619, 0.728243, 0.337959, 0.459471, 0.494089, 0.745503, 0.224755, 0.58291],
[ 0, 1, 0, 0, 0, 0, 0, 0, 0, 0, 0.941942, 0.821722, 0.409327, 0.39855, 0.750323, 0.35048, 0.501356, 0.496728, 0.437345, 0.45787, 0.624701, 0.222045],
[ 0, 0, 0, 0, 0, 0, 1, 0, 0, 0, 0.376415, 0.130804, 0.510506, 0.492183, 0.469111, 0.515272, 0.508113, 0.500534, 0.507549, 0.517669, 0.496216, 0.50147],
[ 0, 0, 0, 0, 0, 1, 0, 0, 0, 0, 0.292522, 0.221853, 0.522952, 0.519666, 0.513099, 0.522121, 0.527001, 0.510133, 0.505837, 0.51436, 0.524015, 0.50762],
[ 0, 1, 0, 0, 0, 0, 0, 0, 0, 0, 0.4024, 0.718977, 0.477476, 0.367062, 0.597327, 0.559347, 0.56542, 0.581114, 0.528519, 0.484263, 0.413978, 0.493642],
[ 1, 0, 0, 0, 0, 0, 0, 0, 0, 0, 0.221275, 0.383958, 0.503522, 0.469246, 0.423113, 0.535935, 0.524204, 0.49072, 0.503515, 0.523846, 0.527412, 0.513336],
[ 1, 0, 0, 0, 0, 0, 0, 0, 0, 0, 0.686583, 0.20105, 0.467637, 0.443368, 0.551355, 0.517695, 0.469005, 0.503995, 0.445465, 0.425787, 0.494545, 0.602849],
[ 0, 0, 0, 0, 0, 0, 0, 1, 0, 0, 0.497452, 0.23818, 0.52185, 0.534451, 0.556833, 0.524316, 0.479543, 0.46764, 0.551028, 0.491975, 0.481292, 0.514862],
[ 0, 0, 0, 0, 0, 1, 0, 0, 0, 0, 0.506974, 0.952178, 0.499612, 0.530681, 0.540439, 0.474739, 0.454922, 0.38088, 0.454272, 0.60623, 0.712231, 0.476085],
[ 0, 1, 0, 0, 0, 0, 0, 0, 0, 0, 0.372782, 0.142343, 0.467074, 0.500573, 0.525937, 0.500693, 0.500947, 0.499063, 0.468549, 0.504184, 0.524021, 0.499886]]
44,[[ 0, 1, 0, 0, 0, 0, 0, 0, 0, 0, 0.325871, 0.132772, 0.492635, 0.463451, 0.517875, 0.515685, 0.50551, 0.511933, 0.503051, 0.516245, 0.515039, 0.498345],
[ 0, 0, 0, 0, 0, 0, 1, 0, 0, 0, 0.947105, 0.459029, 0.52467, 0.475462, 0.486619, 0.728243, 0.337959, 0.459471, 0.494089, 0.745503, 0.224755, 0.58291],
[ 0, 1, 0, 0, 0, 0, 0, 0, 0, 0, 0.941942, 0.821722, 0.409327, 0.39855, 0.750323, 0.35048, 0.501356, 0.496728, 0.437345, 0.45787, 0.624701, 0.222045],
[ 0, 0, 0, 0, 0, 0, 1, 0, 0, 0, 0.376415, 0.130804, 0.510506, 0.492183, 0.469111, 0.515272, 0.508113, 0.500534, 0.507549, 0.517669, 0.496216, 0.50147],
[ 0, 0, 0, 0, 0, 1, 0, 0, 0, 0, 0.292522, 0.221853, 0.522952, 0.519666, 0.513099, 0.522121, 0.527001, 0.510133, 0.505837, 0.51436, 0.524015, 0.50762],
[ 0, 1, 0, 0, 0, 0, 0, 0, 0, 0, 0.4024, 0.718977, 0.477476, 0.367062, 0.597327, 0.559347, 0.56542, 0.581114, 0.528519, 0.484263, 0.413978, 0.493642],
[ 1, 0, 0, 0, 0, 0, 0, 0, 0, 0, 0.221275, 0.383958, 0.503522, 0.469246, 0.423113, 0.535935, 0.524204, 0.49072, 0.503515, 0.523846, 0.527412, 0.513336],
[ 1, 0, 0, 0, 0, 0, 0, 0, 0, 0, 0.686583, 0.20105, 0.467637, 0.443368, 0.551355, 0.517695, 0.469005, 0.503995, 0.445465, 0.425787, 0.494545, 0.602849],
[ 0, 0, 0, 0, 0, 0, 0, 1, 0, 0, 0.497452, 0.23818, 0.52185, 0.534451, 0.556833, 0.524316, 0.479543, 0.46764, 0.551028, 0.491975, 0.481292, 0.514862],
[ 0, 0, 0, 0, 0, 1, 0, 0, 0, 0, 0.506974, 0.952178, 0.499612, 0.530681, 0.540439, 0.474739, 0.454922, 0.38088, 0.454272, 0.60623, 0.712231, 0.476085]]
45,[[ 0, 0, 0, 0, 0, 0, 0, 0, 1, 0, 0.329503, 0.129298, 0.510222, 0.520362, 0.487553, 0.46331, 0.500374, 0.522685, 0.503242, 0.50369, 0.507224, 0.495762],
[ 0, 1, 0, 0, 0, 0, 0, 0, 0, 0, 0.325871, 0.132772, 0.492635, 0.463451, 0.517875, 0.515685, 0.50551, 0.511933, 0.503051, 0.516245, 0.515039, 0.498345],
[ 0, 0, 0, 0, 0, 0, 1, 0, 0, 0, 0.947105, 0.459029, 0.52467, 0.475462, 0.486619, 0.728243, 0.337959, 0.459471, 0.494089, 0.745503, 0.224755, 0.58291],
[ 0, 1, 0, 0, 0, 0, 0, 0, 0, 0, 0.941942, 0.821722, 0.409327, 0.39855, 0.750323, 0.35048, 0.501356, 0.496728, 0.437345, 0.45787, 0.624701, 0.222045],
[ 0, 0, 0, 0, 0, 0, 1, 0, 0, 0, 0.376415, 0.130804, 0.510506, 0.492183, 0.469111, 0.515272, 0.508113, 0.500534, 0.507549, 0.517669, 0.496216, 0.50147],
[ 0, 0, 0, 0, 0, 1, 0, 0, 0, 0, 0.292522, 0.221853, 0.522952, 0.519666, 0.513099, 0.522121, 0.527001, 0.510133, 0.505837, 0.51436, 0.524015, 0.50762],
[ 0, 1, 0, 0, 0, 0, 0, 0, 0, 0, 0.4024, 0.718977, 0.477476, 0.367062, 0.597327, 0.559347, 0.56542, 0.581114, 0.528519, 0.484263, 0.413978, 0.493642],
[ 1, 0, 0, 0, 0, 0, 0, 0, 0, 0, 0.221275, 0.383958, 0.503522, 0.469246, 0.423113, 0.535935, 0.524204, 0.49072, 0.503515, 0.523846, 0.527412, 0.513336],
[ 1, 0, 0, 0, 0, 0, 0, 0, 0, 0, 0.686583, 0.20105, 0.467637, 0.443368, 0.551355, 0.517695, 0.469005, 0.503995, 0.445465, 0.425787, 0.494545, 0.602849],
[ 0, 0, 0, 0, 0, 0, 0, 1, 0, 0, 0.497452, 0.23818, 0.52185, 0.534451, 0.556833, 0.524316, 0.479543, 0.46764, 0.551028, 0.491975, 0.481292, 0.514862]]
46,[[ 0, 0, 0, 0, 0, 0, 0, 0, 1, 0, 0.0874997, 0.16195, 0.491522, 0.511919, 0.50083, 0.503935, 0.510093, 0.498638, 0.505892, 0.505098, 0.503674, 0.502463],
[ 0, 0, 0, 0, 0, 0, 0, 0, 1, 0, 0.329503, 0.129298, 0.510222, 0.520362, 0.487553, 0.46331, 0.500374, 0.522685, 0.503242, 0.50369, 0.507224, 0.495762],
[ 0, 1, 0, 0, 0, 0, 0, 0, 0, 0, 0.325871, 0.132772, 0.492635, 0.463451, 0.517875, 0.515685, 0.50551, 0.511933, 0.503051, 0.516245, 0.515039, 0.498345],
[ 0, 0, 0, 0, 0, 0, 1, 0, 0, 0, 0.947105, 0.459029, 0.52467, 0.475462, 0.486619, 0.728243, 0.337959, 0.459471, 0.494089, 0.745503, 0.224755, 0.58291],
[ 0, 1, 0, 0, 0, 0, 0, 0, 0, 0, 0.941942, 0.821722, 0.409327, 0.39855, 0.750323, 0.35048, 0.501356, 0.496728, 0.437345, 0.45787, 0.624701, 0.222045],
[ 0, 0, 0, 0, 0, 0, 1, 0, 0, 0, 0.376415, 0.130804, 0.510506, 0.492183, 0.469111, 0.515272, 0.508113, 0.500534, 0.507549, 0.517669, 0.496216, 0.50147],
[ 0, 0, 0, 0, 0, 1, 0, 0, 0, 0, 0.292522, 0.221853, 0.522952, 0.519666, 0.513099, 0.522121, 0.527001, 0.510133, 0.505837, 0.51436, 0.524015, 0.50762],
[ 0, 1, 0, 0, 0, 0, 0, 0, 0, 0, 0.4024, 0.718977, 0.477476, 0.367062, 0.597327, 0.559347, 0.56542, 0.581114, 0.528519, 0.484263, 0.413978, 0.493642],
[ 1, 0, 0, 0, 0, 0, 0, 0, 0, 0, 0.221275, 0.383958, 0.503522, 0.469246, 0.423113, 0.535935, 0.524204, 0.49072, 0.503515, 0.523846, 0.527412, 0.513336],
[ 1, 0, 0, 0, 0, 0, 0, 0, 0, 0, 0.686583, 0.20105, 0.467637, 0.443368, 0.551355, 0.517695, 0.469005, 0.503995, 0.445465, 0.425787, 0.494545, 0.602849]]
47,[[ 0, 0, 0, 0, 1, 0, 0, 0, 0, 0, 0.550924, 0.922343, 0.462507, 0.458331, 0.546243, 0.511295, 0.531205, 0.663941, 0.414394, 0.384101, 0.597616, 0.712242],
[ 0, 0, 0, 0, 0, 0, 0, 0, 1, 0, 0.0874997, 0.16195, 0.491522, 0.511919, 0.50083, 0.503935, 0.510093, 0.498638, 0.505892, 0.505098, 0.503674, 0.502463],
[ 0, 0, 0, 0, 0, 0, 0, 0, 1, 0, 0.329503, 0.129298, 0.510222, 0.520362, 0.487553, 0.46331, 0.500374, 0.522685, 0.503242, 0.50369, 0.507224, 0.495762],
[ 0, 1, 0, 0, 0, 0, 0, 0, 0, 0, 0.325871, 0.132772, 0.492635, 0.463451, 0.517875, 0.515685, 0.50551, 0.511933, 0.503051, 0.516245, 0.515039, 0.498345],
[ 0, 0, 0, 0, 0, 0, 1, 0, 0, 0, 0.947105, 0.459029, 0.52467, 0.475462, 0.486619, 0.728243, 0.337959, 0.459471, 0.494089, 0.745503, 0.224755, 0.58291],
[ 0, 1, 0, 0, 0, 0, 0, 0, 0, 0, 0.941942, 0.821722, 0.409327, 0.39855, 0.750323, 0.35048, 0.501356, 0.496728, 0.437345, 0.45787, 0.624701, 0.222045],
[ 0, 0, 0, 0, 0, 0, 1, 0, 0, 0, 0.376415, 0.130804, 0.510506, 0.492183, 0.469111, 0.515272, 0.508113, 0.500534, 0.507549, 0.517669, 0.496216, 0.50147],
[ 0, 0, 0, 0, 0, 1, 0, 0, 0, 0, 0.292522, 0.221853, 0.522952, 0.519666, 0.513099, 0.522121, 0.527001, 0.510133, 0.505837, 0.51436, 0.524015, 0.50762],
[ 0, 1, 0, 0, 0, 0, 0, 0, 0, 0, 0.4024, 0.718977, 0.477476, 0.367062, 0.597327, 0.559347, 0.56542, 0.581114, 0.528519, 0.484263, 0.413978, 0.493642],
[ 1, 0, 0, 0, 0, 0, 0, 0, 0, 0, 0.221275, 0.383958, 0.503522, 0.469246, 0.423113, 0.535935, 0.524204, 0.49072, 0.503515, 0.523846, 0.527412, 0.513336]]
48,[[ 0, 0, 0, 0, 0, 0, 0, 0, 0, 1, 0.609001, 0.225288, 0.573188, 0.485575, 0.44387, 0.530184, 0.567202, 0.424666, 0.459937, 0.465765, 0.445831, 0.500616],
[ 0, 0, 0, 0, 1, 0, 0, 0, 0, 0, 0.550924, 0.922343, 0.462507, 0.458331, 0.546243, 0.511295, 0.531205, 0.663941, 0.414394, 0.384101, 0.597616, 0.712242],
[ 0, 0, 0, 0, 0, 0, 0, 0, 1, 0, 0.0874997, 0.16195, 0.491522, 0.511919, 0.50083, 0.503935, 0.510093, 0.498638, 0.505892, 0.505098, 0.503674, 0.502463],
[ 0, 0, 0, 0, 0, 0, 0, 0, 1, 0, 0.329503, 0.129298, 0.510222, 0.520362, 0.487553, 0.46331, 0.500374, 0.522685, 0.503242, 0.50369, 0.507224, 0.495762],
[ 0, 1, 0, 0, 0, 0, 0, 0, 0, 0, 0.325871, 0.132772, 0.492635, 0.463451, 0.517875, 0.515685, 0.50551, 0.511933, 0.503051, 0.516245, 0.515039, 0.498345],
[ 0, 0, 0, 0, 0, 0, 1, 0, 0, 0, 0.947105, 0.459029, 0.52467, 0.475462, 0.486619, 0.728243, 0.337959, 0.459471, 0.494089, 0.745503, 0.224755, 0.58291],
[ 0, 1, 0, 0, 0, 0, 0, 0, 0, 0, 0.941942, 0.821722, 0.409327, 0.39855, 0.750323, 0.35048, 0.501356, 0.496728, 0.437345, 0.45787, 0.624701, 0.222045],
[ 0, 0, 0, 0, 0, 0, 1, 0, 0, 0, 0.376415, 0.130804, 0.510506, 0.492183, 0.469111, 0.515272, 0.508113, 0.500534, 0.507549, 0.517669, 0.496216, 0.50147],
[ 0, 0, 0, 0, 0, 1, 0, 0, 0, 0, 0.292522, 0.221853, 0.522952, 0.519666, 0.513099, 0.522121, 0.527001, 0.510133, 0.505837, 0.51436, 0.524015, 0.50762],
[ 0, 1, 0, 0, 0, 0, 0, 0, 0, 0, 0.4024, 0.718977, 0.477476, 0.367062, 0.597327, 0.559347, 0.56542, 0.581114, 0.528519, 0.484263, 0.413978, 0.493642]]
49,[[ 0, 0, 0, 0, 0, 1, 0, 0, 0, 0, 0.353157, 0.123702, 0.503131, 0.510327, 0.502373, 0.507407, 0.509321, 0.497618, 0.502412, 0.506252, 0.501864, 0.468865],
[ 0, 0, 0, 0, 0, 0, 0, 0, 0, 1, 0.609001, 0.225288, 0.573188, 0.485575, 0.44387, 0.530184, 0.567202, 0.424666, 0.459937, 0.465765, 0.445831, 0.500616],
[ 0, 0, 0, 0, 1, 0, 0, 0, 0, 0, 0.550924, 0.922343, 0.462507, 0.458331, 0.546243, 0.511295, 0.531205, 0.663941, 0.414394, 0.384101, 0.597616, 0.712242],
[ 0, 0, 0, 0, 0, 0, 0, 0, 1, 0, 0.0874997, 0.16195, 0.491522, 0.511919, 0.50083, 0.503935, 0.510093, 0.498638, 0.505892, 0.505098, 0.503674, 0.502463],
[ 0, 0, 0, 0, 0, 0, 0, 0, 1, 0, 0.329503, 0.129298, 0.510222, 0.520362, 0.487553, 0.46331, 0.500374, 0.522685, 0.503242, 0.50369, 0.507224, 0.495762],
[ 0, 1, 0, 0, 0, 0, 0, 0, 0, 0, 0.325871, 0.132772, 0.492635, 0.463451, 0.517875, 0.515685, 0.50551, 0.511933, 0.503051, 0.516245, 0.515039, 0.498345],
[ 0, 0, 0, 0, 0, 0, 1, 0, 0, 0, 0.947105, 0.459029, 0.52467, 0.475462, 0.486619, 0.728243, 0.337959, 0.459471, 0.494089, 0.745503, 0.224755, 0.58291],
[ 0, 1, 0, 0, 0, 0, 0, 0, 0, 0, 0.941942, 0.821722, 0.409327, 0.39855, 0.750323, 0.35048, 0.501356, 0.496728, 0.437345, 0.45787, 0.624701, 0.222045],
[ 0, 0, 0, 0, 0, 0, 1, 0, 0, 0, 0.376415, 0.130804, 0.510506, 0.492183, 0.469111, 0.515272, 0.508113, 0.500534, 0.507549, 0.517669, 0.496216, 0.50147],
[ 0, 0, 0, 0, 0, 1, 0, 0, 0, 0, 0.292522, 0.221853, 0.522952, 0.519666, 0.513099, 0.522121, 0.527001, 0.510133, 0.505837, 0.51436, 0.524015, 0.50762]]
50,[[ 0, 0, 0, 0, 0, 0, 0, 1, 0, 0, 0.822088, 0.489212, 0.408378, 0.424151, 0.630657, 0.427751, 0.397225, 0.591027, 0.620576, 0.442089, 0.550324, 0.495189],
[ 0, 0, 0, 0, 0, 1, 0, 0, 0, 0, 0.353157, 0.123702, 0.503131, 0.510327, 0.502373, 0.507407, 0.509321, 0.497618, 0.502412, 0.506252, 0.501864, 0.468865],
[ 0, 0, 0, 0, 0, 0, 0, 0, 0, 1, 0.609001, 0.225288, 0.573188, 0.485575, 0.44387, 0.530184, 0.567202, 0.424666, 0.459937, 0.465765, 0.445831, 0.500616],
[ 0, 0, 0, 0, 1, 0, 0, 0, 0, 0, 0.550924, 0.922343, 0.462507, 0.458331, 0.546243, 0.511295, 0.531205, 0.663941, 0.414394, 0.384101, 0.597616, 0.712242],
[ 0, 0, 0, 0, 0, 0, 0, 0, 1, 0, 0.0874997, 0.16195, 0.491522, 0.511919, 0.50083, 0.503935, 0.510093, 0.498638, 0.505892, 0.505098, 0.503674, 0.502463],
[ 0, 0, 0, 0, 0, 0, 0, 0, 1, 0, 0.329503, 0.129298, 0.510222, 0.520362, 0.487553, 0.46331, 0.500374, 0.522685, 0.503242, 0.50369, 0.507224, 0.495762],
[ 0, 1, 0, 0, 0, 0, 0, 0, 0, 0, 0.325871, 0.132772, 0.492635, 0.463451, 0.517875, 0.515685, 0.50551, 0.511933, 0.503051, 0.516245, 0.515039, 0.498345],
[ 0, 0, 0, 0, 0, 0, 1, 0, 0, 0, 0.947105, 0.459029, 0.52467, 0.475462, 0.486619, 0.728243, 0.337959, 0.459471, 0.494089, 0.745503, 0.224755, 0.58291],
[ 0, 1, 0, 0, 0, 0, 0, 0, 0, 0, 0.941942, 0.821722, 0.409327, 0.39855, 0.750323, 0.35048, 0.501356, 0.496728, 0.437345, 0.45787, 0.624701, 0.222045],
[ 0, 0, 0, 0, 0, 0, 1, 0, 0, 0, 0.376415, 0.130804, 0.510506, 0.492183, 0.469111, 0.515272, 0.508113, 0.500534, 0.507549, 0.517669, 0.496216, 0.50147]]
51,[[ 0, 0, 0, 0, 0, 0, 0, 0, 0, 1, 0.754385, 0.196263, 0.57412, 0.46782, 0.446723, 0.536181, 0.505327, 0.512593, 0.520713, 0.494481, 0.458259, 0.505349],
[ 0, 0, 0, 0, 0, 0, 0, 1, 0, 0, 0.822088, 0.489212, 0.408378, 0.424151, 0.630657, 0.427751, 0.397225, 0.591027, 0.620576, 0.442089, 0.550324, 0.495189],
[ 0, 0, 0, 0, 0, 1, 0, 0, 0, 0, 0.353157, 0.123702, 0.503131, 0.510327, 0.502373, 0.507407, 0.509321, 0.497618, 0.502412, 0.506252, 0.501864, 0.468865],
[ 0, 0, 0, 0, 0, 0, 0, 0, 0, 1, 0.609001, 0.225288, 0.573188, 0.485575, 0.44387, 0.530184, 0.567202, 0.424666, 0.459937, 0.465765, 0.445831, 0.500616],
[ 0, 0, 0, 0, 1, 0, 0, 0, 0, 0, 0.550924, 0.922343, 0.462507, 0.458331, 0.546243, 0.511295, 0.531205, 0.663941, 0.414394, 0.384101, 0.597616, 0.712242],
[ 0, 0, 0, 0, 0, 0, 0, 0, 1, 0, 0.0874997, 0.16195, 0.491522, 0.511919, 0.50083, 0.503935, 0.510093, 0.498638, 0.505892, 0.505098, 0.503674, 0.502463],
[ 0, 0, 0, 0, 0, 0, 0, 0, 1, 0, 0.329503, 0.129298, 0.510222, 0.520362, 0.487553, 0.46331, 0.500374, 0.522685, 0.503242, 0.50369, 0.507224, 0.495762],
[ 0, 1, 0, 0, 0, 0, 0, 0, 0, 0, 0.325871, 0.132772, 0.492635, 0.463451, 0.517875, 0.515685, 0.50551, 0.511933, 0.503051, 0.516245, 0.515039, 0.498345],
[ 0, 0, 0, 0, 0, 0, 1, 0, 0, 0, 0.947105, 0.459029, 0.52467, 0.475462, 0.486619, 0.728243, 0.337959, 0.459471, 0.494089, 0.745503, 0.224755, 0.58291],
[ 0, 1, 0, 0, 0, 0, 0, 0, 0, 0, 0.941942, 0.821722, 0.409327, 0.39855, 0.750323, 0.35048, 0.501356, 0.496728, 0.437345, 0.45787, 0.624701, 0.222045]]
52,[[ 0, 0, 0, 0, 0, 0, 0, 1, 0, 0, 0.100514, 0.149098, 0.507487, 0.494921, 0.501721, 0.49021, 0.496449, 0.501136, 0.469706, 0.498552, 0.505718, 0.509616],
[ 0, 0, 0, 0, 0, 0, 0, 0, 0, 1, 0.754385, 0.196263, 0.57412, 0.46782, 0.446723, 0.536181, 0.505327, 0.512593, 0.520713, 0.494481, 0.458259, 0.505349],
[ 0, 0, 0, 0, 0, 0, 0, 1, 0, 0, 0.822088, 0.489212, 0.408378, 0.424151, 0.630657, 0.427751, 0.397225, 0.591027, 0.620576, 0.442089, 0.550324, 0.495189],
[ 0, 0, 0, 0, 0, 1, 0, 0, 0, 0, 0.353157, 0.123702, 0.503131, 0.510327, 0.502373, 0.507407, 0.509321, 0.497618, 0.502412, 0.506252, 0.501864, 0.468865],
[ 0, 0, 0, 0, 0, 0, 0, 0, 0, 1, 0.609001, 0.225288, 0.573188, 0.485575, 0.44387, 0.530184, 0.567202, 0.424666, 0.459937, 0.465765, 0.445831, 0.500616],
[ 0, 0, 0, 0, 1, 0, 0, 0, 0, 0, 0.550924, 0.922343, 0.462507, 0.458331, 0.546243, 0.511295, 0.531205, 0.663941, 0.414394, 0.384101, 0.597616, 0.712242],
[ 0, 0, 0, 0, 0, 0, 0, 0, 1, 0, 0.0874997, 0.16195, 0.491522, 0.511919, 0.50083, 0.503935, 0.510093, 0.498638, 0.505892, 0.505098, 0.503674, 0.502463],
[ 0, 0, 0, 0, 0, 0, 0, 0, 1, 0, 0.329503, 0.129298, 0.510222, 0.520362, 0.487553, 0.46331, 0.500374, 0.522685, 0.503242, 0.50369, 0.507224, 0.495762],
[ 0, 1, 0, 0, 0, 0, 0, 0, 0, 0, 0.325871, 0.132772, 0.492635, 0.463451, 0.517875, 0.515685, 0.50551, 0.511933, 0.503051, 0.516245, 0.515039, 0.498345],
[ 0, 0, 0, 0, 0, 0, 1, 0, 0, 0, 0.947105, 0.459029, 0.52467, 0.475462, 0.486619, 0.728243, 0.337959, 0.459471, 0.494089, 0.745503, 0.224755, 0.58291]]
53,[[ 1, 0, 0, 0, 0, 0, 0, 0, 0, 0, 0.621273, 0.578602, 0.427048, 0.382766, 0.607547, 0.614845, 0.333063, 0.505624, 0.552263, 0.431486, 0.467532, 0.647483],
[ 0, 0, 0, 0, 0, 0, 0, 1, 0, 0, 0.100514, 0.149098, 0.507487, 0.494921, 0.501721, 0.49021, 0.496449, 0.501136, 0.469706, 0.498552, 0.505718, 0.509616],
[ 0, 0, 0, 0, 0, 0, 0, 0, 0, 1, 0.754385, 0.196263, 0.57412, 0.46782, 0.446723, 0.536181, 0.505327, 0.512593, 0.520713, 0.494481, 0.458259, 0.505349],
[ 0, 0, 0, 0, 0, 0, 0, 1, 0, 0, 0.822088, 0.489212, 0.408378, 0.424151, 0.630657, 0.427751, 0.397225, 0.591027, 0.620576, 0.442089, 0.550324, 0.495189],
[ 0, 0, 0, 0, 0, 1, 0, 0, 0, 0, 0.353157, 0.123702, 0.503131, 0.510327, 0.502373, 0.507407, 0.509321, 0.497618, 0.502412, 0.506252, 0.501864, 0.468865],
[ 0, 0, 0, 0, 0, 0, 0, 0, 0, 1, 0.609001, 0.225288, 0.573188, 0.485575, 0.44387, 0.530184, 0.567202, 0.424666, 0.459937, 0.465765, 0.445831, 0.500616],
[ 0, 0, 0, 0, 1, 0, 0, 0, 0, 0, 0.550924, 0.922343, 0.462507, 0.458331, 0.546243, 0.511295, 0.531205, 0.663941, 0.414394, 0.384101, 0.597616, 0.712242],
[ 0, 0, 0, 0, 0, 0, 0, 0, 1, 0, 0.0874997, 0.16195, 0.491522, 0.511919, 0.50083, 0.503935, 0.510093, 0.498638, 0.505892, 0.505098, 0.503674, 0.502463],
[ 0, 0, 0, 0, 0, 0, 0, 0, 1, 0, 0.329503, 0.129298, 0.510222, 0.520362, 0.487553, 0.46331, 0.500374, 0.522685, 0.503242, 0.50369, 0.507224, 0.495762],
[ 0, 1, 0, 0, 0, 0, 0, 0, 0, 0, 0.325871, 0.132772, 0.492635, 0.463451, 0.517875, 0.515685, 0.50551, 0.511933, 0.503051, 0.516245, 0.515039, 0.498345]]
54,[[ 1, 0, 0, 0, 0, 0, 0, 0, 0, 0, 0.324091, 0.763827, 0.572943, 0.542261, 0.577661, 0.622722, 0.556986, 0.568763, 0.585716, 0.562314, 0.546198, 0.568616],
[ 1, 0, 0, 0, 0, 0, 0, 0, 0, 0, 0.621273, 0.578602, 0.427048, 0.382766, 0.607547, 0.614845, 0.333063, 0.505624, 0.552263, 0.431486, 0.467532, 0.647483],
[ 0, 0, 0, 0, 0, 0, 0, 1, 0, 0, 0.100514, 0.149098, 0.507487, 0.494921, 0.501721, 0.49021, 0.496449, 0.501136, 0.469706, 0.498552, 0.505718, 0.509616],
[ 0, 0, 0, 0, 0, 0, 0, 0, 0, 1, 0.754385, 0.196263, 0.57412, 0.46782, 0.446723, 0.536181, 0.505327, 0.512593, 0.520713, 0.494481, 0.458259, 0.505349],
[ 0, 0, 0, 0, 0, 0, 0, 1, 0, 0, 0.822088, 0.489212, 0.408378, 0.424151, 0.630657, 0.427751, 0.397225, 0.591027, 0.620576, 0.442089, 0.550324, 0.495189],
[ 0, 0, 0, 0, 0, 1, 0, 0, 0, 0, 0.353157, 0.123702, 0.503131, 0.510327, 0.502373, 0.507407, 0.509321, 0.497618, 0.502412, 0.506252, 0.501864, 0.468865],
[ 0, 0, 0, 0, 0, 0, 0, 0, 0, 1, 0.609001, 0.225288, 0.573188, 0.485575, 0.44387, 0.530184, 0.567202, 0.424666, 0.459937, 0.465765, 0.445831, 0.500616],
[ 0, 0, 0, 0, 1, 0, 0, 0, 0, 0, 0.550924, 0.922343, 0.462507, 0.458331, 0.546243, 0.511295, 0.531205, 0.663941, 0.414394, 0.384101, 0.597616, 0.712242],
[ 0, 0, 0, 0, 0, 0, 0, 0, 1, 0, 0.0874997, 0.16195, 0.491522, 0.511919, 0.50083, 0.503935, 0.510093, 0.498638, 0.505892, 0.505098, 0.503674, 0.502463],
[ 0, 0, 0, 0, 0, 0, 0, 0, 1, 0, 0.329503, 0.129298, 0.510222, 0.520362, 0.487553, 0.46331, 0.500374, 0.522685, 0.503242, 0.50369, 0.507224, 0.495762]]
