10,1
20,0.9
30,0.8
40,0.8
50,1
60,1
70,1
80,1
90,1
100,1
110,0.9
120,1
130,1
140,1
150,0.7
160,0.7
170,0.9
180,0.9
190,1
200,0.9
210,0.8
220,0.9
230,0.8
240,0.9
250,0.8
260,1
270,0.8
280,0.9
290,1
300,0.8
310,0.8
320,0.9
330,0.9
340,1
350,1
360,1
370,0.9
380,0.8
390,0.3
400,0.4
410,1
420,0.8
430,1
440,1
450,1
460,0.9
470,1
480,1
490,0.9
500,0.8
510,0.8
520,1
530,1
540,0.5
550,1
560,1
570,1
580,0.6
590,0.8
600,1
610,1
620,0.9
630,0.8
640,1
650,0.9
660,0.9
670,1
680,0.3
690,0.9
700,0.9
710,0.4
720,0.7
730,1
740,0.5
750,0.6
760,0.7
770,0.3
780,0.9
790,0.9
800,1
810,1
820,0.2
830,0
840,0
850,0.6
860,0.1
870,0.2
880,0.7
890,0.9
900,1
910,0.1
920,0.8
930,0.4
940,1
