10,0.904264
20,0.904264
30,0.904264
40,0.904264
50,0.904264
60,0.904264
70,0.904264
80,0.904264
90,0.904264
100,0.904264
110,0.904264
120,0.904264
130,0.904264
140,0.904264
150,0.904264
160,0.904264
170,0.904264
180,0.904264
190,0.904264
200,0.904264
210,0.904264
220,0.904264
230,0.904264
240,0.904264
250,0.904264
260,0.904264
270,0.904264
280,0.904264
290,0.904264
300,0.904264
310,0.904264
320,0.904264
330,0.904264
340,0.904264
350,0.904264
360,0.904264
370,0.904264
380,0.904264
390,0.337911
400,0.337911
410,0.904264
420,0.904264
430,0.904264
440,0.904264
450,0.904264
460,0.904264
470,0.904264
480,0.904264
490,0.904264
500,0.904264
510,0.904264
520,0.904264
530,0.904264
540,0.337911
550,0.904264
560,0.904264
570,0.904264
580,0.337911
590,0.904264
600,0.904264
610,0.904264
620,0.904264
630,0.82392
640,0.82392
650,0.82392
660,0.904264
670,0.904264
680,0.337911
690,0.904264
700,0.904264
710,0.337911
720,0.82392
730,0.904264
740,0.337911
750,0.337911
760,0.904264
770,0.257568
780,0.904264
790,0.904264
800,0.904264
810,0.904264
820,0.0957365
830,0.0957365
840,0.0957365
850,0.904264
860,0.0957365
870,0.0957365
880,0.904264
890,0.904264
900,0.904264
910,0.0957365
920,0.904264
930,0.17608
940,0.904264
