10,0.7
20,0.7
30,0.7
40,0.7
50,0.7
60,0.7
70,0.7
80,0.7
90,0.7
100,0.7
110,0.7
120,0.7
130,0.7
140,0.7
150,0.7
160,0.7
170,0.7
180,0.7
190,0.7
200,0.7
210,0.7
220,0.7
230,0.7
240,0.7
250,0.7
260,0.703
270,0.703
280,0.704
290,0.704
300,0.709
310,0.708
320,0.705
330,0.703
340,0.704
350,0.709
360,0.721
370,0.73
380,0.729
390,0.727
400,0.714
410,0.727
420,0.734
430,0.732
440,0.736
450,0.734
460,0.727
470,0.723
480,0.727
490,0.727
500,0.727
510,0.727
520,0.727
530,0.734
540,0.726
550,0.729
560,0.73
570,0.734
580,0.731
590,0.731
600,0.725
610,0.731
620,0.729
630,0.731
640,0.737
650,0.737
660,0.735
670,0.742
680,0.737
690,0.74
700,0.732
710,0.737
720,0.736
730,0.738
740,0.735
750,0.735
760,0.736
770,0.737
780,0.735
790,0.731
800,0.732
810,0.734
820,0.736
830,0.736
840,0.736
850,0.737
860,0.742
870,0.742
880,0.737
890,0.744
900,0.744
910,0.74
920,0.744
930,0.74
940,0.74
950,0.742
960,0.742
970,0.744
980,0.744
990,0.741
1000,0.738
