10,0.8
20,0.8
30,0.6
40,0.7
50,0.8
60,0.9
70,0.9
80,0.9
90,0.8
100,0.6
110,0.8
120,0.8
130,0.6
140,0.6
150,0.7
160,0.8
170,0.7
180,0.6
190,0.8
200,0.9
210,0.8
220,0.8
230,0.8
240,0.7
250,0.8
260,0.6
270,0.6
280,0.5
290,0.7
300,0.7
310,0.7
320,0.8
330,0.8
340,0.6
350,0.7
360,0.6
370,0.4
380,0.7
390,0.7
400,0.6
410,0.5
420,0.7
430,0.7
440,0.7
450,0.7
460,0.8
470,0.7
480,0.9
490,0.9
500,0.8
510,0.8
520,0.7
530,0.6
540,0.8
550,0.9
560,0.9
570,0.7
580,0.9
590,0.7
600,0.6
610,0.8
620,0.6
630,0.8
640,0.7
650,0.7
660,0.7
670,0.8
680,0.8
690,0.8
700,0.9
710,0.7
720,0.9
730,0.9
740,0.6
750,0.7
760,0.8
770,0.7
780,0.8
790,0.6
800,0.9
810,0.7
820,0.9
830,0.8
840,0.7
850,0.5
860,0.7
870,0.9
880,0.6
890,0.7
900,0.6
910,0.9
920,0.8
930,0.8
940,0.9
950,0.6
960,0.5
970,0.6
980,0.9
990,0.7
1000,0.7
