time(s)     water surface(m)
0.000000000000000000e+00 -1.183910124170988182e-05
5.000000000000000278e-02 -2.040891277760381721e-06
1.000000000000000056e-01 7.042385953151883895e-06
1.499999999999999944e-01 1.516209476273529185e-05
2.000000000000000111e-01 2.209222412676807302e-05
2.500000000000000000e-01 2.783893072983569409e-05
2.999999999999999889e-01 3.220515587330258803e-05
3.499999999999999778e-01 3.528819861603555634e-05
4.000000000000000222e-01 3.718525513796765527e-05
4.500000000000000111e-01 3.799340784785501675e-05
5.000000000000000000e-01 3.790776375925647667e-05
5.500000000000000444e-01 3.692699102593280413e-05
5.999999999999999778e-01 3.554035653612734477e-05
6.500000000000000222e-01 3.374620881796348880e-05
6.999999999999999556e-01 3.173901337700872470e-05
7.500000000000000000e-01 2.981118514444150197e-05
8.000000000000000444e-01 2.805861925662880225e-05
8.499999999999999778e-01 2.647882139123851670e-05
9.000000000000000222e-01 2.526533720286080085e-05
9.499999999999999556e-01 2.431697872005984644e-05
1.000000000000000000e+00 2.382670169049528141e-05
1.050000000000000044e+00 2.359452879941853080e-05
1.100000000000000089e+00 2.361642424379667061e-05
1.149999999999999911e+00 2.398611545291942835e-05
1.199999999999999956e+00 2.440431261092378945e-05
1.250000000000000000e+00 2.506202981529123214e-05
1.300000000000000044e+00 2.575720117478578133e-05
1.350000000000000089e+00 2.648354887881673316e-05
1.399999999999999911e+00 2.723424847720226432e-05
1.449999999999999956e+00 2.800189359110255333e-05
1.500000000000000000e+00 2.877845976717879436e-05
1.550000000000000044e+00 2.955526763292829821e-05
1.600000000000000089e+00 3.032294553661216071e-05
1.649999999999999911e+00 3.116954209293521004e-05
1.699999999999999956e+00 3.188788760711424073e-05
1.750000000000000000e+00 3.246630759774027191e-05
1.800000000000000044e+00 3.289228534072640521e-05
1.850000000000000089e+00 3.305427544963570821e-05
1.899999999999999911e+00 3.283981906208027345e-05
1.949999999999999956e+00 3.193920996729311169e-05
2.000000000000000000e+00 3.033621420476842367e-05
2.049999999999999822e+00 2.762098957691114381e-05
2.100000000000000089e+00 2.367711103985220301e-05
2.149999999999999911e+00 1.819079699567695442e-05
2.200000000000000178e+00 1.104349144906086527e-05
2.250000000000000000e+00 1.919248999197903060e-06
2.299999999999999822e+00 -9.302673380713785657e-06
2.350000000000000089e+00 -2.284227034604845074e-05
2.399999999999999911e+00 -3.872433461570017635e-05
2.450000000000000178e+00 -5.703100724443866098e-05
2.500000000000000000e+00 -7.762046173007975389e-05
2.549999999999999822e+00 -1.005913252678475816e-04
2.600000000000000089e+00 -1.256218972216986793e-04
2.649999999999999911e+00 -1.526440048045642011e-04
2.700000000000000178e+00 -1.814922391447852223e-04
2.750000000000000000e+00 -2.117075907897733827e-04
2.799999999999999822e+00 -2.433225763392437711e-04
2.850000000000000089e+00 -2.758796498426364409e-04
2.899999999999999911e+00 -3.094126065716037207e-04
2.950000000000000178e+00 -3.435631205997861969e-04
3.000000000000000000e+00 -3.783658235144255703e-04
3.049999999999999822e+00 -4.137574177437620569e-04
3.100000000000000089e+00 -4.497728286207715287e-04
3.149999999999999911e+00 -4.866431934960602484e-04
3.200000000000000178e+00 -5.245012373740538152e-04
3.250000000000000000e+00 -5.637736876141176065e-04
3.299999999999999822e+00 -6.048866250864303254e-04
3.350000000000000089e+00 -6.480689739409979623e-04
3.399999999999999911e+00 -6.939411820708091694e-04
3.450000000000000178e+00 -7.429260887930074332e-04
3.500000000000000000e+00 -7.955431350618295686e-04
3.549999999999999822e+00 -8.523099644990009445e-04
3.600000000000000089e+00 -9.134477168358002023e-04
3.649999999999999911e+00 -9.795678176141851042e-04
3.700000000000000178e+00 -1.050690209909438313e-03
3.750000000000000000e+00 -1.127028287052330227e-03
3.799999999999999822e+00 -1.208497871538965780e-03
3.850000000000000089e+00 -1.295109546620402821e-03
3.899999999999999911e+00 -1.386673939163647401e-03
3.950000000000000178e+00 -1.482605157541934914e-03
4.000000000000000000e+00 -1.582607588403093157e-03
4.049999999999999822e+00 -1.686086749912820912e-03
4.099999999999999645e+00 -1.792345358199495765e-03
4.150000000000000355e+00 -1.900681257440510735e-03
4.200000000000000178e+00 -2.010289065739378524e-03
4.250000000000000000e+00 -2.120554440420099017e-03
4.299999999999999822e+00 -2.230661312757844031e-03
4.349999999999999645e+00 -2.339984347604504456e-03
4.400000000000000355e+00 -2.447794376970721230e-03
4.450000000000000178e+00 -2.553552762438667922e-03
4.500000000000000000e+00 -2.656813186309954933e-03
4.549999999999999822e+00 -2.757319774624574383e-03
4.599999999999999645e+00 -2.854712652487615288e-03
4.650000000000000355e+00 -2.949018735745146096e-03
4.700000000000000178e+00 -3.040259206718304817e-03
4.750000000000000000e+00 -3.128449627795367068e-03
4.799999999999999822e+00 -3.213796393259812402e-03
4.849999999999999645e+00 -3.296696919034114871e-03
4.900000000000000355e+00 -3.377445420358926673e-03
4.950000000000000178e+00 -3.456429479018637702e-03
5.000000000000000000e+00 -3.534032198030920540e-03
5.049999999999999822e+00 -3.610632543922022344e-03
5.099999999999999645e+00 -3.686703875533400929e-03
5.150000000000000355e+00 -3.762421756705163541e-03
5.200000000000000178e+00 -3.838057003856220218e-03
5.250000000000000000e+00 -3.913779863457552029e-03
5.299999999999999822e+00 -3.989758668926512639e-03
5.349999999999999645e+00 -4.065865922787421233e-03
5.400000000000000355e+00 -4.142071453448429620e-03
5.450000000000000178e+00 -4.218148540398424483e-03
5.500000000000000000e+00 -4.293870806861922740e-03
5.549999999999999822e+00 -4.368816524295828299e-03
5.599999999999999645e+00 -4.442663676713471191e-03
5.650000000000000355e+00 -4.514896128438784795e-03
5.700000000000000178e+00 -4.585098693615365789e-03
5.750000000000000000e+00 -4.652761450850226126e-03
5.799999999999999822e+00 -4.717476650535320885e-03
5.849999999999999645e+00 -4.778743008787922006e-03
5.900000000000000355e+00 -4.836358885771836758e-03
5.950000000000000178e+00 -4.890030241163878869e-03
6.000000000000000000e+00 -4.939371165119797735e-03
6.049999999999999822e+00 -4.984395130919327434e-03
6.099999999999999645e+00 -5.025122862491002151e-03
6.150000000000000355e+00 -5.061386465513668595e-03
6.200000000000000178e+00 -5.093418719995799690e-03
6.250000000000000000e+00 -5.121460827463901640e-03
6.299999999999999822e+00 -5.145566412542899870e-03
6.349999999999999645e+00 -5.166092527586347606e-03
6.400000000000000355e+00 -5.183110954538649832e-03
6.450000000000000178e+00 -5.196997257256506970e-03
6.500000000000000000e+00 -5.207841978016090369e-03
6.549999999999999822e+00 -5.215745131850356084e-03
6.599999999999999645e+00 -5.220718045622973341e-03
6.650000000000000355e+00 -5.222585142768767369e-03
6.700000000000000178e+00 -5.221278275067227879e-03
6.750000000000000000e+00 -5.216345799871864759e-03
6.799999999999999822e+00 -5.207344957756717720e-03
6.849999999999999645e+00 -5.193743449409553639e-03
6.900000000000000355e+00 -5.174820964998015638e-03
6.950000000000000178e+00 -5.149865119179788432e-03
7.000000000000000000e+00 -5.118171043581270889e-03
7.049999999999999822e+00 -5.078746489724759311e-03
7.099999999999999645e+00 -5.030900248405820695e-03
7.150000000000000355e+00 -4.973849035228643592e-03
7.200000000000000178e+00 -4.906913249597980899e-03
7.250000000000000000e+00 -4.829516409573568481e-03
7.299999999999999822e+00 -4.741282717443223195e-03
7.349999999999999645e+00 -4.642134610116533701e-03
7.400000000000000355e+00 -4.531801397435256812e-03
7.450000000000000178e+00 -4.410800147199879333e-03
7.500000000000000000e+00 -4.279453563867789169e-03
7.549999999999999822e+00 -4.138478272784300478e-03
7.599999999999999645e+00 -3.988689758832819621e-03
7.650000000000000355e+00 -3.831099916262631008e-03
7.700000000000000178e+00 -3.667112762901291768e-03
7.750000000000000000e+00 -3.497836820274917696e-03
7.799999999999999822e+00 -3.324869768096575754e-03
7.849999999999999645e+00 -3.149316419300210966e-03
7.900000000000000355e+00 -2.972671576282138409e-03
7.950000000000000178e+00 -2.796034363315255677e-03
8.000000000000000000e+00 -2.620500393498845053e-03
8.050000000000000711e+00 -2.446768767947470578e-03
8.099999999999999645e+00 -2.275534312185330168e-03
8.150000000000000355e+00 -2.106898347206496904e-03
8.199999999999999289e+00 -1.940957300764778199e-03
8.250000000000000000e+00 -1.777311704634087141e-03
8.300000000000000711e+00 -1.615164131693688169e-03
8.349999999999999645e+00 -1.453515321737715305e-03
8.400000000000000355e+00 -1.291164045028509160e-03
8.449999999999999289e+00 -1.126510702959425533e-03
8.500000000000000000e+00 -9.580480168218513930e-04
8.550000000000000711e+00 -7.837720997261073260e-04
8.599999999999999645e+00 -6.020658157781530809e-04
8.650000000000000355e+00 -4.109136181735828530e-04
8.699999999999999289e+00 -2.087849716093560120e-04
8.750000000000000000e+00 5.954449666413174696e-06
8.800000000000000711e+00 2.345518847455363800e-04
8.849999999999999645e+00 4.781617860713932577e-04
8.900000000000000355e+00 7.373548954518232201e-04
8.949999999999999289e+00 1.012510651974143396e-03
9.000000000000000000e+00 1.303620681008837122e-03
9.050000000000000711e+00 1.610288568352566266e-03
9.099999999999999645e+00 1.931729621442699035e-03
9.150000000000000355e+00 2.266868770178669112e-03
9.199999999999999289e+00 2.614144008782011679e-03
9.250000000000000000e+00 2.971996883013798985e-03
9.300000000000000711e+00 3.338479621501697862e-03
9.349999999999999645e+00 3.711549316582625751e-03
9.400000000000000355e+00 4.089067654474190169e-03
9.449999999999999289e+00 4.469095097844080246e-03
9.500000000000000000e+00 4.849399870133192826e-03
9.550000000000000711e+00 5.228144747392900714e-03
9.599999999999999645e+00 5.603494204187344646e-03
9.650000000000000355e+00 5.973908618617324896e-03
9.699999999999999289e+00 6.338045885260991733e-03
9.750000000000000000e+00 6.694957488478986071e-03
9.800000000000000711e+00 7.043695685013674247e-03
9.849999999999999645e+00 7.383804049734299033e-03
9.900000000000000355e+00 7.715120981704316587e-03
9.949999999999999289e+00 8.037485072256409652e-03
1.000000000000000000e+01 8.351225687267819359e-03
1.005000000000000071e+01 8.656573909803675845e-03
1.009999999999999964e+01 8.954054997621981038e-03
1.015000000000000036e+01 9.244291952125867698e-03
1.019999999999999929e+01 9.527809099894134562e-03
1.025000000000000000e+01 9.805326437623811814e-03
1.030000000000000071e+01 1.007726878744401658e-02
1.034999999999999964e+01 1.034415831581964040e-02
1.040000000000000036e+01 1.060661446287563744e-02
1.044999999999999929e+01 1.086476498124163380e-02
1.050000000000000000e+01 1.111883478769287899e-02
1.055000000000000071e+01 1.136885147260235235e-02
1.059999999999999964e+01 1.161484156957524189e-02
1.065000000000000036e+01 1.185663423276610631e-02
1.069999999999999929e+01 1.209395937274192374e-02
1.075000000000000000e+01 1.232644764942811277e-02
1.080000000000000071e+01 1.255372862194048013e-02
1.084999999999999964e+01 1.277533260405690554e-02
1.090000000000000036e+01 1.299078882556971119e-02
1.094999999999999929e+01 1.319982174871954690e-02
1.100000000000000000e+01 1.340176218724286987e-02
1.105000000000000071e+01 1.359643068233662086e-02
1.109999999999999964e+01 1.378354862868850714e-02
1.115000000000000036e+01 1.396264015429486520e-02
1.119999999999999929e+01 1.413371920423030226e-02
1.125000000000000000e+01 1.429660252328959248e-02
1.130000000000000071e+01 1.445120414215586568e-02
1.134999999999999964e+01 1.459763356418621386e-02
1.140000000000000036e+01 1.473570505162443561e-02
1.144999999999999929e+01 1.486572286493299637e-02
1.150000000000000000e+01 1.498779424905260019e-02
1.155000000000000071e+01 1.510192762118511139e-02
1.159999999999999964e+01 1.520822890839626344e-02
1.165000000000000036e+01 1.530690158420573016e-02
1.169999999999999929e+01 1.539805040399141664e-02
1.175000000000000000e+01 1.548168143990335741e-02
1.180000000000000071e+01 1.555780026495136130e-02
1.184999999999999964e+01 1.562641198574164433e-02
1.190000000000000036e+01 1.568732497356872119e-02
1.194999999999999929e+01 1.574064164569713431e-02
1.200000000000000000e+01 1.578616959298921249e-02
1.205000000000000071e+01 1.582351975764454202e-02
1.209999999999999964e+01 1.585269536061187715e-02
1.215000000000000036e+01 1.587340487487185273e-02
1.219999999999999929e+01 1.588525834923733976e-02
1.225000000000000000e+01 1.588806188099986527e-02
1.230000000000000071e+01 1.588162133618069294e-02
1.234999999999999964e+01 1.586574236889457673e-02
1.240000000000000036e+01 1.584003413901978463e-02
1.244999999999999929e+01 1.580440008011510869e-02
1.250000000000000000e+01 1.575884161467703409e-02
1.255000000000000071e+01 1.570316371805194691e-02
1.259999999999999964e+01 1.563746568295332554e-02
1.265000000000000036e+01 1.556174853105106275e-02
1.269999999999999929e+01 1.547630762527270679e-02
1.275000000000000000e+01 1.538134007949580953e-02
1.280000000000000071e+01 1.527714106863845879e-02
1.284999999999999964e+01 1.516420198772479126e-02
1.290000000000000036e+01 1.504291600934486509e-02
1.294999999999999929e+01 1.491397069188026177e-02
1.300000000000000000e+01 1.477795538538065161e-02
1.305000000000000071e+01 1.463536123767020768e-02
1.309999999999999964e+01 1.448707195094035491e-02
1.315000000000000036e+01 1.433357858507563337e-02
1.319999999999999929e+01 1.417566661366018860e-02
1.325000000000000000e+01 1.401402332721981940e-02
1.330000000000000071e+01 1.384904153647863873e-02
1.334999999999999964e+01 1.368131032671977311e-02
1.340000000000000036e+01 1.351132061011861736e-02
1.344999999999999929e+01 1.333936697818826483e-02
1.350000000000000000e+01 1.316564585436545524e-02
1.355000000000000071e+01 1.299025549613036686e-02
1.359999999999999964e+01 1.281319599689543891e-02
1.365000000000000036e+01 1.263436928768559529e-02
1.369999999999999929e+01 1.245357913863043460e-02
1.375000000000000000e+01 1.227053116028722739e-02
1.380000000000000071e+01 1.208473465460108316e-02
1.384999999999999964e+01 1.189589521678366402e-02
1.390000000000000036e+01 1.170352213538264526e-02
1.394999999999999929e+01 1.150712469350801542e-02
1.400000000000000000e+01 1.130631031975059229e-02
1.405000000000000071e+01 1.110068643859240915e-02
1.409999999999999964e+01 1.088986047095151857e-02
1.415000000000000036e+01 1.067373428529168160e-02
1.419999999999999929e+01 1.045201344698460343e-02
1.425000000000000000e+01 1.022459981951743743e-02
1.430000000000000071e+01 9.991689715020780210e-03
1.434999999999999964e+01 9.753283143489825668e-03
1.440000000000000036e+01 9.509674564078685749e-03
1.444999999999999929e+01 9.261256584886405629e-03
1.450000000000000000e+01 9.008323662715152225e-03
1.455000000000000071e+01 8.751366553858762679e-03
1.459999999999999964e+01 8.490876013815365150e-03
1.465000000000000036e+01 8.227342797403355487e-03
1.469999999999999929e+01 7.961257658861273928e-03
1.475000000000000000e+01 7.693111351933661773e-03
1.480000000000000071e+01 7.423296479733853571e-03
1.484999999999999964e+01 7.152401945439996328e-03
1.490000000000000036e+01 6.880624051083533352e-03
1.494999999999999929e+01 6.608551699282953426e-03
1.500000000000000000e+01 6.336381191595787284e-03
1.505000000000000071e+01 6.064505129817880820e-03
1.509999999999999964e+01 5.793217965379243370e-03
1.515000000000000036e+01 5.522912299790259938e-03
1.519999999999999929e+01 5.253980734451441613e-03
1.525000000000000000e+01 4.987012171092803856e-03
1.530000000000000071e+01 4.722301060734032316e-03
1.534999999999999964e+01 4.460534455173552001e-03
1.540000000000000036e+01 4.202497556366310144e-03
1.544999999999999929e+01 3.948877416010825557e-03
1.550000000000000000e+01 3.700459235978558435e-03
1.555000000000000071e+01 3.458224518531159176e-03
1.559999999999999964e+01 3.223056615692961209e-03
1.565000000000000036e+01 2.995740729255417546e-03
1.569999999999999929e+01 2.777454661835492607e-03
1.575000000000000000e+01 2.568689164558486497e-03
1.580000000000000071e+01 2.370327589380912762e-03
1.584999999999999964e+01 2.182860687405176626e-03
1.590000000000000036e+01 2.006681059514187591e-03
1.594999999999999929e+01 1.841886855950980277e-03
1.600000000000000000e+01 1.688379926530893509e-03
1.605000000000000071e+01 1.545669520220732110e-03
1.610000000000000142e+01 1.413363036194294035e-03
1.614999999999999858e+01 1.290380822145595786e-03
1.619999999999999929e+01 1.175741375976936762e-03
1.625000000000000000e+01 1.068070594744701795e-03
1.630000000000000071e+01 9.657980750816308252e-04
1.635000000000000142e+01 8.675497140408799284e-04
1.639999999999999858e+01 7.714606576197485495e-04
1.644999999999999929e+01 6.760586526583097725e-04
1.650000000000000000e+01 5.797732957849171826e-04
1.655000000000000071e+01 4.810341836272867457e-04
1.660000000000000142e+01 3.787616638672907580e-04
1.664999999999999858e+01 2.718760841863824174e-04
1.669999999999999929e+01 1.595922428984795818e-04
1.675000000000000000e+01 4.151753916096523209e-05
1.680000000000000071e+01 -8.254432744712963358e-05
1.685000000000000142e+01 -2.124952067141481224e-04
1.689999999999999858e+01 -3.478443475848378504e-04
1.694999999999999929e+01 -4.880028487931276017e-04
1.700000000000000000e+01 -6.321855086511688794e-04
1.705000000000000071e+01 -7.793126748383839538e-04
1.710000000000000142e+01 -9.283046950342542384e-04
1.714999999999999858e+01 -1.078278217340179279e-03
1.719999999999999929e+01 -1.228153589435726847e-03
1.725000000000000000e+01 -1.376949309211430907e-03
1.730000000000000071e+01 -1.524174625612523259e-03
1.735000000000000142e+01 -1.669240637373321009e-03
1.739999999999999858e+01 -1.812049194282830530e-03
1.744999999999999929e+01 -1.952502146130070991e-03
1.750000000000000000e+01 -2.091090243969680705e-03
1.755000000000000071e+01 -2.228402389067240218e-03
1.760000000000000142e+01 -2.365321933321140515e-03
1.764999999999999858e+01 -2.502830378840715467e-03
1.769999999999999929e+01 -2.642203678368101362e-03
1.775000000000000000e+01 -2.784619634434508297e-03
1.780000000000000071e+01 -2.931550500203950523e-03
1.785000000000000142e+01 -3.084174078207641174e-03
1.789999999999999858e+01 -3.243668170976791651e-03
1.794999999999999929e+01 -3.410817980198879978e-03
1.800000000000000000e+01 -3.586506857772314705e-03
1.805000000000000071e+01 -3.771225554751768405e-03
1.810000000000000142e+01 -3.964974071137239778e-03
1.814999999999999858e+01 -4.167654256717791793e-03
1.819999999999999929e+01 -4.378775360438748841e-03
1.825000000000000000e+01 -4.597552180612633765e-03
1.830000000000000071e+01 -4.823003215130091011e-03
1.835000000000000142e+01 -5.053950661459905708e-03
1.839999999999999858e+01 -5.288922266438052765e-03
1.844999999999999929e+01 -5.526445776900509692e-03
1.850000000000000000e+01 -5.765048939683247928e-03
1.855000000000000071e+01 -6.003259501622250187e-03
1.860000000000000142e+01 -6.239507059342554347e-03
1.864999999999999858e+01 -6.472711960523875631e-03
1.869999999999999929e+01 -6.701598252424061271e-03
1.875000000000000000e+01 -6.925478883566568537e-03
1.880000000000000071e+01 -7.143568652263916803e-03
1.885000000000000142e+01 -7.355474957672366622e-03
1.889999999999999858e+01 -7.561001499370048270e-03
1.894999999999999929e+01 -7.760148277356959147e-03
1.900000000000000000e+01 -7.953013441844040618e-03
1.905000000000000071e+01 -8.140087743885958751e-03
1.910000000000000142e+01 -8.321567483904590209e-03
1.914999999999999858e+01 -8.498041563165539825e-03
1.919999999999999929e+01 -8.669902582512550512e-03
1.925000000000000000e+01 -8.837641293000296147e-03
1.930000000000000071e+01 -9.001552145261578278e-03
1.935000000000000142e+01 -9.161929589929205392e-03
1.939999999999999858e+01 -9.318871777214113652e-03
1.944999999999999929e+01 -9.472476857327230548e-03
1.950000000000000000e+01 -9.622646680057630325e-03
1.955000000000000071e+01 -9.769086794772501026e-03
1.960000000000000142e+01 -9.911600901049975529e-03
1.964999999999999858e+01 -1.004989454825724882e-02
1.969999999999999929e+01 -1.018337883512871432e-02
1.975000000000000000e+01 -1.031166116082062739e-02
1.980000000000000071e+01 -1.043434892448925379e-02
1.985000000000000142e+01 -1.055104952529085059e-02
1.989999999999999858e+01 -1.066117406195980777e-02
1.994999999999999929e+01 -1.076442808386332377e-02
2.000000000000000000e+01 -1.086032083994672298e-02
2.005000000000000071e+01 -1.094845972936626076e-02
2.010000000000000142e+01 -1.102835400106727190e-02
2.014999999999999858e+01 -1.109961105420600655e-02
2.019999999999999929e+01 -1.116144568709499449e-02
2.025000000000000000e+01 -1.121317084825768778e-02
2.030000000000000071e+01 -1.125370688537380252e-02
2.035000000000000142e+01 -1.128207229633398749e-02
2.039999999999999858e+01 -1.129679482797422453e-02
2.044999999999999929e+01 -1.129620592670861276e-02
2.050000000000000000e+01 -1.127853888874033074e-02
2.055000000000000071e+01 -1.124163440942880891e-02
2.060000000000000142e+01 -1.118333318413347946e-02
2.064999999999999858e+01 -1.110137775800283666e-02
2.069999999999999929e+01 -1.099321622555257498e-02
2.075000000000000000e+01 -1.085659113193119737e-02
2.080000000000000071e+01 -1.068924502228719119e-02
2.085000000000000142e+01 -1.048941119282373324e-02
2.089999999999999858e+01 -1.025532293974399690e-02
2.094999999999999929e+01 -9.985998760938629218e-03
2.100000000000000000e+01 -9.680653454720154760e-03
2.105000000000000071e+01 -9.339581471721376815e-03
2.110000000000000142e+01 -8.963469863418838113e-03
2.114999999999999858e+01 -8.553790882976562010e-03
2.119999999999999929e+01 -8.112801985246057695e-03
2.125000000000000000e+01 -7.643643976977233800e-03
2.130000000000000071e+01 -7.149948415974683238e-03
2.135000000000000142e+01 -6.636132061730481285e-03
2.139999999999999858e+01 -6.107102424791367550e-03
2.144999999999999929e+01 -5.568355916969700350e-03
2.150000000000000000e+01 -5.025290799866897508e-03
2.155000000000000071e+01 -4.483992386560921306e-03
2.160000000000000142e+01 -3.950055239075063625e-03
2.164999999999999858e+01 -3.429073919432612874e-03
2.169999999999999929e+01 -2.926250388813118018e-03
2.175000000000000000e+01 -2.446492157763325605e-03
2.180000000000000071e+01 -1.993823384931565391e-03
2.185000000000000142e+01 -1.571679327700558834e-03
2.189999999999999858e+01 -1.182710041765548930e-03
2.194999999999999929e+01 -8.285840807124284337e-04
2.200000000000000000e+01 -5.101847964396118585e-04
2.205000000000000071e+01 -2.276103391580340117e-04
2.210000000000000142e+01 1.992449281978477167e-05
2.214999999999999858e+01 2.339901028688021005e-04
2.219999999999999929e+01 4.167457956295866233e-04
2.225000000000000000e+01 5.709397770083149111e-04
2.230000000000000071e+01 6.994184031220996569e-04
2.235000000000000142e+01 8.058132317755315518e-04
2.239999999999999858e+01 8.933632199294628705e-04
2.244999999999999929e+01 9.656017751775493882e-04
2.250000000000000000e+01 1.025767854480643055e-03
