10,[[ 0, 0.453227, 0.502691, 0.730404, 0.701632, 0.282994, 0.560425, 0.577536, 0.706536, 0.720448],
[ 0, 0.403638, 0.631153, 0.649135, 0.638549, 0.303179, 0.60715, 0.544492, 0.375067, 0.540178],
[ 0, 0.422035, 0.591915, 0.496603, 0.514748, 0.23789, 0.604969, 0.509014, 0.514101, 0.530188],
[ 0, 0.435171, 0.552724, 0.51946, 0.53059, 0.296722, 0.652623, 0.519024, 0.66899, 0.491535],
[ 0, 0.522485, 0.761154, 0.482433, 0.504319, 0.240881, 0.467846, 0.512607, 0.174057, 0.81845],
[ 0, 0.664601, 0.808966, 0.238533, 0.306148, 0.330941, 0.389498, 0.681852, 0.919975, 0.355043],
[ 0, 0.360129, 0.472291, 0.765484, 0.696359, 0.273262, 0.551406, 0.51563, 0.860937, 0.450093],
[ 0, 0.488848, 0.616143, 0.497166, 0.531661, 0.298542, 0.536675, 0.576304, 0.47633, 0.633674],
[ 0, 0.417543, 0.647428, 0.561892, 0.582267, 0.316448, 0.65529, 0.512557, 0.497217, 0.41236],
[ 0, 0.380793, 0.442921, 0.963329, 0.863188, 0.293399, 0.597916, 0.500989, 0.9037, 0.333303]]
20,[[ 0, 0.374788, 0.577962, 0.573848, 0.569381, 0.284011, 0.610281, 0.501213, 0.691714, 0.256634],
[ 0, 0.393461, 0.532626, 0.616405, 0.606202, 0.319672, 0.546537, 0.5119, 0.508687, 0.419704],
[ 0, 0.565444, 0.83074, 0.283462, 0.345925, 0.223851, 0.736062, 0.488797, 0.447426, 0.659769],
[ 0, 0.447057, 0.611715, 0.588767, 0.577974, 0.311146, 0.615254, 0.491806, 0.438032, 0.373717],
[ 0, 0.378011, 0.518432, 0.787945, 0.733891, 0.309167, 0.612357, 0.553471, 0.657445, 0.439716],
[ 0, 0.361843, 0.437889, 0.869886, 0.850636, 0.285611, 0.587957, 0.55642, 0.496494, 0.503286],
[ 0, 0.425956, 0.528117, 0.625306, 0.632584, 0.315309, 0.59676, 0.558292, 0.364744, 0.362712],
[ 0, 0.371399, 0.503366, 0.726286, 0.672279, 0.31613, 0.600276, 0.503686, 0.66573, 0.503717],
[ 0, 0.488314, 0.650873, 0.510299, 0.514588, 0.292482, 0.624704, 0.573998, 0.751429, 0.319178],
[ 0, 0.387531, 0.486423, 0.727159, 0.735867, 0.26634, 0.539537, 0.512884, 0.709411, 0.325894]]
30,[[ 0, 0.444741, 0.563886, 0.569193, 0.56073, 0.295062, 0.616078, 0.575829, 0.846432, 0.217293],
[ 0, 0.380902, 0.41878, 0.712429, 0.677836, 0.259418, 0.559282, 0.559809, 0.790504, 0.397142],
[ 0, 0.635498, 0.871069, 0.218687, 0.28975, 0.357919, 0.786887, 0.397081, 0.564274, 0.432161],
[ 0, 0.474276, 0.696002, 0.418912, 0.455681, 0.30881, 0.691922, 0.590606, 0.382221, 0.615389],
[ 0, 0.450436, 0.642344, 0.521943, 0.529822, 0.247803, 0.565604, 0.491449, 0.484608, 0.400568],
[ 0, 0.397296, 0.60972, 0.597572, 0.663484, 0.306069, 0.61752, 0.556542, 0.80316, 0.502841],
[ 0, 0.435713, 0.596185, 0.585385, 0.567999, 0.29062, 0.610803, 0.516, 0.722534, 0.264573],
[ 0, 0.366577, 0.393333, 0.778094, 0.733985, 0.289173, 0.570888, 0.547623, 0.810322, 0.503655],
[ 0, 0.445529, 0.599999, 0.625032, 0.662496, 0.285163, 0.52835, 0.49364, 0.332943, 0.591539],
[ 0, 0.472848, 0.71321, 0.44182, 0.474732, 0.343032, 0.686164, 0.48578, 0.425707, 0.588717]]
40,[[ 0, 0.307205, 0.560622, 0.773163, 0.741932, 0.302864, 0.635235, 0.557294, 0.59545, 0.410018],
[ 0, 0.471105, 0.589049, 0.515443, 0.517466, 0.294026, 0.543478, 0.579884, 0.423827, 0.640976],
[ 0, 0.414188, 0.409672, 0.670304, 0.633172, 0.254986, 0.613796, 0.550211, 0.796486, 0.502521],
[ 0, 0.395217, 0.502657, 0.68184, 0.666108, 0.318121, 0.605479, 0.561685, 0.877857, 0.548543],
[ 0, 0.398553, 0.425358, 0.726604, 0.6988, 0.29847, 0.606875, 0.500999, 0.732777, 0.440385],
[ 0, 0.39764, 0.58032, 0.671585, 0.64248, 0.268093, 0.540395, 0.558827, 0.936406, 0.500643],
[ 0, 0.46624, 0.682631, 0.416266, 0.462539, 0.357675, 0.630876, 0.520301, 0.406385, 0.582027],
[ 0, 0.486429, 0.680446, 0.450657, 0.475094, 0.290772, 0.67001, 0.490508, 0.323142, 0.73221],
[ 0, 0.371631, 0.47259, 0.81327, 0.752212, 0.289867, 0.571578, 0.548078, 0.949393, 0.273426],
[ 0, 0.480646, 0.65768, 0.55236, 0.546632, 0.284769, 0.637528, 0.562982, 0.336856, 0.721543]]
50,[[ 0, 0.364683, 0.341779, 0.922525, 0.822679, 0.302163, 0.574931, 0.563945, 0.994619, 0.2821],
[ 0, 0.323655, 0.501607, 0.728585, 0.672279, 0.285433, 0.615148, 0.522537, 0.699817, 0.287283],
[ 0, 0.400409, 0.515552, 0.696341, 0.671095, 0.297112, 0.613293, 0.502375, 0.66798, 0.375286],
[ 0, 0.348312, 0.418285, 0.807962, 0.756103, 0.31117, 0.599991, 0.545224, 0.48338, 0.401264],
[ 0, 0.41892, 0.556464, 0.652999, 0.637852, 0.264234, 0.541934, 0.555727, 0.748381, 0.547965],
[ 0, 0.422894, 0.614787, 0.60438, 0.590973, 0.255314, 0.486974, 0.492094, 0.534461, 0.440647],
[ 0, 0.711919, 0.699949, 0.380324, 0.438431, 0.131575, 0.694596, 0.348637, 0.405656, 0.59749],
[ 0, 0.423275, 0.634409, 0.556231, 0.579321, 0.156379, 0.666413, 0.490261, 0.454855, 0.624098],
[ 0, 0.54134, 0.676108, 0.461031, 0.517306, 0.527058, 0.385521, 0.465364, 0.763361, 0.474096],
[ 0, 0.316455, 0.331978, 0.898423, 0.805656, 0.266144, 0.560628, 0.549541, 0.813335, 0.384684]]
60,[[ 0, 0.40624, 0.584136, 0.552666, 0.552884, 0.283154, 0.612333, 0.515798, 0.86809, 0.305825],
[ 0, 0.384217, 0.396931, 0.766995, 0.723795, 0.27329, 0.561878, 0.552717, 0.593972, 0.229516],
[ 0, 0.353192, 0.493915, 0.695267, 0.665781, 0.266971, 0.564674, 0.553481, 0.417405, 0.536463],
[ 0, 0.371869, 0.579346, 0.616682, 0.64271, 0.299902, 0.638394, 0.509623, 0.539034, 0.478658],
[ 0, 0.388301, 0.52377, 0.640807, 0.643744, 0.286125, 0.531137, 0.559557, 0.489935, 0.552483],
[ 0, 0.434918, 0.481109, 0.672694, 0.64294, 0.340782, 0.656048, 0.498596, 0.965265, 0.29314],
[ 0, 0.455274, 0.72862, 0.446446, 0.4674, 0.35313, 0.695821, 0.498726, 0.483048, 0.483687],
[ 0, 0.661911, 0.725392, 0.332864, 0.380314, 0.199893, 0.441147, 0.436707, 0.598004, 0.692002],
[ 0, 0.445747, 0.604257, 0.629486, 0.63223, 0.279468, 0.604417, 0.506101, 0.599816, 0.442489],
[ 0, 0.379667, 0.466495, 0.696918, 0.679003, 0.284443, 0.611253, 0.558685, 0.571489, 0.423548]]
70,[[ 0, 0.315309, 0.400381, 0.780772, 0.734645, 0.296848, 0.608005, 0.527466, 0.609293, 0.497903],
[ 0, 0.505987, 0.602376, 0.685198, 0.689163, 0.31719, 0.625502, 0.508734, 0.927037, 0.45133],
[ 0, 0.435761, 0.601764, 0.597762, 0.601147, 0.278084, 0.5413, 0.563475, 0.682908, 0.489461],
[ 0, 0.454577, 0.642988, 0.539861, 0.575403, 0.332563, 0.656695, 0.504681, 0.332201, 0.553001],
[ 0, 0.403034, 0.453481, 0.761314, 0.736242, 0.280697, 0.611151, 0.544494, 0.952948, 0.36151],
[ 0, 0.477075, 0.586428, 0.621833, 0.577029, 0.443635, 0.481504, 0.598883, 0.625233, 0.268154],
[ 0, 0.460177, 0.571407, 0.454344, 0.477439, 0.39914, 0.481731, 0.497038, 0.985537, 0.089768],
[ 0, 0.361462, 0.456641, 0.825064, 0.738395, 0.293488, 0.551917, 0.524667, 0.617979, 0.336748],
[ 0, 0.419641, 0.583868, 0.559977, 0.553317, 0.282209, 0.600096, 0.553349, 0.717608, 0.461568],
[ 0, 0.674379, 0.744086, 0.434989, 0.528899, 0.243592, 0.373153, 0.712878, 0.989398, 0.821329]]
