modlinear
1
5 3 42
0
0.000000e+00 1.000000e+00 0 0 0.000000e+00 1.000000e+00 0 0 0.000000e+00 1.000000e+00 0 0 
3
1 1 1 1 1 1 
0
3
2 1 1 1 1 1 
0
3
2 3 1 1 1 1 
0
3
3 1 1 1 1 1 
0
3
3 3 1 1 1 1 
0
3
3 5 1 1 1 1 
1
3
3 7 1 1 1 1 
1
3
1 1 2 1 1 1 
0
3
1 1 2 3 1 1 
0
3
1 1 3 1 1 1 
1
3
1 1 3 3 1 1 
1
3
1 1 3 5 1 1 
1
3
1 1 3 7 1 1 
1
3
2 1 2 1 1 1 
0
3
2 1 2 3 1 1 
0
3
2 3 2 1 1 1 
1
3
2 3 2 3 1 1 
1
3
1 1 1 1 2 1 
0
3
1 1 1 1 2 3 
0
3
1 1 1 1 3 1 
1
3
1 1 1 1 3 3 
1
3
1 1 1 1 3 5 
0
3
1 1 1 1 3 7 
0
3
2 1 1 1 2 1 
0
3
2 1 1 1 2 3 
0
3
2 3 1 1 2 1 
1
3
2 3 1 1 2 3 
1
3
1 1 2 1 2 1 
1
3
1 1 2 1 2 3 
0
3
1 1 2 3 2 1 
1
3
1 1 2 3 2 3 
0
3
3 1 1 1 2 3 
1
3
3 3 1 1 2 3 
1
3
2 1 2 1 2 3 
1
3
2 1 2 3 2 3 
1
3
2 1 1 1 3 5 
1
3
2 1 1 1 3 7 
1
3
4 1 1 1 1 1 
1
3
4 3 1 1 1 1 
1
3
3 1 2 1 1 1 
1
3
3 1 2 3 1 1 
1
3
3 1 1 1 2 1 
1

modlinear
1
5 3 52
0
0.000000e+00 1.000000e+00 0 0 0.000000e+00 1.000000e+00 0 0 0.000000e+00 1.000000e+00 0 0 
3
1 1 1 1 1 1 
0
3
2 1 1 1 1 1 
0
3
2 3 1 1 1 1 
0
3
3 1 1 1 1 1 
0
3
3 3 1 1 1 1 
0
3
3 5 1 1 1 1 
1
3
3 7 1 1 1 1 
1
3
1 1 2 1 1 1 
0
3
1 1 2 3 1 1 
0
3
1 1 3 1 1 1 
0
3
1 1 3 3 1 1 
0
3
1 1 3 5 1 1 
1
3
1 1 3 7 1 1 
1
3
2 1 2 1 1 1 
0
3
2 1 2 3 1 1 
0
3
2 3 2 1 1 1 
1
3
2 3 2 3 1 1 
1
3
1 1 1 1 2 1 
0
3
1 1 1 1 2 3 
0
3
1 1 1 1 3 1 
1
3
1 1 1 1 3 3 
1
3
1 1 1 1 3 5 
0
3
1 1 1 1 3 7 
0
3
2 1 1 1 2 1 
0
3
2 1 1 1 2 3 
0
3
2 3 1 1 2 1 
1
3
2 3 1 1 2 3 
1
3
1 1 2 1 2 1 
0
3
1 1 2 1 2 3 
0
3
1 1 2 3 2 1 
1
3
1 1 2 3 2 3 
0
3
3 1 1 1 2 3 
0
3
3 3 1 1 2 3 
1
3
2 1 2 1 2 3 
1
3
2 1 2 3 2 3 
1
3
2 1 1 1 3 5 
1
3
2 1 1 1 3 7 
1
3
4 1 1 1 1 1 
0
3
4 3 1 1 1 1 
1
3
3 1 2 1 1 1 
0
3
3 1 2 3 1 1 
0
3
3 1 1 1 2 1 
0
3
3 3 2 1 1 1 
1
3
2 1 3 1 1 1 
1
3
2 1 3 3 1 1 
1
3
2 1 2 1 2 1 
1
3
5 1 1 1 1 1 
1
3
5 3 1 1 1 1 
1
3
4 1 2 1 1 1 
1
3
4 1 2 3 1 1 
1
3
4 1 1 1 2 1 
1
3
4 1 1 1 2 3 
1

modlinear
1
5 3 63
0
0.000000e+00 1.000000e+00 0 0 0.000000e+00 1.000000e+00 0 0 0.000000e+00 1.000000e+00 0 0 
3
1 1 1 1 1 1 
0
3
2 1 1 1 1 1 
0
3
2 3 1 1 1 1 
0
3
3 1 1 1 1 1 
0
3
3 3 1 1 1 1 
0
3
3 5 1 1 1 1 
1
3
3 7 1 1 1 1 
1
3
1 1 2 1 1 1 
0
3
1 1 2 3 1 1 
0
3
1 1 3 1 1 1 
0
3
1 1 3 3 1 1 
0
3
1 1 3 5 1 1 
1
3
1 1 3 7 1 1 
1
3
2 1 2 1 1 1 
0
3
2 1 2 3 1 1 
0
3
2 3 2 1 1 1 
1
3
2 3 2 3 1 1 
1
3
1 1 1 1 2 1 
0
3
1 1 1 1 2 3 
0
3
1 1 1 1 3 1 
1
3
1 1 1 1 3 3 
1
3
1 1 1 1 3 5 
0
3
1 1 1 1 3 7 
0
3
2 1 1 1 2 1 
0
3
2 1 1 1 2 3 
0
3
2 3 1 1 2 1 
1
3
2 3 1 1 2 3 
1
3
1 1 2 1 2 1 
0
3
1 1 2 1 2 3 
0
3
1 1 2 3 2 1 
1
3
1 1 2 3 2 3 
0
3
3 1 1 1 2 3 
0
3
3 3 1 1 2 3 
1
3
2 1 2 1 2 3 
0
3
2 1 2 3 2 3 
0
3
2 1 1 1 3 5 
0
3
2 1 1 1 3 7 
0
3
4 1 1 1 1 1 
0
3
4 3 1 1 1 1 
0
3
3 1 2 1 1 1 
0
3
3 1 2 3 1 1 
0
3
3 1 1 1 2 1 
0
3
3 3 2 1 1 1 
1
3
2 1 3 1 1 1 
1
3
2 1 3 3 1 1 
1
3
2 1 2 1 2 1 
1
3
5 1 1 1 1 1 
0
3
5 3 1 1 1 1 
1
3
4 1 2 1 1 1 
0
3
4 1 2 3 1 1 
0
3
4 1 1 1 2 1 
0
3
4 1 1 1 2 3 
0
3
6 1 1 1 1 1 
1
3
6 3 1 1 1 1 
1
3
5 1 2 1 1 1 
1
3
5 1 2 3 1 1 
1
3
5 1 1 1 2 1 
1
3
5 1 1 1 2 3 
1
3
4 3 1 1 2 3 
1
3
3 1 2 1 2 3 
1
3
3 1 2 3 2 3 
1
3
3 1 1 1 3 5 
1
3
3 1 1 1 3 7 
1

modlinear
1
5 3 77
0
0.000000e+00 1.000000e+00 0 0 0.000000e+00 1.000000e+00 0 0 0.000000e+00 1.000000e+00 0 0 
3
1 1 1 1 1 1 
0
3
2 1 1 1 1 1 
0
3
2 3 1 1 1 1 
0
3
3 1 1 1 1 1 
0
3
3 3 1 1 1 1 
0
3
3 5 1 1 1 1 
1
3
3 7 1 1 1 1 
1
3
1 1 2 1 1 1 
0
3
1 1 2 3 1 1 
0
3
1 1 3 1 1 1 
0
3
1 1 3 3 1 1 
0
3
1 1 3 5 1 1 
1
3
1 1 3 7 1 1 
1
3
2 1 2 1 1 1 
0
3
2 1 2 3 1 1 
0
3
2 3 2 1 1 1 
1
3
2 3 2 3 1 1 
1
3
1 1 1 1 2 1 
0
3
1 1 1 1 2 3 
0
3
1 1 1 1 3 1 
1
3
1 1 1 1 3 3 
1
3
1 1 1 1 3 5 
0
3
1 1 1 1 3 7 
0
3
2 1 1 1 2 1 
0
3
2 1 1 1 2 3 
0
3
2 3 1 1 2 1 
1
3
2 3 1 1 2 3 
1
3
1 1 2 1 2 1 
0
3
1 1 2 1 2 3 
0
3
1 1 2 3 2 1 
1
3
1 1 2 3 2 3 
0
3
3 1 1 1 2 3 
0
3
3 3 1 1 2 3 
0
3
2 1 2 1 2 3 
0
3
2 1 2 3 2 3 
0
3
2 1 1 1 3 5 
0
3
2 1 1 1 3 7 
0
3
4 1 1 1 1 1 
0
3
4 3 1 1 1 1 
0
3
3 1 2 1 1 1 
0
3
3 1 2 3 1 1 
0
3
3 1 1 1 2 1 
0
3
3 3 2 1 1 1 
1
3
2 1 3 1 1 1 
1
3
2 1 3 3 1 1 
1
3
2 1 2 1 2 1 
1
3
5 1 1 1 1 1 
0
3
5 3 1 1 1 1 
0
3
4 1 2 1 1 1 
0
3
4 1 2 3 1 1 
0
3
4 1 1 1 2 1 
0
3
4 1 1 1 2 3 
0
3
6 1 1 1 1 1 
1
3
6 3 1 1 1 1 
1
3
5 1 2 1 1 1 
1
3
5 1 2 3 1 1 
1
3
5 1 1 1 2 1 
1
3
5 1 1 1 2 3 
1
3
4 3 1 1 2 3 
1
3
3 1 2 1 2 3 
0
3
3 1 2 3 2 3 
0
3
3 1 1 1 3 5 
0
3
3 1 1 1 3 7 
0
3
3 3 1 1 3 5 
1
3
1 1 2 1 3 5 
0
3
2 1 2 1 3 5 
1
3
1 1 2 3 3 5 
0
3
2 1 2 3 3 5 
1
3
1 1 1 1 4 9 
0
3
2 1 1 1 4 9 
1
3
1 1 1 1 4 11 
0
3
2 1 1 1 4 11 
1
3
5 3 1 1 2 3 
1
3
4 1 2 1 2 3 
1
3
4 1 2 3 2 3 
1
3
4 1 1 1 3 5 
1
3
4 1 1 1 3 7 
1

modlinear
1
5 3 93
0
0.000000e+00 1.000000e+00 0 0 0.000000e+00 1.000000e+00 0 0 0.000000e+00 1.000000e+00 0 0 
3
1 1 1 1 1 1 
0
3
2 1 1 1 1 1 
0
3
2 3 1 1 1 1 
0
3
3 1 1 1 1 1 
0
3
3 3 1 1 1 1 
0
3
3 5 1 1 1 1 
1
3
3 7 1 1 1 1 
1
3
1 1 2 1 1 1 
0
3
1 1 2 3 1 1 
0
3
1 1 3 1 1 1 
0
3
1 1 3 3 1 1 
0
3
1 1 3 5 1 1 
1
3
1 1 3 7 1 1 
1
3
2 1 2 1 1 1 
0
3
2 1 2 3 1 1 
0
3
2 3 2 1 1 1 
1
3
2 3 2 3 1 1 
1
3
1 1 1 1 2 1 
0
3
1 1 1 1 2 3 
0
3
1 1 1 1 3 1 
1
3
1 1 1 1 3 3 
1
3
1 1 1 1 3 5 
0
3
1 1 1 1 3 7 
0
3
2 1 1 1 2 1 
0
3
2 1 1 1 2 3 
0
3
2 3 1 1 2 1 
1
3
2 3 1 1 2 3 
1
3
1 1 2 1 2 1 
0
3
1 1 2 1 2 3 
0
3
1 1 2 3 2 1 
1
3
1 1 2 3 2 3 
0
3
3 1 1 1 2 3 
0
3
3 3 1 1 2 3 
0
3
2 1 2 1 2 3 
0
3
2 1 2 3 2 3 
0
3
2 1 1 1 3 5 
0
3
2 1 1 1 3 7 
0
3
4 1 1 1 1 1 
0
3
4 3 1 1 1 1 
0
3
3 1 2 1 1 1 
0
3
3 1 2 3 1 1 
0
3
3 1 1 1 2 1 
0
3
3 3 2 1 1 1 
0
3
2 1 3 1 1 1 
1
3
2 1 3 3 1 1 
0
3
2 1 2 1 2 1 
0
3
5 1 1 1 1 1 
0
3
5 3 1 1 1 1 
0
3
4 1 2 1 1 1 
0
3
4 1 2 3 1 1 
0
3
4 1 1 1 2 1 
0
3
4 1 1 1 2 3 
0
3
6 1 1 1 1 1 
0
3
6 3 1 1 1 1 
1
3
5 1 2 1 1 1 
0
3
5 1 2 3 1 1 
0
3
5 1 1 1 2 1 
0
3
5 1 1 1 2 3 
0
3
4 3 1 1 2 3 
1
3
3 1 2 1 2 3 
0
3
3 1 2 3 2 3 
0
3
3 1 1 1 3 5 
0
3
3 1 1 1 3 7 
0
3
3 3 1 1 3 5 
1
3
1 1 2 1 3 5 
0
3
2 1 2 1 3 5 
1
3
1 1 2 3 3 5 
0
3
2 1 2 3 3 5 
1
3
1 1 1 1 4 9 
0
3
2 1 1 1 4 9 
1
3
1 1 1 1 4 11 
0
3
2 1 1 1 4 11 
1
3
5 3 1 1 2 3 
1
3
4 1 2 1 2 3 
1
3
4 1 2 3 2 3 
1
3
4 1 1 1 3 5 
1
3
4 1 1 1 3 7 
1
3
7 1 1 1 1 1 
1
3
7 3 1 1 1 1 
1
3
6 1 2 1 1 1 
1
3
6 1 2 3 1 1 
1
3
6 1 1 1 2 1 
1
3
6 1 1 1 2 3 
1
3
3 1 3 3 1 1 
1
3
3 3 3 3 1 1 
1
3
1 1 4 5 1 1 
0
3
2 1 4 5 1 1 
1
3
1 1 4 7 1 1 
0
3
2 1 4 7 1 1 
1
3
1 1 3 3 2 1 
0
3
2 1 3 3 2 1 
1
3
1 1 3 3 2 3 
0
3
2 1 3 3 2 3 
1

modlinear
1
5 3 102
0
0.000000e+00 1.000000e+00 0 0 0.000000e+00 1.000000e+00 0 0 0.000000e+00 1.000000e+00 0 0 
3
1 1 1 1 1 1 
0
3
2 1 1 1 1 1 
0
3
2 3 1 1 1 1 
0
3
3 1 1 1 1 1 
0
3
3 3 1 1 1 1 
0
3
3 5 1 1 1 1 
1
3
3 7 1 1 1 1 
1
3
1 1 2 1 1 1 
0
3
1 1 2 3 1 1 
0
3
1 1 3 1 1 1 
0
3
1 1 3 3 1 1 
0
3
1 1 3 5 1 1 
1
3
1 1 3 7 1 1 
1
3
2 1 2 1 1 1 
0
3
2 1 2 3 1 1 
0
3
2 3 2 1 1 1 
1
3
2 3 2 3 1 1 
1
3
1 1 1 1 2 1 
0
3
1 1 1 1 2 3 
0
3
1 1 1 1 3 1 
1
3
1 1 1 1 3 3 
1
3
1 1 1 1 3 5 
0
3
1 1 1 1 3 7 
0
3
2 1 1 1 2 1 
0
3
2 1 1 1 2 3 
0
3
2 3 1 1 2 1 
1
3
2 3 1 1 2 3 
1
3
1 1 2 1 2 1 
0
3
1 1 2 1 2 3 
0
3
1 1 2 3 2 1 
1
3
1 1 2 3 2 3 
0
3
3 1 1 1 2 3 
0
3
3 3 1 1 2 3 
0
3
2 1 2 1 2 3 
0
3
2 1 2 3 2 3 
0
3
2 1 1 1 3 5 
0
3
2 1 1 1 3 7 
0
3
4 1 1 1 1 1 
0
3
4 3 1 1 1 1 
0
3
3 1 2 1 1 1 
0
3
3 1 2 3 1 1 
0
3
3 1 1 1 2 1 
0
3
3 3 2 1 1 1 
0
3
2 1 3 1 1 1 
0
3
2 1 3 3 1 1 
0
3
2 1 2 1 2 1 
0
3
5 1 1 1 1 1 
0
3
5 3 1 1 1 1 
0
3
4 1 2 1 1 1 
0
3
4 1 2 3 1 1 
0
3
4 1 1 1 2 1 
0
3
4 1 1 1 2 3 
0
3
6 1 1 1 1 1 
0
3
6 3 1 1 1 1 
1
3
5 1 2 1 1 1 
0
3
5 1 2 3 1 1 
0
3
5 1 1 1 2 1 
0
3
5 1 1 1 2 3 
0
3
4 3 1 1 2 3 
1
3
3 1 2 1 2 3 
0
3
3 1 2 3 2 3 
0
3
3 1 1 1 3 5 
0
3
3 1 1 1 3 7 
0
3
3 3 1 1 3 5 
1
3
1 1 2 1 3 5 
0
3
2 1 2 1 3 5 
1
3
1 1 2 3 3 5 
0
3
2 1 2 3 3 5 
1
3
1 1 1 1 4 9 
0
3
2 1 1 1 4 9 
1
3
1 1 1 1 4 11 
0
3
2 1 1 1 4 11 
1
3
5 3 1 1 2 3 
1
3
4 1 2 1 2 3 
1
3
4 1 2 3 2 3 
1
3
4 1 1 1 3 5 
1
3
4 1 1 1 3 7 
1
3
7 1 1 1 1 1 
0
3
7 3 1 1 1 1 
1
3
6 1 2 1 1 1 
0
3
6 1 2 3 1 1 
0
3
6 1 1 1 2 1 
0
3
6 1 1 1 2 3 
0
3
3 1 3 3 1 1 
1
3
3 3 3 3 1 1 
1
3
1 1 4 5 1 1 
0
3
2 1 4 5 1 1 
1
3
1 1 4 7 1 1 
0
3
2 1 4 7 1 1 
1
3
1 1 3 3 2 1 
0
3
2 1 3 3 2 1 
1
3
1 1 3 3 2 3 
0
3
2 1 3 3 2 3 
1
3
8 1 1 1 1 1 
1
3
8 3 1 1 1 1 
1
3
7 1 2 1 1 1 
1
3
7 1 2 3 1 1 
1
3
7 1 1 1 2 1 
1
3
7 1 1 1 2 3 
1
3
4 3 2 1 1 1 
1
3
3 1 3 1 1 1 
1
3
3 1 2 1 2 1 
1

