10,[[ 0.111111, 0, 0, 0, 0.111111, 0, 0.222222, 0, 0],
[ 0.222222, 0, 0, 0, 0.111111, 0, 0, 0, 0],
[ 1, 0.777778, 0.333333, 0.333333, 0.333333, 1, 0.222222, 1, 0.333333],
[ 0.333333, 0, 0, 0, 0.111111, 0, 0.222222, 0, 0],
[ 0.777778, 0.666667, 0.777778, 0.444444, 0.444444, 1, 0.888889, 1, 0],
[ 0.444444, 0, 0.111111, 0, 0.111111, 0, 0.222222, 0, 0],
[ 0.555556, 1, 0.111111, 0.777778, 1, 0.111111, 0.666667, 0.777778, 1],
[ 0.111111, 0, 0, 0, 0.111111, 0, 0.111111, 0, 0],
[ 1, 1, 1, 0.666667, 0.888889, 1, 0.666667, 1, 1],
[ 1, 0.222222, 0.222222, 1, 0.111111, 1, 0.666667, 0.222222, 0.222222]]
20,[[ 0, 0, 0, 0, 0.333333, 0.222222, 0, 0, 0],
[ 0, 0, 0, 0, 0.111111, 0, 0, 0, 0],
[ 0.444444, 0, 0, 0, 0.222222, 0.111111, 0.111111, 0.111111, 0],
[ 0.333333, 0, 0, 0, 0.111111, 0, 0.111111, 0, 0],
[ 0, 0, 0, 0, 0.111111, 0, 0, 0, 0],
[ 0.555556, 1, 0.444444, 0.444444, 0.333333, 1, 0.555556, 1, 0],
[ 0.222222, 0, 0, 0, 0.111111, 0.111111, 0.222222, 0, 0],
[ 0, 0, 0, 0, 0.111111, 0, 0, 0, 0],
[ 0.555556, 0.444444, 0.444444, 0.777778, 0.333333, 1, 0.222222, 0.333333, 0],
[ 0, 0, 0, 0, 0.111111, 0, 0.111111, 0, 0]]
30,[[ 0.555556, 0, 0.222222, 0, 0.111111, 0, 0.222222, 0, 0],
[ 1, 1, 1, 0.777778, 0.111111, 1, 0.333333, 0, 0],
[ 1, 0.888889, 0.666667, 0.222222, 0.333333, 0.111111, 0.666667, 0.666667, 0],
[ 0.222222, 0, 0.111111, 0, 0.111111, 0, 0.222222, 0, 0],
[ 0, 0, 0, 0, 0.111111, 0, 0, 0, 0],
[ 0, 0, 0, 0, 0, 0, 0.111111, 0, 0],
[ 0.444444, 0, 0.111111, 0, 0.111111, 0, 0, 0, 0],
[ 1, 0.777778, 1, 0, 0.222222, 1, 0.444444, 0, 0],
[ 0, 0, 0, 0, 0.111111, 0, 0, 0, 0],
[ 0.444444, 0.222222, 0.111111, 0.777778, 0.444444, 1, 0.777778, 0, 0.111111]]
40,[[ 0.444444, 0.555556, 0.555556, 0.777778, 0.555556, 1, 0.333333, 1, 0.333333],
[ 0, 0, 0, 0, 0, 0, 0.222222, 0, 0],
[ 0, 0, 0, 0, 0.111111, 0, 0.111111, 0, 0],
[ 0.222222, 0, 0, 0, 0.111111, 0, 0.111111, 0, 0],
[ 0.777778, 0.222222, 0.222222, 0, 0.111111, 0.111111, 0.222222, 0.111111, 0],
[ 0, 0, 0, 0, 0.111111, 0, 0.111111, 0, 0],
[ 0.222222, 0, 0, 0, 0.111111, 0, 0.111111, 0, 0],
[ 0.111111, 0, 0, 0, 0.111111, 0, 0.111111, 0, 0],
[ 0, 0, 0, 0.222222, 0.111111, 0.222222, 0, 0, 0],
[ 0.555556, 1, 1, 1, 0.777778, 1, 0.666667, 1, 0.666667]]
50,[[ 1, 0.444444, 0.666667, 0.222222, 0.222222, 0.666667, 0.222222, 0.222222, 0.777778],
[ 0.111111, 0, 0, 0, 0.111111, 0, 0, 0, 0],
[ 0.444444, 0, 0, 0, 0.111111, 0, 0.222222, 0, 0],
[ 0, 0, 0, 0, 0.111111, 0, 0.111111, 0.222222, 0],
[ 0.555556, 0, 0, 0, 0.111111, 0, 0.222222, 0, 0],
[ 0.222222, 0.222222, 0.444444, 0.111111, 0.222222, 1, 0.666667, 0, 0],
[ 0.444444, 0, 0, 0, 0.111111, 0, 0, 0, 0],
[ 1, 1, 1, 0.666667, 1, 1, 0.777778, 0.111111, 0],
[ 0.333333, 0, 0, 0, 0.111111, 0, 0, 0, 0],
[ 0.777778, 0.222222, 0.777778, 0.222222, 0.333333, 0.888889, 0.777778, 0.888889, 0.777778]]
60,[[ 0.444444, 0.111111, 0.111111, 0.111111, 0.111111, 0, 0.111111, 0.111111, 0],
[ 0.333333, 0, 0, 0, 0.111111, 0.222222, 0, 0, 0],
[ 0, 0.555556, 0.777778, 1, 0.777778, 1, 0.444444, 0.666667, 0],
[ 0.444444, 0.222222, 0.222222, 0.333333, 0.111111, 0.333333, 0.222222, 0.333333, 0],
[ 0, 0, 0, 0, 0, 0, 0.222222, 0, 0],
[ 0, 0, 0, 0, 0.111111, 0, 0.111111, 0, 0],
[ 0, 0, 0, 0, 0.111111, 0, 0.111111, 0, 0.111111],
[ 0, 0, 0, 0.111111, 0, 0, 0, 0, 0],
[ 0, 0, 0, 0, 0.111111, 0, 0.222222, 0, 0],
[ 0.333333, 0, 0, 0.111111, 0.111111, 0, 0, 0, 0]]
70,[[ 0, 0.111111, 0.222222, 0, 0.111111, 0, 0, 0, 0],
[ 0.222222, 0, 0, 0, 0.111111, 0, 0.111111, 0, 0],
[ 0.222222, 0, 0.111111, 0, 0.111111, 0, 0.111111, 0, 0],
[ 0.111111, 0, 0, 0, 0.111111, 0, 0, 0, 0.444444],
[ 0, 0, 0.222222, 0, 0.111111, 0, 0, 0, 0],
[ 0.333333, 0, 0, 0, 0.111111, 0, 0.111111, 0, 0],
[ 0.444444, 0, 0.222222, 0, 0.111111, 0, 0.111111, 0, 0],
[ 0.111111, 0, 0, 0, 0.111111, 0, 0.111111, 0, 0],
[ 0.222222, 0, 0, 0, 0.111111, 0.333333, 0, 0, 0],
[ 0.222222, 0, 0, 0, 0.111111, 0, 0, 0, 0]]
80,[[ 0.888889, 0, 0.111111, 0.555556, 0.333333, 1, 0.666667, 0.666667, 0.111111],
[ 1, 0.333333, 0.333333, 1, 0.555556, 1, 0.444444, 0.444444, 0],
[ 0.333333, 0, 0.111111, 0, 0.111111, 0, 0.111111, 0, 0],
[ 0.444444, 0, 0, 0.222222, 0.111111, 0, 0, 0, 0],
[ 0.444444, 0.666667, 0.888889, 0.777778, 0.555556, 1, 0.777778, 1, 0],
[ 0.222222, 0.444444, 0.666667, 0.777778, 0.777778, 0.888889, 0.666667, 1, 0.666667],
[ 0.222222, 0, 0, 0, 0.111111, 0, 0.111111, 0, 0],
[ 0, 0, 0, 0, 0.111111, 0, 0.222222, 0, 0],
[ 0.555556, 0, 0, 0, 0.111111, 0, 0.222222, 0, 0],
[ 0.222222, 0.111111, 0, 0, 0, 0, 0.111111, 0, 0]]
90,[[ 0.333333, 0, 0, 0, 0.111111, 0, 0, 0.111111, 0],
[ 0.444444, 0.111111, 0.111111, 0.111111, 0.222222, 0, 0, 0.222222, 0],
[ 0.222222, 0, 0, 0, 0.111111, 0, 0.111111, 0.111111, 0],
[ 1, 1, 1, 0.111111, 1, 1, 0.444444, 0.222222, 0.222222],
[ 0.222222, 0.666667, 0.666667, 0.333333, 0.333333, 0.888889, 0.333333, 0.777778, 0],
[ 0.777778, 0.222222, 0.444444, 0.333333, 0.444444, 1, 0, 0.555556, 0.111111],
[ 0.555556, 0, 0, 0, 0.111111, 0, 0.222222, 0, 0],
[ 0.333333, 0, 0, 0, 0.111111, 0, 0, 0, 0],
[ 0.777778, 1, 1, 1, 0.555556, 1, 1, 1, 0],
[ 0, 0, 0, 0, 0.111111, 0, 0.222222, 0, 0]]
100,[[ 0.111111, 0, 0, 0, 0, 0, 0.222222, 0, 0],
[ 0.444444, 0, 0.111111, 0, 0.111111, 0, 0, 0, 0],
[ 0.222222, 0, 0, 0.222222, 0.111111, 0, 0, 0, 0],
[ 0, 0, 0, 0, 0.111111, 0, 0.111111, 0, 0],
[ 0.777778, 1, 0.333333, 0.333333, 0.777778, 1, 0.777778, 0.111111, 0],
[ 0.222222, 0, 0, 0, 0.111111, 0, 0.222222, 0, 0],
[ 0.111111, 0, 0, 0, 0, 0, 0.111111, 0, 0],
[ 0, 0, 0.111111, 0, 0.111111, 0, 0.111111, 0, 0],
[ 0.222222, 0.222222, 0.444444, 0.111111, 0.222222, 1, 0.666667, 0, 0],
[ 0.444444, 0, 0, 0.111111, 0.111111, 0.111111, 0.222222, 0, 0]]
110,[[ 0, 0, 0, 0, 0.111111, 0.444444, 0, 0, 0],
[ 0.222222, 0, 0, 0, 0.111111, 0, 0.222222, 0, 0],
[ 0.777778, 1, 1, 1, 0.666667, 0.444444, 0.333333, 0.777778, 0.666667],
[ 0.222222, 0, 0.111111, 0, 0.111111, 0, 0.111111, 0, 0],
[ 0, 0, 0, 0, 0.111111, 0.333333, 0, 0, 0],
[ 0.111111, 0.666667, 1, 1, 0.666667, 1, 0.333333, 0.888889, 0.333333],
[ 0.222222, 1, 0.666667, 0.777778, 0.444444, 0.777778, 0.666667, 0.333333, 0],
[ 0, 0.444444, 0.777778, 0.555556, 0.444444, 0.777778, 0.666667, 1, 0],
[ 0.222222, 0, 0.333333, 0, 0.111111, 0, 0, 0, 0],
[ 0, 0, 0, 0, 0.111111, 0, 0.222222, 0, 0]]
120,[[ 0.333333, 0, 0, 0, 0, 0, 0.111111, 0, 0],
[ 1, 0.444444, 1, 0.222222, 0.444444, 0.777778, 0.666667, 0.777778, 0.222222],
[ 0.111111, 0.222222, 0, 0, 0.222222, 0, 0, 0, 0],
[ 0.333333, 0, 0, 0, 0.111111, 0, 0.111111, 0, 0],
[ 0, 0, 0, 0, 0.111111, 0, 0.222222, 0.111111, 0],
[ 0.777778, 0.333333, 0.333333, 0.444444, 0.333333, 0.666667, 0.666667, 0.777778, 0.111111],
[ 0.333333, 0, 0, 0, 0.222222, 0, 0, 0, 0],
[ 0.555556, 0.222222, 0.333333, 0, 0.444444, 0.111111, 0.222222, 0.888889, 0],
[ 0.888889, 0.444444, 0.777778, 0, 0.111111, 0.222222, 0.111111, 0, 0.444444],
[ 0.111111, 0, 0, 0, 0.111111, 0, 0.222222, 0, 0]]
130,[[ 0.444444, 0.333333, 0.555556, 1, 0.111111, 1, 0.333333, 0, 0],
[ 0.555556, 0.888889, 0.666667, 0.444444, 0.444444, 0.777778, 0.333333, 0.111111, 0],
[ 0.111111, 0, 0, 0, 0.111111, 0, 0, 0, 0],
[ 0.222222, 0, 0, 0, 0, 0, 0.111111, 0, 0],
[ 0, 0, 0, 0, 0.111111, 0, 0.111111, 0, 0],
[ 0.444444, 0, 0, 0, 0.111111, 0, 0.111111, 0, 0],
[ 0.111111, 0, 0, 0, 0.111111, 0, 0.222222, 0, 0],
[ 0, 0, 0.333333, 0, 0.111111, 0, 0.111111, 0, 0],
[ 0.444444, 0, 0, 0, 0.111111, 0, 0.111111, 0, 0],
[ 0.222222, 0, 0.111111, 0.111111, 0.111111, 0, 0, 0, 0]]
140,[[ 0.444444, 0, 0, 0.222222, 0.111111, 0, 0, 0, 0],
[ 0.555556, 0.222222, 0.222222, 0.444444, 0.222222, 1, 0.222222, 0.444444, 0.222222],
[ 0.222222, 0, 0, 0, 0.111111, 0, 0, 0, 0],
[ 0.222222, 0.111111, 0.111111, 0.111111, 0.111111, 0, 0.222222, 0.111111, 0],
[ 1, 0.222222, 0.555556, 0.111111, 0.222222, 0.444444, 0.333333, 1, 0.111111],
[ 0, 0, 0, 0, 0.111111, 0, 0.222222, 0, 0],
[ 0.444444, 0, 0, 0, 0.111111, 0, 0.111111, 0, 0],
[ 0.333333, 0.222222, 0.222222, 0, 0.111111, 0, 0.222222, 0.222222, 0],
[ 0.222222, 0, 0, 0, 0.111111, 0, 0.222222, 0, 0],
[ 0, 0, 0, 0, 0.111111, 0, 0, 0, 0]]
150,[[ 0.666667, 0.111111, 0.333333, 0, 0.555556, 1, 0.444444, 0.333333, 0.222222],
[ 0.777778, 0.333333, 0.333333, 0, 0.111111, 0.888889, 0.222222, 0.222222, 0],
[ 0, 0, 0, 0, 0.111111, 0.444444, 0.444444, 0, 0],
[ 1, 1, 0.666667, 0.777778, 0.666667, 0, 1, 1, 0.222222],
[ 0.111111, 0, 0, 0, 0.111111, 0, 0, 0, 0],
[ 0.777778, 0.666667, 0.777778, 0.444444, 1, 1, 0.666667, 0.111111, 0],
[ 0.444444, 0, 0.111111, 1, 0.333333, 0.444444, 0.111111, 0, 0],
[ 1, 0.444444, 0.555556, 1, 0.555556, 1, 0.666667, 0.666667, 1],
[ 0.555556, 0, 0, 0, 0, 0, 0, 0, 0],
[ 0.555556, 0.111111, 0.222222, 0, 0.111111, 0, 0, 0, 0]]
160,[[ 0.111111, 0.111111, 0.111111, 0, 0, 0, 0.666667, 0, 0],
[ 0.777778, 0.888889, 0.888889, 0.444444, 0.222222, 0.444444, 0.666667, 0.666667, 0],
[ 0.777778, 0.666667, 0.555556, 0.333333, 0.333333, 1, 0.444444, 0, 0],
[ 0.333333, 0, 0, 0, 0.111111, 0, 0.222222, 0.111111, 0],
[ 1, 0.777778, 1, 1, 0.555556, 0, 0.222222, 0, 1],
[ 0, 0, 0, 0, 0.111111, 0, 0.111111, 0, 0],
[ 0.111111, 0, 0, 0, 0, 0, 0, 0, 0],
[ 0.222222, 0, 0, 0, 0.111111, 0, 0.222222, 0.111111, 0],
[ 0.333333, 0, 0, 0, 0.111111, 0, 0.222222, 0, 0],
[ 0.444444, 0, 0.222222, 0.222222, 0.111111, 0.111111, 0.111111, 0.222222, 0]]
170,[[ 0.222222, 0, 0, 0.222222, 0.111111, 0, 0.111111, 0, 0],
[ 0.111111, 0, 0, 0, 0.111111, 0, 0.111111, 0, 0],
[ 0.333333, 0, 0, 0, 0.111111, 0, 0, 0, 0],
[ 0.777778, 1, 1, 1, 0.777778, 1, 1, 0.666667, 0.222222],
[ 0.333333, 0.777778, 0.777778, 0.444444, 0.333333, 0.444444, 1, 0.333333, 0],
[ 1, 1, 1, 0.555556, 0.777778, 0.333333, 0.777778, 0.444444, 0],
[ 0.333333, 0.222222, 0.111111, 0, 0.222222, 0, 0.111111, 0, 0],
[ 0, 0, 0, 0.222222, 0.111111, 0, 0, 0, 0],
[ 0.222222, 0, 0, 0, 0.111111, 0, 0, 0, 0],
[ 0.222222, 0.555556, 0.555556, 0.555556, 0.444444, 1, 0.555556, 0.777778, 0.222222]]
180,[[ 0.222222, 0, 0, 0, 0.111111, 0, 0.222222, 0, 0],
[ 1, 0.777778, 0.777778, 0.333333, 1, 1, 0.777778, 0, 0],
[ 0.777778, 0.333333, 0.333333, 0, 0.555556, 1, 0.111111, 0.444444, 0.111111],
[ 0.777778, 0.555556, 0.666667, 0.222222, 0.222222, 1, 0.222222, 0.333333, 0.111111],
[ 0.555556, 0.111111, 0, 0, 0, 0, 0.666667, 0, 0],
[ 0.222222, 0, 0, 0, 0.111111, 0, 0.222222, 0, 0],
[ 0.222222, 0, 0, 0, 0, 0, 0.111111, 0, 0],
[ 0.111111, 0, 0, 0, 0.111111, 0, 0.111111, 0, 0],
[ 0.222222, 0, 0, 0, 0, 0, 0.111111, 0, 0],
[ 0.222222, 0, 0, 0, 0.111111, 0, 0.111111, 0, 0]]
190,[[ 0.111111, 0, 0, 0.111111, 0.111111, 0, 0.222222, 0, 0],
[ 0.222222, 0, 0, 0, 0.222222, 0, 0.111111, 0, 0],
[ 0.111111, 0, 0, 0.111111, 0.111111, 0, 0, 0, 0],
[ 0.444444, 0.222222, 0.444444, 0, 0.777778, 1, 0.444444, 0.222222, 0],
[ 0.333333, 0.111111, 0.222222, 0.444444, 0.222222, 0.777778, 0.666667, 0.555556, 0],
[ 0.666667, 0.444444, 0.555556, 0.222222, 0.222222, 0.777778, 0.666667, 0.333333, 0],
[ 0.444444, 0.777778, 0.888889, 0.333333, 0.222222, 1, 0.666667, 0, 0],
[ 0.555556, 1, 1, 1, 1, 1, 0.777778, 1, 1],
[ 0.111111, 0, 0, 0, 0.111111, 0, 0.222222, 0, 0],
[ 0, 0, 0.222222, 0.111111, 0.111111, 0, 0.222222, 0, 0]]
200,[[ 0, 0, 0, 0, 0.111111, 1, 0.222222, 0, 0],
[ 0.444444, 1, 1, 1, 0.333333, 1, 0.444444, 0.555556, 0.222222],
[ 0.222222, 0.222222, 0.555556, 0.333333, 0.444444, 0.777778, 0.333333, 0.333333, 0],
[ 0, 0.222222, 0.222222, 0.111111, 0.111111, 0, 0.666667, 0.111111, 0],
[ 1, 1, 1, 1, 0.222222, 1, 1, 0.555556, 0],
[ 0.555556, 1, 1, 1, 0.333333, 1, 0.666667, 1, 0],
[ 0.444444, 0, 0, 0, 0.111111, 0, 0, 0, 0],
[ 0, 0, 0, 0, 0.111111, 0, 0, 0, 0],
[ 0.444444, 0.111111, 0, 0, 0.111111, 0, 0, 0, 0],
[ 1, 1, 1, 1, 0.444444, 1, 1, 1, 0.666667]]
210,[[ 0, 0, 0, 0, 0.111111, 0, 0.222222, 0, 0],
[ 0.444444, 0, 0, 0, 0.111111, 0, 0, 0, 0],
[ 0.444444, 0, 0, 0, 0, 0, 0, 0, 0],
[ 0.111111, 0, 0, 0, 0.111111, 0, 0.222222, 0, 0],
[ 0.444444, 0, 0.222222, 0, 0.111111, 0, 0.111111, 0, 0],
[ 0.111111, 0, 0, 0, 0.111111, 0, 0, 0, 0],
[ 0, 0, 0, 0, 0.111111, 0, 0, 0, 0],
[ 0.888889, 1, 1, 0, 1, 0.777778, 0.222222, 0.222222, 0],
[ 0.333333, 0.111111, 0, 0, 0.111111, 0, 0.111111, 0, 0],
[ 0.333333, 1, 0.333333, 0.666667, 0.222222, 1, 0.888889, 1, 0]]
220,[[ 0, 0, 0, 0, 0.111111, 0, 0.222222, 0, 0],
[ 0.444444, 0, 0, 0.111111, 0.111111, 0, 0.111111, 0, 0],
[ 0, 0, 0, 0, 0.111111, 0, 0.111111, 0, 0],
[ 0.444444, 0.111111, 0.111111, 0.111111, 0.111111, 0.111111, 0.222222, 0.111111, 0.111111],
[ 0.444444, 1, 1, 1, 0.555556, 1, 0.555556, 0.444444, 0.111111],
[ 0.555556, 1, 1, 0.111111, 0.777778, 1, 0.666667, 0.222222, 0.222222],
[ 0.555556, 0, 0.222222, 0, 0.333333, 0.444444, 0.444444, 1, 0],
[ 0.333333, 0, 0.111111, 0, 0.111111, 0, 0, 0, 0],
[ 0.444444, 0, 0, 0, 0.111111, 0, 0.111111, 0, 0],
[ 0.444444, 0, 0, 0, 0.111111, 0.111111, 0.111111, 0, 0]]
230,[[ 0.666667, 0, 0.111111, 0.222222, 0.111111, 0, 0.111111, 0, 0],
[ 0.222222, 0, 0, 0, 0.111111, 0.222222, 0.222222, 0, 0],
[ 0.444444, 1, 1, 1, 1, 1, 1, 0, 0],
[ 0.666667, 0.222222, 0.333333, 0.333333, 0.222222, 0.222222, 0.222222, 0.111111, 0.666667],
[ 0, 0, 0, 0, 0.111111, 0, 0.222222, 0, 0],
[ 0.444444, 0.555556, 0.666667, 0.777778, 0.777778, 1, 0.222222, 1, 0.222222],
[ 0.444444, 1, 0.555556, 0, 1, 0.333333, 0.333333, 1, 1],
[ 0.555556, 0.777778, 0.666667, 0.777778, 0.555556, 0.777778, 0.777778, 0.888889, 0],
[ 0.444444, 0.222222, 0.222222, 0.111111, 0.222222, 0, 0.222222, 0, 0],
[ 0, 0, 0, 0, 0.111111, 0, 0.111111, 0, 0]]
240,[[ 0, 0, 0, 0, 0, 0, 0.222222, 0, 0],
[ 0, 0, 0, 0, 0, 0, 0.222222, 0, 0],
[ 0.333333, 0, 0, 0, 0, 0, 0.111111, 0, 0],
[ 0.222222, 0, 0, 0, 0.111111, 0, 0.222222, 0, 0],
[ 0, 0, 0, 0, 0.111111, 0, 0, 0, 0],
[ 0.444444, 0, 0.111111, 0, 0.111111, 0, 0.222222, 0, 0],
[ 0, 0, 0, 0, 0.111111, 0, 0.111111, 0, 0],
[ 1, 0.555556, 0.333333, 0.222222, 1, 1, 0.888889, 1, 0],
[ 0, 0, 0, 0, 0.111111, 0, 0.222222, 0, 0],
[ 0, 0, 0, 0, 0, 0, 0.111111, 0, 0]]
250,[[ 0.333333, 0, 0.111111, 0, 0.111111, 0, 0.111111, 0, 0],
[ 1, 1, 0.777778, 0.555556, 0.333333, 0.444444, 0.777778, 1, 0],
[ 1, 1, 1, 0.222222, 1, 0.777778, 0.777778, 0, 0],
[ 0.222222, 1, 0.222222, 1, 0.555556, 1, 0.444444, 0, 0.333333],
[ 0.666667, 0.777778, 0.666667, 0.111111, 0.333333, 0.777778, 0.222222, 0.777778, 0.111111],
[ 0.333333, 0, 0, 0, 0.111111, 0, 0, 0, 0],
[ 0.333333, 0.777778, 0.666667, 1, 0.333333, 1, 0.666667, 0.444444, 0],
[ 0.222222, 0.222222, 0.111111, 0, 0.111111, 0.222222, 0.222222, 0, 0],
[ 0, 0, 0, 0.111111, 0.111111, 0, 0.222222, 0, 0],
[ 1, 0.555556, 0.555556, 0.111111, 0.333333, 1, 0.888889, 0.666667, 0]]
260,[[ 0.444444, 0.777778, 0.777778, 1, 0.444444, 1, 0.777778, 1, 0.222222],
[ 0.444444, 0.222222, 0.444444, 0.444444, 0.222222, 0.222222, 0.333333, 1, 0],
[ 1, 0.333333, 0.444444, 0.333333, 0.222222, 0.444444, 0.666667, 0.222222, 0],
[ 1, 1, 1, 0.777778, 0.555556, 0, 0.777778, 0.888889, 0],
[ 0.777778, 0.222222, 0.333333, 0.888889, 0.222222, 1, 0.222222, 0.222222, 0],
[ 1, 0, 0, 0, 0.111111, 1, 0.444444, 0.333333, 0],
[ 0, 0, 0, 0, 0.111111, 0, 0.222222, 0, 0],
[ 0.444444, 0.666667, 1, 0.555556, 0.444444, 1, 0.666667, 0.444444, 0],
[ 0.555556, 0.222222, 0.222222, 0.222222, 0.222222, 0.111111, 0.555556, 0, 0],
[ 0, 0, 0, 0, 0.111111, 0, 0.111111, 0, 0]]
270,[[ 0.777778, 0.666667, 0.333333, 0.333333, 0.444444, 0.222222, 0.444444, 1, 0],
[ 0, 0, 0.222222, 0, 0.111111, 0, 0.111111, 0, 0],
[ 1, 0.333333, 0.555556, 0.333333, 0.444444, 1, 0.666667, 0, 0],
[ 0.333333, 0, 0, 0, 0.111111, 0, 0.111111, 0, 0],
[ 0.222222, 0, 0, 0, 0.111111, 0, 0.111111, 0, 0.111111],
[ 0.222222, 0.555556, 0.333333, 1, 0.222222, 0.222222, 0.222222, 0.333333, 0],
[ 0.666667, 0.555556, 0.333333, 0.777778, 1, 1, 0.888889, 0.444444, 0.222222],
[ 0.444444, 0.666667, 1, 1, 0.444444, 1, 1, 1, 0],
[ 0, 0, 0, 0, 0.111111, 0, 0.111111, 0, 0],
[ 0.444444, 0, 0, 0, 0.111111, 0, 0.111111, 0, 0]]
280,[[ 1, 1, 0.555556, 0.222222, 0.222222, 1, 0.333333, 0.222222, 0.111111],
[ 0.777778, 1, 1, 0.777778, 0.444444, 1, 0.666667, 0.777778, 0],
[ 0.666667, 0.555556, 0.222222, 0.111111, 0.444444, 1, 0.666667, 0.333333, 0.555556],
[ 0, 0, 0, 0, 0.111111, 0, 0.111111, 0, 0],
[ 0.333333, 0, 0.111111, 0, 0.111111, 0, 0.111111, 0, 0],
[ 0, 0.111111, 0.222222, 0, 0.111111, 0, 0.222222, 0, 0],
[ 0, 0, 0, 0, 0.111111, 0.222222, 0.222222, 0, 0],
[ 0.111111, 0, 0, 0, 0.111111, 0, 0, 0, 0],
[ 0.444444, 0, 0, 0, 0.111111, 0, 0.222222, 0, 0],
[ 0.222222, 0.111111, 0, 0, 0.111111, 0, 0.111111, 0.111111, 0]]
290,[[ 0, 0, 0, 0, 0.111111, 0, 0, 0, 0],
[ 0.444444, 0, 0.222222, 0, 0.111111, 0, 0.111111, 0, 0],
[ 0.222222, 0.111111, 0, 0, 0.111111, 0.111111, 0.222222, 0, 0],
[ 1, 1, 1, 1, 1, 0, 0.777778, 0.777778, 0.777778],
[ 0.444444, 0, 0, 0, 0.111111, 0, 0, 0, 0],
[ 0.444444, 0, 0, 0, 0.111111, 0, 0.222222, 0, 0.111111],
[ 0.111111, 0.222222, 0, 0, 0.111111, 0, 0.111111, 0, 0],
[ 0.222222, 0.222222, 0.111111, 0, 0.222222, 0, 0.222222, 0.555556, 0],
[ 0.444444, 0.111111, 0.222222, 0, 0.555556, 1, 0.444444, 0, 0],
[ 0.222222, 0.111111, 0.111111, 0.222222, 0.111111, 0.222222, 0.222222, 0, 0]]
300,[[ 0.333333, 0, 0, 0, 0.111111, 0, 0.222222, 0, 0],
[ 0.777778, 0.555556, 0.333333, 0.222222, 0.444444, 0.888889, 0.222222, 0, 0],
[ 0, 0, 0, 0, 0.111111, 0, 0, 0, 0],
[ 0.222222, 0, 0, 0.111111, 0.111111, 0, 0, 0, 0],
[ 0, 0, 0, 0, 0.111111, 0, 0.222222, 0, 0],
[ 0.333333, 0.222222, 0, 0, 0.111111, 0, 0.333333, 0.777778, 0],
[ 0.222222, 0.111111, 0.111111, 0, 0.333333, 0.222222, 0.111111, 0, 0],
[ 0.333333, 0, 0, 0, 0.111111, 0, 0.111111, 0, 0],
[ 0.555556, 0.444444, 0.333333, 0.333333, 0.222222, 0.888889, 0.666667, 0.777778, 0.222222],
[ 0.444444, 0.444444, 0.444444, 0.777778, 1, 0.777778, 0.666667, 0.222222, 0.666667]]
310,[[ 0.444444, 0.111111, 0.222222, 0.333333, 0.111111, 0.666667, 0.222222, 0.555556, 0],
[ 0.333333, 0.444444, 0.444444, 0.777778, 0.555556, 1, 1, 0.666667, 0],
[ 0.444444, 0.222222, 0.222222, 0.222222, 0.555556, 1, 0.222222, 0, 0],
[ 0, 0.111111, 0.111111, 0, 0.111111, 0, 0.111111, 0, 0],
[ 0.888889, 1, 1, 0, 1, 0.777778, 0.222222, 0.222222, 0],
[ 0, 0, 0.222222, 0, 0.111111, 0, 0.111111, 0, 0],
[ 0.222222, 0, 0, 0, 0.111111, 0, 0.111111, 0, 0],
[ 0.444444, 1, 1, 1, 0.444444, 0.111111, 0.777778, 0.444444, 0],
[ 0.333333, 0.111111, 0.111111, 0, 0.111111, 0, 0.111111, 0, 0],
[ 0, 0, 0, 0, 0, 0, 0, 0.222222, 0]]
320,[[ 0.222222, 0, 0, 0, 0.222222, 0.111111, 0, 0, 0],
[ 0.666667, 0.333333, 0.333333, 0.222222, 0.333333, 1, 0.555556, 0.888889, 0],
[ 0, 0, 0, 0, 0.111111, 0, 0, 0, 0],
[ 0.444444, 0.222222, 0.333333, 0, 0.777778, 1, 0.333333, 0.888889, 0],
[ 0.444444, 0.111111, 0.111111, 0.111111, 0, 0, 0.111111, 0, 0],
[ 0.222222, 0.222222, 0.111111, 0.111111, 0.222222, 0, 0, 0.111111, 0.222222],
[ 0.111111, 0, 0, 0, 0.111111, 0, 0.222222, 0, 0],
[ 0, 0, 0, 0, 0, 0, 0.111111, 0, 0],
[ 0.555556, 0, 0.222222, 0.111111, 0.111111, 0, 0, 0, 0],
[ 0.666667, 0.333333, 0.555556, 0.333333, 0.555556, 0, 0.333333, 0.222222, 0]]
330,[[ 0.222222, 0, 0, 0, 0.111111, 0, 0.111111, 0, 0],
[ 0.444444, 0.222222, 0.333333, 0.222222, 0.333333, 0.444444, 0.333333, 0.666667, 0],
[ 1, 0.777778, 0.777778, 0.111111, 0.222222, 0.333333, 0.777778, 0.666667, 0.777778],
[ 0.555556, 0.555556, 0.666667, 1, 0.222222, 1, 0.777778, 1, 0.111111],
[ 0.777778, 1, 1, 0, 0.222222, 0.555556, 0.222222, 0.888889, 0],
[ 0.666667, 0.222222, 0.111111, 1, 0.444444, 1, 0.444444, 0.333333, 0.333333],
[ 0.222222, 0.111111, 0.111111, 0.111111, 0.111111, 0, 0.333333, 0.111111, 0],
[ 0.333333, 0, 0, 0, 0.111111, 0, 0, 0, 0],
[ 0.888889, 0.444444, 0.444444, 0.333333, 0.333333, 0.444444, 0.333333, 0.222222, 0.222222],
[ 0.444444, 0.444444, 0.444444, 0.111111, 0.444444, 1, 0.333333, 0.222222, 0]]
340,[[ 0.666667, 0.777778, 0.777778, 0.666667, 0.222222, 1, 0.666667, 0.111111, 0.222222],
[ 0, 0, 0, 0, 0, 0, 0.222222, 0, 0],
[ 0.444444, 0.222222, 0.222222, 0, 0.111111, 0, 0.111111, 0, 0],
[ 0.444444, 0, 0.222222, 0, 0.111111, 0, 0, 0, 0],
[ 0.444444, 0.222222, 0.555556, 0, 0.111111, 0, 0, 0, 0],
[ 0.444444, 0, 0, 0, 0, 0, 0.222222, 0, 0],
[ 0.222222, 0, 0.222222, 0, 0.222222, 0.333333, 0, 0, 0],
[ 0.444444, 0, 0, 0, 0.111111, 0, 0.222222, 0.111111, 0],
[ 0.222222, 0, 0, 0, 0.111111, 0, 0, 0, 0],
[ 0, 0, 0.222222, 0, 0.111111, 0, 0, 0, 0]]
350,[[ 0.333333, 0, 0, 0, 0.111111, 0, 0.222222, 0, 0],
[ 0.111111, 0.222222, 0, 0, 0.444444, 0, 0, 0, 0],
[ 0.444444, 0.222222, 0.111111, 0.333333, 0.111111, 0, 0, 0, 0],
[ 0, 0.222222, 0, 0, 0.111111, 0, 0.111111, 0.111111, 0],
[ 0, 0, 0, 0, 0.222222, 0, 0, 0, 0],
[ 0.111111, 0.444444, 0.222222, 0.222222, 0.555556, 0.666667, 0.666667, 0.444444, 0],
[ 0.444444, 0, 0, 0, 0.111111, 0, 0, 0, 0],
[ 0.111111, 0, 0, 0, 0.111111, 0, 0, 0, 0],
[ 0, 0, 0, 0, 0, 0, 0, 0, 0],
[ 1, 0.777778, 0.777778, 0.111111, 0.777778, 1, 0.333333, 0.777778, 1]]
360,[[ 0.444444, 1, 1, 0.444444, 0.333333, 0.444444, 0.333333, 0.333333, 0],
[ 0.777778, 1, 1, 0.777778, 0.555556, 0.888889, 0.222222, 1, 1],
[ 0.555556, 1, 1, 0.111111, 0.777778, 1, 0.666667, 0.222222, 0.222222],
[ 1, 0.444444, 0.444444, 0.555556, 0.777778, 0.777778, 0.666667, 0, 0],
[ 0.444444, 0, 0, 0, 0.111111, 0, 0, 0, 0],
[ 0, 0, 0, 0, 0.111111, 0, 0.222222, 0, 0],
[ 0.666667, 0.777778, 0.666667, 0.555556, 0.333333, 0.222222, 0.777778, 0.777778, 0.333333],
[ 0.333333, 0, 0, 0.222222, 0, 0, 0.111111, 0, 0],
[ 0.444444, 0.777778, 0.666667, 0.666667, 1, 1, 0.444444, 0.666667, 0],
[ 0.777778, 0.111111, 0.222222, 0, 0.555556, 0.222222, 0.666667, 0, 0]]
370,[[ 0, 0, 0, 0, 0.111111, 0.444444, 0, 0, 0],
[ 0.777778, 0.555556, 0.333333, 1, 1, 0, 0.222222, 0.444444, 0],
[ 0.444444, 0.111111, 0, 0, 0.111111, 0, 0.222222, 0, 0],
[ 0.444444, 1, 1, 0.888889, 0.555556, 1, 0.666667, 1, 0.444444],
[ 0.333333, 0.555556, 0.555556, 0.444444, 0.666667, 0.555556, 0.666667, 0.666667, 0.222222],
[ 0, 0, 0, 0, 0.111111, 0, 0, 0, 0],
[ 0.111111, 0, 0, 0, 0.111111, 0, 0.111111, 0, 0],
[ 0.888889, 0.666667, 0.666667, 0.444444, 0.444444, 1, 0.666667, 0.777778, 0.222222],
[ 0.333333, 0, 0, 0, 0.111111, 0, 0, 0, 0],
[ 1, 0.666667, 0.666667, 0.555556, 0.333333, 1, 0.333333, 0, 0.111111]]
380,[[ 0.333333, 0.333333, 0.111111, 0, 0.111111, 0.444444, 0.111111, 0, 0.111111],
[ 0.222222, 0, 0, 0.111111, 0.111111, 0, 0, 0, 0],
[ 0.222222, 0, 0, 0, 0.111111, 0, 0.111111, 0, 0],
[ 0.333333, 0, 0, 0.222222, 0.111111, 0, 0.222222, 0, 0],
[ 0.111111, 0, 0, 0, 0.111111, 0.444444, 0, 0, 0],
[ 0.777778, 1, 0.444444, 0.222222, 0.777778, 0.333333, 0.333333, 1, 0.222222],
[ 0.222222, 1, 0.777778, 0.666667, 0.555556, 0.888889, 0.888889, 0.222222, 0.777778],
[ 0.222222, 0, 0, 0, 0.111111, 0, 0.222222, 0, 0],
[ 0.444444, 1, 1, 0.222222, 0.666667, 0.222222, 0.777778, 1, 0.111111],
[ 0, 0, 0, 0, 0, 0, 0.111111, 0, 0]]
390,[[ 0.222222, 0, 0, 0, 0.111111, 0, 0.111111, 0, 0],
[ 0, 0.111111, 0.222222, 0, 0.111111, 0, 0.111111, 0, 0],
[ 0.444444, 1, 1, 0.222222, 0.777778, 0, 0.444444, 1, 0.222222],
[ 0, 0, 0, 0, 0.111111, 0, 0, 0, 0],
[ 0, 0, 0, 0, 0.111111, 0, 0.222222, 0, 0],
[ 0.888889, 0.777778, 0.777778, 0.444444, 0.555556, 0.111111, 0.333333, 1, 0.333333],
[ 0, 0.222222, 0, 0.111111, 0.111111, 0.111111, 0.444444, 0.222222, 0.111111],
[ 0, 0, 0, 0, 0.111111, 0, 0.111111, 0, 0],
[ 0.333333, 0, 0, 0, 0.111111, 0, 0.222222, 0, 0],
[ 0.555556, 0, 0, 0.222222, 0.111111, 0, 0, 0, 0]]
400,[[ 1, 0.777778, 0.666667, 0.333333, 0.222222, 1, 0.666667, 0.888889, 0],
[ 0.222222, 0, 0, 0.222222, 0.777778, 0, 0.444444, 0.777778, 0],
[ 0.444444, 0, 0, 0, 0.111111, 0, 0, 0, 0],
[ 1, 0.444444, 0.777778, 1, 0.222222, 1, 0.444444, 0, 0.222222],
[ 0.666667, 0.555556, 0.555556, 0.222222, 0.111111, 1, 0.666667, 0, 0],
[ 1, 0.444444, 0.444444, 0.222222, 0.555556, 0.666667, 0.666667, 1, 0],
[ 0.444444, 0, 0, 0, 0.111111, 0, 0.111111, 0, 0],
[ 0, 0, 0, 0.222222, 0, 0.222222, 0, 0, 0],
[ 0.333333, 0, 0, 0, 0.111111, 0, 0.111111, 0, 0],
[ 0.444444, 0, 0, 0, 0.111111, 0, 0.111111, 0, 0]]
410,[[ 0.777778, 0.777778, 0.888889, 0.555556, 0.555556, 0.222222, 1, 1, 0],
[ 0, 0, 0, 0, 0.111111, 0, 0.222222, 0, 0],
[ 0.444444, 0, 0, 0, 0.111111, 0, 0.111111, 0, 0],
[ 0.777778, 0.444444, 0.555556, 0.111111, 0.222222, 1, 0.555556, 0.555556, 0],
[ 0, 0, 0, 0, 0.111111, 0, 0, 0, 0],
[ 0.555556, 0.222222, 0.111111, 0, 0.222222, 0.333333, 0.333333, 0, 0],
[ 0.444444, 0, 0, 0.555556, 0.222222, 0, 0.111111, 0, 0],
[ 0.777778, 0.111111, 0.333333, 0, 0.444444, 0, 0.444444, 0.333333, 0.333333],
[ 0.333333, 0, 0, 0.222222, 0.111111, 0, 0.222222, 0, 0],
[ 0, 0, 0, 0, 0.111111, 0.111111, 0.111111, 0, 0]]
420,[[ 1, 1, 0.777778, 1, 0.555556, 0.444444, 1, 0.222222, 0],
[ 0, 0, 0, 0, 0, 0, 0.222222, 0, 0],
[ 0.777778, 0.666667, 0.777778, 0.111111, 0.333333, 0.111111, 0.444444, 1, 0],
[ 0.777778, 1, 1, 0.666667, 1, 1, 0.666667, 0.222222, 0.777778],
[ 0.444444, 0, 0, 0.222222, 0.111111, 0, 0, 0, 0],
[ 0.222222, 0, 0, 0, 0.111111, 0, 0.111111, 0, 0],
[ 1, 0.222222, 0.222222, 0, 0.111111, 1, 0.666667, 0.555556, 0],
[ 0.444444, 0.333333, 0.555556, 0.777778, 0.333333, 0, 0.777778, 1, 0],
[ 1, 0.444444, 0.666667, 0.333333, 0.333333, 1, 0.777778, 0.888889, 0],
[ 0.444444, 0, 0, 0, 0.111111, 0, 0.111111, 0, 0]]
430,[[ 0.333333, 0, 0, 0, 0.111111, 0, 0.111111, 0, 0],
[ 1, 0.555556, 0.555556, 0.222222, 0.333333, 0.444444, 0.222222, 0.555556, 0],
[ 0.888889, 0.555556, 0.888889, 0.111111, 1, 0.555556, 0.111111, 0.888889, 1],
[ 0.666667, 0.888889, 0.333333, 1, 1, 0.222222, 0.444444, 0.222222, 0.222222],
[ 1, 0.333333, 0.222222, 1, 0.333333, 1, 1, 0, 0],
[ 0.333333, 0.111111, 0, 0, 0.111111, 0, 0, 0, 0],
[ 0.444444, 0.555556, 0.555556, 0.111111, 0.333333, 1, 0.222222, 0.555556, 0],
[ 0.444444, 0.333333, 0.444444, 0, 0.777778, 0, 0.222222, 0.555556, 0],
[ 0.777778, 0.555556, 0.444444, 0.333333, 0.222222, 1, 0.555556, 0, 0],
[ 0.888889, 0.444444, 0.444444, 0.111111, 0.111111, 0.111111, 0.444444, 0, 0]]
440,[[ 0.222222, 0, 0, 0, 0.111111, 0, 0.111111, 0, 0],
[ 0.333333, 0, 0, 0, 0.111111, 0, 0.111111, 0, 0],
[ 0.222222, 0, 0, 0, 0.111111, 0, 0.111111, 0, 0],
[ 0.555556, 0, 0, 0, 0.111111, 0, 0.111111, 0, 0],
[ 0.666667, 0.777778, 0.222222, 0.666667, 0.333333, 0.444444, 0.666667, 0.777778, 0.111111],
[ 0.333333, 0, 0, 0, 0.111111, 0.222222, 0.111111, 0, 0],
[ 0.444444, 0.777778, 0.777778, 0.777778, 0.444444, 1, 0.666667, 0.777778, 0],
[ 0, 0, 0, 0, 0.111111, 0, 0.222222, 0, 0],
[ 0.222222, 0, 0, 0, 0.111111, 0, 0.111111, 0, 0],
[ 0.222222, 0, 0, 0, 0.111111, 0, 0.222222, 0, 0]]
450,[[ 0.333333, 1, 0.777778, 0.444444, 0.333333, 0, 1, 0, 0],
[ 0.333333, 0.111111, 0.333333, 0.222222, 0.111111, 0.111111, 0.111111, 0, 0],
[ 0.777778, 0.444444, 0.444444, 0.444444, 0.111111, 1, 0.333333, 0.222222, 0],
[ 0.444444, 0, 0.222222, 0, 0.111111, 0, 0.222222, 0, 0],
[ 0.444444, 0, 0, 0.333333, 0.111111, 0, 0.222222, 0, 0],
[ 0.333333, 0, 0, 0, 0.111111, 0, 0, 0, 0],
[ 0, 0, 0, 0, 0, 0, 0, 0, 0],
[ 0.222222, 0.222222, 0, 0, 0.111111, 0, 0, 0, 0],
[ 0.333333, 0, 0, 0, 0.111111, 0, 0.222222, 0, 0],
[ 0.111111, 0, 0, 0.111111, 0.222222, 0, 0.111111, 0, 0]]
460,[[ 0.444444, 0, 0, 0, 0.111111, 0, 0.222222, 0, 0],
[ 0.444444, 0.222222, 0.333333, 0, 0.333333, 0, 0.222222, 0, 0],
[ 0.777778, 1, 0.777778, 0.777778, 0.333333, 0.777778, 0.666667, 0.666667, 0],
[ 0.333333, 0, 0, 0, 0.111111, 0, 0.222222, 0, 0],
[ 0.444444, 0.222222, 0.111111, 0, 0.222222, 0, 0, 0, 0],
[ 0, 0, 0, 0.111111, 0.111111, 0, 0.111111, 0, 0],
[ 1, 0.333333, 0.222222, 0, 0.222222, 0.222222, 0.555556, 0.444444, 0.111111],
[ 1, 1, 1, 0.333333, 0.777778, 0, 0.777778, 1, 0],
[ 0.333333, 0, 0, 0.222222, 0.111111, 0, 0, 0, 0],
[ 0.222222, 0, 0, 0, 0.111111, 0, 0.111111, 0, 0]]
470,[[ 1, 0.555556, 0.333333, 0, 0.222222, 0.333333, 0.222222, 0.111111, 0.222222],
[ 0.222222, 0.333333, 0.444444, 0.111111, 0.555556, 0.777778, 0.333333, 0, 0],
[ 0, 0, 0, 0, 0, 0, 0.222222, 0, 0],
[ 0.333333, 0, 0, 0.222222, 0, 0.444444, 0.111111, 0, 0],
[ 1, 0.111111, 0.111111, 0, 0.111111, 0.555556, 0, 0, 0.111111],
[ 0, 0, 0, 0, 0.111111, 0, 0.222222, 0, 0],
[ 0, 0, 0, 0, 0.111111, 0, 0, 0, 0],
[ 0, 0, 0, 0, 0.111111, 0, 0, 0, 0],
[ 0.333333, 0, 0, 0, 0.111111, 0, 0, 0, 0],
[ 0.222222, 0, 0, 0, 0.111111, 0.444444, 0.444444, 0, 0]]
480,[[ 0.888889, 0.888889, 1, 0.222222, 0.555556, 1, 0.666667, 1, 0.555556],
[ 0.111111, 0, 0, 0, 0.111111, 0, 0, 0, 0],
[ 0, 0, 0, 0, 0.111111, 0, 0, 0, 0],
[ 0, 0.111111, 0.111111, 0, 0.111111, 0, 0, 0, 0],
[ 1, 0.333333, 0.222222, 0.111111, 0.222222, 1, 0.444444, 0.222222, 0.111111],
[ 0.111111, 0, 0, 0, 0.222222, 0, 0.111111, 0, 0],
[ 0.222222, 0, 0, 0, 0.111111, 0, 0.222222, 0, 0],
[ 0, 0, 0, 0, 0.444444, 0, 0.222222, 0, 0],
[ 1, 1, 1, 1, 0.555556, 1, 0.777778, 0, 0.444444],
[ 0, 0, 0, 0, 0, 0, 0, 0, 0]]
