10,0.900439
20,0.850659
30,0.8653
40,0.852123
50,0.866764
60,0.866764
70,0.855051
80,0.866764
90,0.875549
100,0.884334
110,0.888726
120,0.891654
130,0.885798
140,0.885798
150,0.891654
160,0.891654
170,0.894583
180,0.894583
190,0.898975
200,0.906296
210,0.90776
220,0.90776
230,0.912152
240,0.913616
250,0.915081
260,0.922401
270,0.923865
280,0.923865
290,0.923865
300,0.923865
310,0.929722
320,0.929722
330,0.935578
340,0.925329
350,0.923865
360,0.93265
370,0.937042
380,0.937042
390,0.937042
400,0.938507
410,0.939971
420,0.939971
430,0.939971
440,0.939971
450,0.939971
460,0.939971
470,0.945827
480,0.944363
