0.85599
1.0948
0.67607
0.79609
1.2375
1.1428
0.75983
1.5437
0.82321
0.92769
0.77953
1.4558
1.1272
0.81308
0.88619
0.96142
1.0211
1.1904
0.6734
0.93159
0.77499
0.92213
0.89076
1.0447
1.205
0.91445
1.061
0.91425
1.0066
1.1339
1.2151
1.101
1.1025
1.0119
0.95482
1.0756
1.0373
0.79422
0.91415
1.0452
0.95566
0.9862
0.98739
0.87839
1.2157
0.85407
0.95257
0.78622
0.95435
0.94887
1.3288
1.0417
1.517
0.81925
1.0409
1.1874
0.77046
0.89862
1.5528
0.96188
0.76994
1.0684
1.2277
0.91265
0.83881
0.91058
1.0848
0.82599
0.93327
0.83076
1.12
1.1611
1.105
1.2179
0.9667
0.93377
0.65453
1.0513
0.91023
1.1289
1.0372
0.92712
1.0832
1.1009
0.82519
0.82639
0.91348
0.91373
0.80357
0.75289
1.1003
1.1452
0.96503
0.82851
0.92156
1.063
1.4279
0.93744
1.1657
0.69375
0.74262
1.1941
1.0954
0.8867
1.3059
0.87576
0.75256
1.0855
1.1083
0.94217
1.0795
1.1231
0.95077
0.77291
0.94615
1.1735
1.3378
1.0448
1.0859
0.88053
0.88668
1.2723
0.94681
1.0408
0.82768
1.0116
1.2268
0.95001
0.91018
1.1772
1.5366
1.2147
1.0867
0.81079
0.78106
0.96772
1.0923
1.0526
1.1042
1.5267
0.99621
0.97613
1.0642
1.0351
1.4293
1.283
0.75187
0.8115
1.0565
0.9552
1.1756
0.641
0.63606
0.82686
0.79435
0.8574
1.1745
0.85566
1.276
0.91514
0.94587
0.76493
0.98864
1.1908
0.78353
1.0133
0.7979
1.0358
0.66553
1.2197
1.1743
0.8277
0.85156
1.5557
0.81127
1.0513
0.97219
1.024
1.0551
1.1844
0.79186
1.202
0.9224
1.2337
1.157
1.2395
1.0908
1.123
0.97121
0.69694
0.99529
1.0735
0.99871
0.98679
0.94425
1.3712
0.70161
0.89391
0.93369
0.73917
0.78666
0.96491
0.88135
0.80026
1.2608
0.96823
0.57924
1.0953
0.96243
1.1256
0.87211
1.3044
1.4115
0.94147
0.63879
0.72102
1.1492
1.1184
0.77636
1.007
1.0545
1.1176
0.80545
1.0906
1.0258
1.0123
1.0127
0.92689
1.0395
1.2093
1.2648
0.99155
0.85567
1.6996
0.8139
1.1561
0.8079
0.89063
0.88513
0.8623
1.0543
0.67683
1.0045
0.97278
1.1278
1.1435
0.99143
1.1864
1.1267
0.95307
0.99013
1.0251
0.75264
1.0073
0.93029
1.4102
1.2457
1.0672
1.2956
1.0562
0.93603
0.8297
1.1492
1.3071
0.80259
0.89422
0.87463
0.91618
0.84674
0.96914
1.0739
0.97693
1.348
0.98054
0.98725
1.2846
0.98737
1.0745
0.80234
1.2566
0.73706
1.3797
1.1473
0.94993
0.97206
0.75033
1.2689
0.73801
1.3313
0.93902
1.2657
0.87295
1.1493
0.94767
0.95995
0.94429
0.86336
1.0554
0.9753
1.0835
1.2367
0.89647
1.193
1.1445
0.85701
0.95435
1.0704
0.88505
1.0826
1.237
1.232
0.80738
0.93831
1.1912
1.3182
1.059
0.83551
0.70273
0.83257
0.8874
1.0972
1.1653
1.3011
1.0762
0.8088
1.0542
0.93761
0.96454
0.83671
0.88579
0.81045
0.61446
1.0053
0.72286
0.81766
0.92238
0.85605
1.1498
0.84239
1.2363
0.82866
1.0733
0.9324
0.94106
1.1941
0.96273
1.1512
0.863
1.3541
1.1633
0.68637
1.5617
0.83606
0.88829
0.7719
0.86573
0.83728
0.76802
1.1713
0.93124
1.109
0.75286
1.1173
0.72282
1.0296
1.5175
0.86571
0.98434
0.95896
0.80796
1.1084
0.79558
0.74244
1.0583
0.81217
0.93476
1.0952
0.86686
1.0577
1.0515
0.88776
0.95798
0.94265
1.2108
1.237
1.1117
0.8073
1.0465
0.93557
1.0442
1.1611
1.1416
0.818
0.80493
1.0444
1.0198
0.8476
0.86481
0.85971
0.92433
1.1276
1.4841
0.76876
1.2414
1.1483
0.95258
0.77032
1.1152
0.96059
0.93563
1.1621
0.94147
1.0509
0.77402
1.3248
0.59308
1.1373
1.2009
0.75477
0.92603
0.93925
0.86601
0.53981
0.77749
0.81725
1.0457
0.70809
0.73055
0.95912
0.97882
1.0249
1.1591
0.78099
0.82652
0.93859
0.91413
1.0331
0.91441
1.1359
1.1809
1.0335
1.0862
0.86286
1.0536
1.0774
1.0774
0.84092
0.92907
0.81704
0.95325
1.671
1.2745
0.94951
1.078
0.86411
0.67583
1.1737
0.8783
1.107
1.1047
1.2739
0.71026
0.72576
1.1996
1.3978
1.1669
1.1293
0.80818
0.80939
0.71369
1.0305
1.0068
0.98719
1.2162
0.77344
0.78236
1.0285
1.2509
1.0294
1.3191
1.2829
1.1387
0.89058
1.0739
0.94387
0.94847
1.1785
1.0107
0.92767
0.86653
1.3493
0.68033
0.90247
1.0705
1.0478
0.89857
0.96356
1.0265
0.8366
0.72071
0.99068
1.0264
0.92741
0.79167
0.83612
1.0227
1.084
1.2613
1.0298
1.071
0.772
0.92057
1.0578
1.0456
1.0162
0.99722
0.77958
0.99456
1.0622
0.94255
1.1276
1.0294
0.97698
0.99874
1.1815
0.92502
1.0681
1.0793
0.96954
0.7368
1.1325
0.75449
1.2363
0.82232
1.0919
0.77532
0.99497
0.88213
0.98125
1.0317
1.0141
0.9428
0.78039
0.93374
0.62286
0.76277
1.1937
0.78721
1.1246
0.81932
1.1413
1.0914
1.0576
1.2434
1.0108
1.0046
1.0548
1.0508
0.95833
0.93086
0.76603
0.86958
0.67372
1.0252
0.64483
1.1598
0.96154
1.0142
1.1753
0.79162
0.8104
0.7232
1.0557
0.82957
1.0375
0.82036
0.96179
1.297
0.87628
0.82723
1.3816
1.1399
1.1219
1.4562
0.95426
0.88119
1.0293
0.9296
0.74414
0.89667
0.85333
1.1482
0.75698
0.86964
0.81378
1.2672
0.8676
1.2365
0.85639
0.6409
1.0668
0.82788
1.7938
1.1154
1.088
0.95293
0.97592
1.0435
1.1324
0.89165
0.64325
0.7572
0.95999
1.1131
0.90985
0.90323
1.1832
1.1755
1.254
0.8928
0.93622
0.9148
0.71793
0.64256
0.8606
0.87013
0.8345
0.92263
1.217
0.93597
0.68469
0.89612
0.69308
0.91325
0.90899
0.99751
0.77977
1.1013
1.0871
0.99247
0.88435
0.76631
0.99094
1.4456
1.5477
0.72701
1.2688
1.4262
0.94307
1.1621
0.96326
0.83696
0.57821
1.0788
0.94472
0.98248
1.0432
0.96635
0.82409
1.0547
1.2617
1.5185
1.0967
1.4051
0.98182
0.78967
0.98683
1.2362
0.84189
0.86873
1.1956
1.0396
0.91907
0.9247
1.0485
0.86855
1.1811
1.2287
1.7128
0.97762
1.336
0.81256
0.79791
0.88207
1.463
0.96509
1.1406
0.95779
0.93009
0.97026
0.92409
0.85312
0.9534
0.67396
1.11
0.95776
0.97172
0.69257
1.1405
0.95073
0.95883
0.90263
0.69023
0.81047
1.0904
1.2513
1.2594
1.332
0.75679
1.148
1.1383
0.98382
1.9562
0.83781
1.0201
1.5131
1.0979
1.2223
1.1553
1.144
0.80294
1.2285
1.3281
0.86498
0.76454
0.88521
1.3026
0.67905
0.78501
0.87994
1.4413
1.002
0.83525
0.84529
1.0374
1.1704
0.83342
0.79491
0.80928
0.97523
1.2799
0.78173
0.89592
0.78085
1.0171
1.3981
1.0107
0.78254
0.60085
1.0513
0.69488
1.1057
1.0173
1.0903
0.8245
0.92961
1.1081
1.1219
1.0353
0.93094
1.1192
1.0367
1.1051
1.5864
1.0948
0.93528
0.83536
1.8112
0.89937
1.0864
0.90171
0.94581
1.2115
1.2721
0.73999
0.8142
0.80861
1.2016
0.8239
0.99824
1.1349
1.0561
0.92726
0.91345
1.3767
1.3865
0.84118
1.1282
0.99121
1.0248
0.99594
0.81224
1.1055
0.77629
1.1029
0.78967
1.3303
1.0224
1.0341
0.90152
1.1136
0.98116
1.1116
1.0199
1.0921
0.88602
0.7506
0.85355
1.0052
1.1146
0.91431
0.66313
0.92149
1.1327
1.1218
0.97706
0.87973
1.0901
1.0169
0.74514
1.3433
1.2558
0.76255
1.1057
0.86857
0.93217
0.84866
0.74721
0.87562
0.92365
1.0171
0.93805
1.1201
0.95263
1.9646
0.86397
0.98767
1.0885
1.2902
0.72465
1.1541
1.5323
0.79444
0.88341
0.95992
0.89127
1.0559
0.89167
1.4812
0.65843
1.0816
0.97275
0.91422
1.0095
0.97701
0.90681
1.0395
1.0173
1.0512
1.0298
1.2755
0.97477
1.0698
1.1947
0.88208
1.0913
0.93216
0.65662
0.79562
1.0246
1.0496
0.83019
0.70562
0.96782
0.92202
1.0166
0.85156
0.78915
0.89585
0.8619
1.2266
1.0524
0.86864
0.93817
1.0035
0.86395
1.455
1.3522
1.0202
0.93341
1.0101
0.92954
1.3632
0.6038
0.59206
0.92203
0.82422
0.8181
0.64135
1.2265
0.9841
1.1293
1.0781
0.81329
0.91541
0.97573
1.2503
1.0212
1.1383
0.99148
0.90584
0.67841
0.75571
1.2228
1.163
0.79359
0.93625
0.98291
0.84205
1.1457
0.92369
1.159
0.96751
0.94305
0.61441
1.0549
1.2538
1.259
0.81521
0.8647
1.3113
0.69911
0.41192
0.92424
0.85799
0.99185
1.0796
0.89323
0.71276
0.83033
0.95477
1.0559
1.4541
1.2814
0.83708
0.75549
0.94226
0.92961
1.0592
1.2282
1.0803
1.1906
1.2216
0.82043
0.91475
0.88063
0.93643
1.0083
0.60469
1.1
1.0108
1.2442
1.1245
0.90946
1.0487
1.2297
1.339
1.0976
0.85828
1.1717
0.89442
0.74728
0.8451
0.97728
1.1703
0.79905
1.1282
0.91065
0.86367
1.0616
1.1176
0.96851
0.91225
0.97558
0.8463
1.0099
1.0353
1.2098
0.86903
1.0642
0.77044
0.88597
1.1379
1.4249
0.73063
0.78884
1.3095
0.68976
0.888
0.66679
1.4352
1.4773
1.0673
1.2077
1.2888
0.99502
0.93024
1.2025
1.5069
1.2419
0.80243
1.0992
0.99613
1.0736
1.0525
0.99549
1.2235
1.0576
0.71266
0.90368
1.2881
1.1616
0.91255
1.4122
1.432
0.8925
0.77835
0.56799
1.2147
1.187
1.1244
0.93713
1.1748
1.3764
1.1252
0.878
0.84453
1.169
0.90955
0.94151
1.0096
1.033
0.99028
0.90734
0.90839
1.4598
0.88953
1.0968
0.90521
1.1707
1.1465
1.0904
0.85504
0.90507
0.82847
1.1757
0.95945
0.7699
1.2855
1.2227
1.4344
0.91072
0.98414
0.98538
0.9241
1.0919
1.1125
1.0419
0.89604
0.96969
0.70678
0.99114
1.1728
1.0674
1.4884
0.99507
0.93311
0.79521
0.85828
0.74515
0.77091
1.0074
1.0491
0.96007
1.3709
1.0437
1.0923
0.9474
1.0975
0.74174
1.2397
1.0104
1.1976
1.4119
1.0792
0.91059
1.1648
0.93317
1.0567
0.7905
0.94231
0.86164
0.99783
0.88799
1.2145
1.1822
0.69968
0.85646
1.0502
1.208
0.94771
1.0828
1.1772
0.83286
1.0877
0.93295
0.81325
1.4593
0.98345
1.0512
0.98928
1.2458
0.90327
1.3067
0.98565
0.90437
0.95554
0.63621
0.89326
0.83148
0.84376
0.9546
1.2525
0.93814
1.5156
0.8504
0.92879
1.0719
0.9927
1.2145
1.0502
0.96576
0.89764
1.1466
0.96821
0.78242
1.0899
0.93801
1.2727
1.1097
1.1841
1.6823
1.0081
0.80824
0.94885
1.2302
1.3242
1.0211
1.1309
1.2159
0.65611
1.1016
0.7177
1.3342
0.89461
0.77908
0.83011
0.98451
1.1413
1.0531
0.90516
1.0324
0.77312
1.322
1.0562
0.91484
1.4044
1.0114
1.0691
1.3284
1.3173
0.89509
0.91017
0.83319
1.0922
1.607
1.1236
0.78313
0.91878
0.94217
1.4986
0.69521
1.0538
0.85985
0.92857
0.92721
0.80006
1.3731
1.1447
0.84893
0.81498
1.0645
0.99929
0.61326
1.1841
1.0907
0.94367
0.89048
0.78913
1.068
0.72251
0.95698
1.0228
0.99355
1.2554
0.74394
0.75772
0.81411
0.77878
1.2627
1.1222
0.85099
1.0689
0.8331
0.66551
1.2289
0.75463
0.84865
0.70969
1.0691
0.94906
0.76695
0.8377
0.98095
1.1428
1.1412
0.95313
1.0133
0.96562
1.1022
1.1197
1.3228
0.86319
0.53012
1.1819
0.87458
1.1783
0.72746
1.0964
0.83796
0.94321
0.87662
1.1038
0.97362
1.3971
0.96416
0.88301
0.95018
0.90042
0.78303
1.1213
1.0448
1.2177
1.457
0.95901
1.0612
0.72793
0.74267
1.1172
1.3445
0.76229
1.2422
0.97846
0.87967
1.0395
0.87078
0.91407
0.99814
1.2461
1.4901
0.94593
0.92323
1.0664
1.1766
1.0546
1.094
0.89578
1.0008
0.90954
0.91723
1.1373
0.87604
0.9667
1.0924
0.74201
0.6715
1.4453
1.091
0.71216
0.91156
0.95318
0.88789
0.93414
0.76188
1.0831
1.3914
1.2632
1.1554
0.9632
1.4013
0.76984
0.92389
1.0765
1.0863
1.3594
1.0849
1.1201
0.56114
0.93754
1.2202
0.79034
1.4456
1.1227
0.74899
1.3001
1.6446
1.0112
0.81736
1.2772
0.95834
0.79167
1.2653
0.95148
1.2881
0.93459
0.88542
0.86456
1.0794
0.86243
0.71073
0.77939
0.80574
1.1084
1.1139
1.0266
0.73144
1.262
0.99136
1.4612
1.1504
0.94568
1.226
1.0591
0.68317
0.76158
0.86953
1.1253
0.81391
1.1737
1.0815
1.4005
1.3002
0.95774
0.69713
0.99653
0.93951
1.3094
0.83426
1.2529
1.0785
1.3985
1.0091
1.0538
1.0744
0.83497
0.70771
1.2579
0.77064
0.82071
0.8191
0.94188
1.2822
1.005
1.184
1.3116
1.054
1.0119
1.1488
1.2213
1.359
1.3283
0.95705
0.74308
1.2075
0.69675
1.1069
1.5939
1.0217
1.2531
0.7761
0.55431
0.85631
0.98436
0.78742
0.88683
1.3377
1.1397
1.0366
0.88311
0.9061
1.148
1.3749
0.92734
0.95469
1.2839
0.88075
1.212
0.75113
0.9728
1.1546
0.90586
0.89603
0.92161
0.87076
1.0817
1.0003
1.4289
0.77186
0.95405
0.84547
0.80522
1.3766
1.0619
1.0237
1.0871
1.3624
1.1636
0.93108
1.117
0.86
0.94638
1.1943
1.1769
1.0615
1.0713
0.87367
1.0035
0.92881
0.97
1.2175
1.2392
0.91387
1.0932
0.99667
0.84483
0.69666
1.219
1.203
0.81763
1.048
1.4575
1.0126
1.5219
0.97411
1.1845
0.6647
0.9288
0.77801
0.89433
0.96663
1.5045
0.85882
1.2455
1.0775
0.80948
0.91092
1.2218
1.0122
1.1701
0.77871
1.057
1.1551
1.0028
0.91817
0.94489
1.058
1.2578
1.4216
1.2057
1.2266
1.1059
0.77089
1.0651
1.3777
1.2146
1.1897
0.89064
0.94591
1.1093
1.2956
0.84482
0.97922
1.2254
1.0631
0.72097
1.3984
1.1745
0.80873
1.1964
1.0061
1.2613
1.2442
1.2977
1.0482
1.3046
0.8299
0.70512
0.91861
0.85885
1.258
0.9014
1.0837
0.89995
1.1669
0.95397
0.99679
0.84417
0.86282
0.94584
0.97524
1.068
1.1224
1.3692
0.67122
0.65532
1.2789
0.87402
1.0096
1.0937
1.0137
0.94185
0.77894
0.86602
1.2323
1.0554
1.2053
1.3903
0.90898
0.88541
1.1352
1.1317
1.1523
1.1705
0.85481
0.92991
0.8317
0.92572
0.70316
0.85751
0.64572
1.3484
1.0318
0.72394
0.92374
0.92138
0.81824
0.91139
1.1166
1.0151
0.93644
0.87205
1.1423
1.1481
0.95847
1.0683
1.2789
0.84236
0.80648
0.63953
1.1367
1.0984
1.2011
1.1117
1.1301
1.09
1.0014
1.1292
0.96091
0.96806
1.1823
0.7804
0.70783
0.85122
1.2102
1.0229
1.1008
0.87216
1.0623
0.94313
0.93546
0.90251
1.2546
1.0751
1.0925
0.73654
0.8275
0.83976
0.77237
0.9365
0.80525
1.1034
0.80165
1.0224
1.0868
0.86041
1.0061
1.1428
1.1556
1.0349
1.1354
1.0793
1.0907
0.78747
1.11
1.0206
1.0898
1.1209
0.62468
0.91205
0.86013
1.0906
1.277
1.0156
1.2842
1.1632
1.3521
0.96494
0.87892
0.854
0.75802
0.93807
0.73299
1.5615
0.86933
0.88499
0.68164
0.75714
1.0067
0.95756
1.2474
0.91023
1.1798
1.0597
1.1894
1.0941
0.6484
1.3918
0.8819
1.2192
0.9027
0.96024
1.1234
1.1812
0.99485
0.73889
1.5192
0.87201
0.89601
1.0616
1.0381
0.7523
0.89076
0.85355
0.8336
0.85071
1.0609
1.2449
1.1611
0.83252
1.0823
1.1196
0.96691
1.0322
1.2616
1.4591
1.4559
1.1788
1.0042
1.1606
1.3574
1.359
0.7626
1.3467
0.87318
0.98457
0.84689
0.84251
1.0649
1.0601
1.4225
1.5329
0.92272
1.2119
0.93366
0.69561
0.90546
0.77876
1.0144
0.7787
0.76238
0.8091
1.2746
1.4156
1.3359
1.1167
0.94937
0.80723
0.76369
0.86887
0.91451
1.0494
0.79061
0.87057
0.77479
0.8025
0.77171
0.95794
0.90213
1.9846
1.3713
0.88967
0.81407
0.91687
1.0419
1.0364
1.1138
0.71387
1.0241
1.2557
1.1522
1.0169
1.0955
0.98814
1.193
1.133
0.99384
0.82795
0.973
1.1189
0.9536
0.8588
0.93085
1.0344
0.71249
1.1202
1.3031
1.138
0.87719
1.3127
0.86784
0.70466
0.90331
1.0033
1.1838
0.98273
1.3416
1.1526
0.80462
0.58027
1.1808
1.0251
0.9957
1.0396
0.79869
0.90546
1.1249
0.83873
0.91475
0.86535
1.0551
1.0337
0.73519
0.83209
1.1277
0.64674
0.76376
1.1464
0.80783
1.3087
0.73809
0.94634
1.1849
0.84073
1.0293
1.0228
0.98086
1.3107
0.916
0.90266
0.76438
0.93216
0.95054
1.0194
0.77302
1.1428
0.73473
1.2118
0.85324
1.0647
0.94635
0.83539
1.1303
1.0913
0.79381
1.0355
0.75832
1.1158
0.90186
0.9065
1.0652
0.96787
1.1926
0.88208
1.0424
1.3036
0.7731
0.91918
1.3759
1.133
1.0783
0.85492
0.93704
0.63575
0.81875
0.75627
1.2043
0.75476
0.89034
0.80124
1.1733
1.2135
0.90007
1.3117
1.0253
0.89695
1.3413
0.82659
0.83837
0.85085
1.0418
0.91773
1.1626
1.027
0.76483
1.061
0.6391
0.74569
0.90521
0.82954
0.64886
0.70333
1.0747
0.93589
0.84394
0.93777
1.1646
1.3944
1.1259
1.3974
0.63771
1.2135
1.0853
1.1644
0.90888
0.80785
1.0903
0.94198
0.82586
1.2342
1.0791
1.0635
0.96784
0.94124
1.1216
0.86526
1.2218
0.77252
0.84028
1.5591
1.1692
1.0686
0.84473
0.88391
0.77949
1.1044
1.2335
1.1668
1.0442
1.3196
0.88996
1.0519
1.0589
1.032
0.99794
1.043
0.80818
1.3155
1.0081
0.96981
1.002
1.0636
0.75431
0.85049
1.3536
0.90834
1.0498
1.0606
1.1547
0.99588
1.1862
0.89795
1.2817
0.92694
1.0585
0.86614
1.008
0.78726
1.3343
0.94479
0.56891
0.95387
0.76414
0.77954
0.89606
0.69397
0.98062
0.87837
0.51986
1.1421
1.0502
0.69706
0.66094
0.86381
0.89387
1.5378
1.0488
0.84559
0.85604
1.284
0.79738
1.2257
1.0323
1.1696
0.79716
0.89946
0.97733
1.0671
0.86691
0.63559
1.2381
0.85777
1.0983
0.75018
0.83365
0.85286
1.4969
1.0626
0.87122
1.4572
0.83969
1.1317
0.7177
0.84942
1.1345
0.6301
1.3478
1.0787
1.4217
0.85353
0.96807
0.84456
0.91991
0.84608
0.79803
0.82079
0.79169
0.86456
0.63654
0.7903
0.43529
0.88731
0.8172
1.2098
1.1777
0.98206
1.0902
0.96493
1.1887
0.88743
1.3052
0.81488
1.4408
1.1147
1.2043
1.39
1.0855
0.73645
1.1457
0.82616
0.76729
1.1586
0.82706
1.1029
0.99868
1.0959
0.83395
0.74173
1.4102
1.0608
0.72532
1.0453
1.0615
0.9302
0.94441
0.95065
0.99305
0.78344
0.71213
1.2632
0.97698
1.1409
0.75322
0.79489
0.88814
0.83177
1.0949
1.002
1.0696
1.1537
1.0847
0.91742
1.2217
0.856
1.4352
0.72997
0.94078
0.89431
0.90766
1.0388
0.84733
1.5093
1.0984
1.3542
0.89675
0.84449
0.97228
0.96215
1.2132
1.1778
1.2118
1.0353
1.0309
1.0491
0.92748
0.76505
0.94709
0.76997
0.9277
0.87423
1.0824
1.0285
1.0783
1.0199
0.84708
1.0918
0.98402
0.96964
0.7758
1.0321
1.2189
0.87914
0.93135
0.82288
0.72274
1.2225
1.0416
0.84636
1.3869
0.60998
1.4322
0.92467
0.83573
0.83963
0.95651
0.95582
0.98709
0.98422
0.75174
0.88479
1.2892
1.0698
0.85611
1.0051
0.64812
1.2102
1.312
1.0007
0.63777
1.1047
1.1183
0.93386
0.93022
0.76729
1.0358
0.91631
0.97593
0.84058
1.006
0.63373
0.97664
0.78634
0.82815
0.72503
0.85803
0.94596
1.0437
1.027
1.501
0.84434
0.61641
1.0667
1.0913
1.1087
0.9339
0.94969
1.1771
1.1629
0.94719
1.1158
1.0839
0.86374
0.81061
1.1251
0.75301
1.1119
0.94995
1.0454
0.90977
1.1414
1.0363
0.8207
1.109
0.76706
1.0223
0.6455
0.84511
1.2875
0.70608
1.3018
0.88926
0.88236
1.2515
1.5659
0.68139
0.88567
0.96298
0.93132
1.1886
0.90516
0.68521
1.0995
0.99066
0.84456
0.77333
1.113
1.1365
1.1007
0.49247
1.1364
0.81161
0.63855
1.0825
0.89835
0.90443
0.79222
0.87224
1.0938
1.0882
1.2697
1.3162
1.0667
0.92786
0.97542
0.82203
0.71962
0.99427
0.93153
1.0066
0.80306
0.97195
0.7817
0.9595
0.83622
0.93945
0.81779
1.177
0.90713
0.71738
1.1727
1.1974
1.1526
0.9418
1.1248
1.18
0.9769
1.1853
0.90692
1.0508
0.82729
0.81245
1.214
1.0916
0.84693
0.783
0.96436
1.055
1.5136
0.61678
0.98784
1.0579
1.1009
1.1488
0.76891
1.2157
0.85936
0.81292
1.0162
1.2789
0.92193
1.1259
1.1361
1.1741
0.83102
1.1409
1.0936
1.2749
0.96303
0.86887
1.0017
0.9878
0.82009
1.2287
1.1953
0.6921
0.89087
1.2699
1.1138
1.1053
0.77592
0.67469
1.0816
0.94247
1.1069
1.1602
0.85638
0.85675
0.8469
0.97026
0.95262
0.99522
0.97349
0.91869
1.2291
0.81364
0.61959
1.1016
0.75744
0.88214
0.84988
0.83627
0.9548
1.2632
0.77261
0.95468
0.9514
0.85075
1.0102
0.86709
0.93332
1.288
1.1815
0.86285
0.94753
0.71457
0.95927
1.0998
0.71526
1.0135
0.71571
0.88835
1.0956
1.0154
1.0553
0.83777
0.98794
0.91677
0.98157
1.0106
1.3995
0.85273
1.2493
1.3336
0.75424
1.1666
1.0865
0.99888
0.88735
0.89133
0.86188
1.326
0.86058
1.0572
1.0608
1.4796
1.1211
1.0432
1.1763
0.86797
1.0001
0.87919
0.71487
1.2062
0.93313
1.1061
0.91088
0.87682
0.74386
0.56687
0.96848
1.0433
0.94739
1.0544
0.99086
0.89302
1.0971
0.67827
1.2312
1.3827
0.94816
1.05
1.239
1.1736
1.3008
0.80559
0.8675
1.1915
0.98876
0.95209
1.0014
0.9365
1.5612
0.94194
0.83676
0.73969
0.98913
1.2522
1.071
0.87946
1.0782
0.83911
1.6403
1.0392
1.0372
0.78185
1.1611
0.92511
1.1392
1.1646
0.8357
0.74549
1.1792
1.0583
0.90335
1.0626
1.1424
0.71986
0.79741
0.9146
1.4268
0.82413
1.088
1.2777
0.79837
0.83918
1.3591
0.73439
0.95549
0.77754
0.81315
1.2193
0.741
0.84736
0.87614
1.2809
0.81563
0.87357
1.131
0.71618
1.0491
1.1455
0.76035
0.82251
1.2106
0.93561
1.1366
0.87352
1.1691
1.0718
0.75513
0.88427
0.69564
0.97268
1.2138
0.98751
0.95999
0.98775
1.1976
0.97054
0.89669
1.2159
0.64308
1.0144
1.1417
1.0412
1.001
0.95182
0.85945
0.68372
1.158
0.85439
1.2948
0.97319
1.182
1.2912
0.85691
0.72415
0.87391
0.92813
0.99236
0.71038
0.82906
0.75592
0.68437
0.8441
0.68882
0.70359
0.94641
1.283
0.96614
0.98238
1.381
1.0586
1.0351
0.72127
0.77578
1.0381
0.53581
0.82247
0.90581
1.1236
0.77084
1.23
0.965
0.64478
0.98566
1.1461
0.83032
0.80132
0.91194
1.1116
1.0292
0.64194
1.1412
0.86308
0.64846
0.96147
1.1709
0.83527
0.89445
1.2771
0.4988
0.98821
0.98745
1.1356
0.90231
1.1551
1.1606
1.3606
1.0484
0.85133
1.2502
0.9768
0.86177
0.67646
0.79524
1.2557
0.92099
1.0599
1.1315
1.0628
1.0564
0.85317
0.86892
1.1454
0.93765
0.83227
0.81552
0.79155
0.71156
0.90301
1.1081
0.93181
1.1691
1.291
0.81087
1.0818
1.2049
1.0764
0.8969
0.91571
1.2813
0.87893
1.1452
1.561
1.0227
0.84786
1.0252
1.0675
0.87277
1.0329
0.851
1.2305
0.72623
1.1388
0.8568
0.82995
0.84645
0.59304
1.0578
1.0193
0.75956
0.745
1.0269
1.0474
0.67484
0.95198
1.1802
1.3549
0.68692
0.99107
1.2682
0.96043
0.90987
1.271
0.96962
1.2458
0.80314
1.5141
1.0506
1.1052
1.3046
0.86535
0.82529
1.1123
1.2486
1.1449
1.1052
0.70823
1.1534
0.79741
0.73861
0.73489
0.78495
1.2089
0.94537
0.91814
0.82345
0.90899
1.2298
1.2171
1.1364
0.92567
1.0558
0.61336
0.99388
1.1937
1.1746
1.0411
0.81126
0.98881
0.60592
1.2927
1.1059
0.85304
1.299
1.251
0.70355
1.0581
1.0321
0.68845
1.1822
1.2647
0.6405
1.164
0.87072
1
0.9591
0.78719
1.2656
1.0599
1.0027
1.0038
1.0537
0.98826
1.0476
1.0346
1.0984
1.0702
0.89554
0.74952
1.1092
1.2678
0.93031
0.9524
1.2981
1.1767
0.87367
0.63439
1.0598
0.76524
1.1675
1.1194
0.93038
1.0323
0.94146
0.84748
1.2705
1.0021
0.96839
0.99983
0.85059
0.74388
0.85834
1.0157
0.92018
1.702
1.7075
0.81561
0.64539
1.1946
1.2937
0.73382
0.88358
0.7568
0.80801
0.89109
0.72175
1.1631
0.86718
0.97286
0.81589
0.61721
0.84635
0.87466
0.7898
1.547
1.0257
1.1938
0.61469
0.76467
0.73425
1.0922
1.123
0.83221
1.0718
0.84149
0.95431
0.74743
1.2459
1.339
1.2973
1.2782
1.1326
1.1894
0.93125
1.0891
0.70356
1.1164
0.81023
1.0617
1.3407
0.79304
0.74745
0.99182
0.97304
0.77315
1.0966
0.99735
0.97335
0.80879
1.3145
1.0831
0.83415
1.1818
0.59201
0.979
1.3976
1.3005
0.88361
1.3077
0.844
0.92419
1.0277
0.84952
0.82458
0.88523
0.86713
0.85463
1.0143
0.87066
1.001
0.92281
0.89785
1.3013
0.67516
1.1652
0.91182
1.1112
1.2704
1.0597
0.70226
1.047
1.3445
1.0428
0.80296
0.736
0.75706
1.0096
0.70962
0.81605
1.1004
0.9738
0.82853
0.96211
1.2972
1.3202
0.80724
0.92412
1.0057
0.99332
1.0103
1.3007
0.85493
1.396
0.86966
1.0185
1.0492
0.89516
0.85544
1.3091
0.97248
1.2188
1.1679
0.68471
1.0776
1.0295
0.94369
1.2914
0.91099
1.1448
1.08
0.76925
0.79191
1.059
1.2424
1.0054
0.96752
1.0639
0.77552
0.94938
1.4757
0.93641
1.2713
0.98
0.94549
0.82326
1.1259
1.0686
1.1077
1.0332
1.133
1.1356
0.87879
0.90245
0.70775
0.90219
0.80663
1.0194
1.2145
0.70675
0.7574
1.0036
0.91875
1.0725
0.82549
0.98464
0.89674
0.9563
0.76794
1.3317
0.72046
0.93074
0.87191
1.0931
1.0392
0.69911
0.94763
1.0877
0.82458
0.53567
1.35
0.93665
0.92058
0.97934
0.97775
0.86019
1.035
0.72928
1.0415
1.1596
0.76048
0.91056
0.77954
0.79022
0.70057
0.90934
1.0461
0.7686
0.81534
0.87167
1.0132
1.0683
1.019
0.9138
1.136
0.77483
0.88358
1.2239
0.88344
0.77514
0.75139
0.8044
0.99745
1.4527
0.92337
0.86079
0.84988
0.84035
0.61085
1.0777
0.85389
1.1803
1.1563
1.1892
0.83574
0.95153
1.1537
1.2908
1.0916
0.8753
0.72775
0.72864
0.75438
0.89819
1.0808
0.79687
0.74104
0.87603
0.82417
1.8086
1.258
0.72405
1.1877
1.0523
1.0422
0.9298
0.60613
0.95435
0.83293
1.293
1.1647
0.95164
0.81329
1.0479
0.90764
1.5049
0.79105
0.67906
1.4965
1.044
0.7128
1.0482
1.1071
0.96494
0.94888
1.0611
0.84772
0.91051
1.1345
1.0005
0.87493
0.84947
1.0302
1.0765
0.91704
0.85903
1.0405
0.81319
0.94994
1.1354
0.89652
0.85515
1.0537
0.6708
1.2309
1.2278
0.94222
0.82557
0.88306
1.3163
0.69202
1.2213
0.89065
0.73813
1.0997
1.0919
0.96305
1.0332
1.1382
1.1188
1.6384
0.68786
1.0747
0.76644
1.3594
1.0508
0.69753
1.0123
1.1119
1.1193
0.7899
0.869
0.96514
1.0304
1.0712
0.86567
0.88136
0.92577
1.0897
1.103
1.4387
0.8868
1.0614
0.89976
0.68008
0.93605
0.86317
1.6891
0.92574
0.87806
0.95524
0.89618
0.80656
1.1248
1.1664
0.75524
0.84778
1.2153
1.1057
0.79653
1.1138
1.3604
0.99116
0.8563
0.88751
1.1342
1.0352
0.77186
0.84489
0.73748
0.65876
0.73318
0.91744
0.80756
1.0227
0.97838
0.90982
1.4974
1.1468
0.7921
0.72483
0.77101
0.79584
1.1258
0.81382
0.91377
1.2739
0.7307
1.3167
0.94052
2.1079
0.81843
0.73325
1.0387
1.0871
1.0618
0.81636
0.85324
0.88443
1.1357
1.0059
0.83099
0.76491
0.81477
0.75925
0.88648
0.93796
1.0556
0.97831
0.91167
0.95149
1.072
1.0989
1.1137
0.88164
0.87642
1.3302
1.2853
0.68466
0.71876
1.276
0.82132
1.164
1.3882
1.118
0.9908
0.90458
0.89944
0.95911
0.79662
0.72217
0.7769
1.1989
1.1292
1.0229
1.3126
0.88975
1.2272
1.139
1.2877
0.74559
1.0866
1.0391
1.2442
1.1921
0.97382
1.1339
0.88113
0.92626
1.177
1.2607
1.1883
0.83008
1.6086
0.66457
0.95738
0.77759
0.7783
1.0604
0.77468
0.96648
1.0778
1.0771
0.84876
1.2336
1.0837
1.1715
0.98308
1.1875
1.0423
1.0963
1.3325
0.73068
1.0138
0.78735
1.2059
0.9592
1.0832
0.85217
1.1639
0.77141
0.95568
0.78549
1.2501
0.83335
0.84544
0.90636
0.8583
1.2505
0.72091
1.1987
0.86431
1.2016
0.74032
1.2412
0.99781
1.0632
1.2779
1.0367
0.96033
0.82735
0.98658
0.86963
1.1753
1.247
0.96356
0.92509
0.89073
0.87776
0.74619
1.1452
0.77654
1.0371
0.8634
0.85885
1.3323
1.238
1.1017
0.95403
0.52665
0.75059
1.3264
0.98358
0.95543
0.89804
0.97795
1.0988
1.1548
1.1269
1.1374
1.5622
0.71353
0.71338
1.1333
1.1587
0.9949
1.1439
0.7606
0.98497
0.94619
0.7206
1.2534
0.86636
1.024
1.1432
0.89552
1.075
0.8336
1.2393
0.88845
0.81979
0.95127
1.0923
0.86614
0.97235
0.73044
0.91237
1.0249
1.0066
0.75978
0.89532
1.099
1.1668
1.3993
1.2022
1.1338
1.0017
0.90564
1.1805
1.1207
1.0741
0.9788
1.0444
0.78161
1.1333
0.83983
0.74035
0.83424
0.92102
1.1295
1.0211
1.1301
0.85644
1.1
1.2183
0.80952
1.3597
1.1454
0.82535
1.199
0.71144
1.2748
0.8193
0.88941
0.85582
1.0226
0.79341
1.2162
0.81641
1.2788
1.2232
1.4237
0.87504
1.1079
1.0023
1.032
0.96865
1.1604
1.4438
0.84699
1.2452
0.80665
1.1442
0.93472
1.0788
0.63604
0.90369
1.1354
0.87385
0.72746
1.2609
1.0355
1.0427
1.3258
1.1927
0.95121
1.0009
1.3591
1.0682
0.75525
0.91266
1.1938
0.80567
1.1402
0.74076
1.2242
1.6783
1.0575
1.3519
1.2498
1.2542
0.99681
1.1132
1.3181
0.76737
0.77674
0.84774
0.84411
0.94469
0.87885
1.1808
1.1014
1.0314
0.82755
0.6846
0.99188
0.74029
0.98719
0.79499
0.78827
1.0251
1.23
0.82212
0.80628
1.0358
1.0113
1.0236
0.84884
1.0622
0.94676
0.77339
0.9604
1.1492
0.94338
0.9126
0.79623
1.3526
1.4144
0.96767
0.63948
1.1071
0.97415
0.90627
1.0839
0.90641
1.2361
1.0866
0.92173
0.69194
1.151
1.0029
0.63342
0.90987
1.6611
0.73398
1.0953
0.9515
1.0772
1.1623
0.61663
1.3661
0.97688
0.81022
0.69143
1.101
1.0382
0.85068
0.9788
1.081
0.9578
1.1496
1.1306
1.0953
1.1364
0.82177
1.3351
0.94801
0.73119
1.2298
1.1706
0.97826
1.0368
0.9055
0.99953
0.88082
0.92034
1.0118
1.1275
1.0206
0.92688
0.74595
1.1143
1.1847
1.25
0.93238
1.1431
0.97747
1.2865
0.92617
0.88132
1.1356
1.1863
0.91526
0.8027
1.5356
1.0572
1.3531
1.0623
0.80358
0.87606
0.91982
1.263
1.2276
0.78375
0.87818
1.0408
1.3269
0.7839
1.1737
0.80473
0.80636
0.91712
1.3194
0.94253
0.87818
0.92188
0.74942
1.0723
0.94576
0.57308
0.96275
0.92074
0.72196
0.67155
0.63402
1.1694
1.5654
1.1178
0.9408
0.98768
0.94012
1.0823
1.1945
0.78453
0.85073
1.298
0.60059
0.77703
1.1041
1.0067
0.80778
0.87733
0.77648
0.92324
1.1141
0.74187
1.4918
0.98738
1.094
1.0211
1.0118
0.88776
0.96153
0.83189
1.0818
0.91163
1.1912
0.94395
0.89916
1.0968
1.2438
0.77253
1.3046
0.80383
0.62803
1.2352
0.80745
1.2835
0.7866
1.2065
1.1772
1.0736
0.88849
1.25
1.1683
0.85922
0.96377
1.0399
0.73562
0.87288
0.9794
1.0196
0.98946
0.75668
0.76498
0.65536
1.0142
1.0945
0.85478
1.141
1.0227
0.95946
0.79423
1.1299
0.98782
1.0191
0.79206
1.0996
0.85298
1.0758
0.97357
0.87853
0.89065
1.0865
1.2709
0.72347
1.144
0.72217
0.98257
1.0462
0.84732
0.86934
0.98929
1.0143
1.6039
1.1377
1.1959
1.0241
1.1076
1.3891
1.2127
1.1035
1.303
0.70639
0.83274
1.1436
1.0076
1.1605
0.94408
1.0069
1.0591
0.9188
1.3822
1.338
1.1564
1.5336
1.1928
0.83234
1.0025
0.99338
1.3534
0.78718
1.3471
0.90069
1.2557
1.095
0.85117
1.3206
0.82255
0.7455
0.76502
1.0164
0.93111
0.87699
0.66209
0.92488
0.98916
0.84563
1.0874
1.0643
0.78856
0.85515
0.69756
1.1732
1.2006
1.1957
0.95947
0.80918
0.87836
1.1024
0.87867
0.92303
1.0471
0.98341
0.85198
0.67492
0.99705
0.9424
0.98062
1.1709
0.89137
1.3692
1.1275
1.0414
1.0514
1.1256
0.94561
0.91781
1.3071
1.2156
1.2303
0.93861
1.0411
0.91904
0.90235
0.70938
1.229
1.5272
1.1235
0.98582
0.95507
0.82858
0.81186
1.0709
0.9131
0.83786
0.94773
1.0525
0.58066
0.91452
1.2909
0.83427
1.423
1.5054
1.123
1.2422
1.1553
1.2022
1.0533
1.4684
0.84176
0.84611
1.0607
1.1816
0.98118
1.3991
1.111
1.2437
0.83211
0.97368
1.0735
1.2324
0.70165
0.84587
0.78571
1.3412
1.1678
0.86287
1.0967
0.90551
1.1994
1.0479
1.0062
0.73316
1.1644
0.76117
0.94132
1.0235
0.96199
1.3769
1.0151
1.0653
0.78066
1.1979
0.74492
0.99732
1.0052
1.3007
1.1827
1.1487
1.4501
1.1997
0.96642
1.0924
1.241
1.2742
0.84268
1.0352
0.93004
1.0591
0.87886
1.0047
1.2573
1.0495
1.3061
0.99783
1.4701
0.88646
1.2965
0.95581
1.0917
1.2593
0.91801
1.0908
1.1204
1.2748
1.1681
1.1924
0.82659
1.1394
0.67914
1.0276
0.96787
0.98218
0.91555
0.68438
0.94287
1.1282
1.3573
0.98079
0.91194
0.77871
0.80864
1.0433
1.2819
0.66342
0.96948
1.0757
0.86629
0.60817
0.82706
1.2802
0.98469
1.1055
1.3605
1.3036
1.0659
0.87755
0.83094
0.95256
1.0876
1.0711
1.2559
0.54039
0.79168
1.0963
1.0565
0.99069
0.88118
1.0657
1.0981
1.0102
0.97267
1.0265
1.1895
0.84332
0.67454
1.0765
0.88933
1.097
1.058
0.90233
1.0857
1.1186
0.79972
0.9704
0.98135
1.0267
0.89274
1.3865
1.0874
0.63969
0.78903
1.0159
1.2386
1.2075
0.79013
1.2898
0.85068
0.98203
0.82849
0.89161
0.96404
1.1798
0.80061
1.2782
1.1989
0.80473
1.2112
1.1425
1.3009
0.75423
1.7627
1.1196
0.96423
0.63539
0.98966
0.85435
0.97527
0.79957
1.4145
0.83063
1.0082
0.99933
1.4087
0.84125
1.2824
1.1607
0.79312
1.2669
1.2381
0.72884
1.3172
0.82932
0.80015
1.1222
1.1774
0.99961
1.0245
0.94075
1.3824
0.95754
0.70875
0.88027
0.78537
0.98685
1.0195
1.3307
1.0829
1.355
0.86038
0.95082
0.93537
0.97816
0.85033
0.68015
0.8833
1.2533
1.2133
0.75859
0.86389
1.1875
0.91346
0.97824
1.0776
0.91691
0.94351
1.0103
0.91738
0.93812
1.1556
1.0629
1.0242
0.99554
1.3744
1.1306
1.0594
0.92422
1.2161
0.77768
1.3043
0.99778
0.95025
0.56923
1.0345
1.1667
1.0024
0.85266
0.89927
1.1107
0.7796
0.93889
1.3062
1.1449
1.12
0.9753
0.88233
0.9465
1.4025
0.9651
0.86589
0.79365
0.89323
1.041
0.96327
1.0893
0.75269
0.67321
1.0917
0.7825
1.3034
0.62647
0.86833
0.86473
0.88733
0.95008
0.96252
1.0916
1.1445
1.2199
1.0959
1.054
1.1085
1.5383
1.2827
0.68179
1.1897
1.0572
1.1555
0.9256
1.0687
0.79547
0.67751
1.0046
0.81207
1.0323
1.0921
0.80166
0.8269
1.0693
1.1087
0.73146
0.96449
0.88724
0.7292
0.81136
1.0049
0.96252
0.88703
1.2302
1.1892
1.0448
0.95799
0.75548
1.2852
1.2788
1.066
1.1655
1.0706
0.77146
0.90205
0.78112
0.99998
0.84724
0.6942
1.312
0.75765
1.4234
0.80119
1.3705
1.3351
0.84641
1.0083
0.80752
1.7057
1.3129
0.84117
0.60891
1.0418
0.79904
1.0398
0.71381
0.90235
0.89452
1.4402
1.2384
0.74361
0.6915
0.88824
1.1687
1.1688
0.85872
1.0216
1.4882
1.0156
0.88319
0.79455
0.66188
0.94591
0.9661
0.85773
1.046
0.94669
1.3401
0.99251
0.67167
0.77683
1.1525
0.84726
1.538
1.3395
0.96908
1.0732
0.91886
1.1275
1.1426
0.97901
1.0081
1.0913
1.4372
1.0271
1.0461
1.4638
0.86793
0.90842
0.87541
0.69482
1.1886
0.89238
0.88681
0.73285
1.3392
1.0789
0.93593
0.97322
1.3908
1.2066
1.089
0.82194
1.132
0.87605
1.185
0.70793
1.3554
0.67188
0.99629
1.1072
0.70891
1.0769
0.90785
0.91827
0.84962
0.99876
0.97275
1.1219
0.82745
1.3421
1.2737
0.89345
0.82668
1.0838
0.99021
0.83674
1.074
1.0025
0.80799
1.0877
1.3554
0.69246
1.0804
1.5679
0.70977
0.92252
1.4877
0.73631
0.85331
1.201
0.82397
0.80756
1.1243
0.61705
0.88863
1.1623
1.0551
0.6336
1.1303
1.1932
0.83956
0.90991
0.72516
1.1174
0.89742
1.0965
1.1575
0.93159
1.2252
1.0373
1.0152
0.62749
0.83285
1.4079
0.68522
1.2291
0.97635
1.0119
0.68357
1.0683
1.3788
1.1004
0.93371
1.7285
0.9529
1.0374
0.98647
1.1086
1.4269
0.82055
0.89447
1.2201
1.1546
0.63955
1.0981
1.8997
0.93258
0.9885
0.8149
1.0438
1.15
0.68343
1.3275
1.3356
0.86163
1.4468
1.1477
1.2629
0.82469
0.94554
1.0139
1.0578
0.82728
0.96523
1.3569
0.96207
1.1241
0.66843
1.0679
0.95138
0.82274
0.86315
0.99813
1.3115
0.74689
1.4476
1.0277
0.90364
1.023
1.0055
1.0351
1.1998
0.84954
1.0307
0.65242
1.0735
0.8608
0.89626
0.81855
1.009
1.0163
0.97212
0.86684
1.0902
0.90819
1.0134
1.1919
0.5604
0.80999
1.0465
0.93058
1.0164
0.81387
0.93711
1.271
1.1352
0.97656
1.057
0.96054
0.79484
0.94537
1.0834
0.98806
1.2851
1.3014
0.65923
1.1575
0.62867
1.4273
1.3883
0.8799
1.109
0.71451
1.0588
0.747
0.91394
0.83432
1.3222
0.99292
0.95698
1.0905
0.82779
1.003
1.2843
0.59474
1.1894
0.98183
0.85197
1.713
1.0425
0.74517
0.85133
0.90011
1.0291
0.86247
0.76427
1.1223
1.0335
1.3319
0.89211
0.7714
1.0356
1.2395
0.98909
0.95381
1.1608
0.93907
0.7399
0.90881
1.0722
0.80893
0.77748
1.1293
0.96083
0.92852
0.88546
1.0142
1.3981
1.0299
1.2929
1.0048
0.999
1.2199
0.88321
0.76326
1.4745
1.0051
0.81626
0.82571
1.1198
0.97472
1.0142
1.2724
1.1181
0.89856
1.5217
1.147
0.65299
1.29
0.89372
1.049
0.85152
0.91144
1.1472
0.77834
0.96163
0.95842
1.0798
0.81942
1.0199
1.2421
0.88114
1.0178
1.2016
1.1404
1.4037
0.95608
0.4847
0.77896
1.14
0.80502
0.7418
0.77704
1.0038
1.2841
0.90988
1.2354
1.4517
1.0713
0.76624
1.1528
1.043
1.1997
0.90204
0.82035
0.7319
0.93915
1.0769
1.1398
1.0597
1.3728
1.0988
0.72004
0.76286
1.1323
0.83931
0.92867
1.0977
0.85398
0.95491
0.69972
0.63193
0.78162
1.008
1.1697
1.0843
0.773
0.89367
0.94564
0.84165
0.64037
1.0683
1.1866
0.96417
0.90161
1.1905
1.0645
0.93354
0.98573
1.0766
0.94765
1.0762
1.1119
0.91769
0.76015
1.5092
1.007
1.0282
0.84642
1.341
0.99757
1.1737
0.75725
1.3123
0.97187
0.94808
0.87739
0.87874
1.062
0.80284
0.79425
1.1079
1.0198
1.2452
1.1908
1.0634
1.4431
1.1568
0.80317
1.5092
0.82088
0.82808
1.1397
0.98031
1.1496
0.9785
0.8756
1.2116
0.86281
0.73322
0.89374
1.4128
0.88444
0.87938
1.1118
1.0545
0.95424
0.87407
1.2281
1.1888
0.93853
0.80927
0.91933
1.0316
1.1652
0.6093
0.59166
0.78368
1.3129
1.0128
1.3064
0.86243
1.2479
1.0575
0.86567
1.0663
0.88484
0.98654
0.92777
1.1742
1.1608
1.0499
0.67493
1.2712
0.95266
0.95925
1.18
0.78723
1.2742
1.1331
0.98103
0.89358
0.75755
1.0281
0.82765
0.80278
0.97808
0.80032
0.80647
0.7323
1.1179
1.0469
0.79415
0.85866
0.88211
1.115
0.99229
0.87042
1.3358
1.0637
0.69279
0.7918
0.84862
0.7632
0.8604
0.81279
0.91567
1.2701
1.509
0.97944
0.86706
0.9052
1.4257
1.0578
0.76278
1.1615
0.75538
1.1022
1.1751
0.80748
0.77091
1.3508
0.97939
1.0028
0.90998
1.0362
0.7849
1.1114
0.87387
1.0173
1.0429
0.78614
1.0453
0.76637
1.1888
1.1036
1.1587
0.85408
1.1431
0.90427
0.8408
1.0544
0.77578
1.0295
0.85817
1.0193
0.99707
1.1057
0.99947
0.65729
0.55129
0.94765
1.0825
1.1864
1.1387
0.94824
0.90352
0.71711
1.2773
0.93423
0.67849
0.8312
0.91968
1.4699
0.98164
0.64218
1.085
0.79809
0.95984
1.0497
1.0381
0.92778
0.98786
1.0838
0.70002
0.80857
0.85973
1.0115
0.77603
1.0131
1.0936
1.1026
0.89777
1.2833
1.2491
0.99644
1.2903
0.93269
1.1315
1.2311
1.0894
1.1713
1.0405
1.1215
0.98905
0.79026
0.84853
1.0408
0.48859
0.85989
0.79668
0.93529
0.77012
0.9904
1.0241
1.1387
0.91215
1.1703
0.94744
1.1465
0.88675
1.3075
1.0023
1.2754
1.1086
1.1768
0.73288
1.1412
1.353
1.099
1.1412
1.2937
0.82912
1.1952
1.1288
1.2062
1.1787
1.0758
0.77783
0.57999
1.0609
0.97502
0.96934
1.285
1.2155
0.73026
1.4844
0.61386
0.85126
0.85597
0.80474
1.1093
1.0653
0.90341
1.0813
1.1158
0.71284
1.0631
0.77046
0.72775
0.72813
1.1024
1.2683
1.3886
1.377
1.2693
0.86315
0.80674
1.0946
0.80652
1.0229
1.0217
1.1283
0.98627
0.98568
0.9128
1.2133
1.2882
0.9329
1.071
0.89785
0.75673
1.3444
0.82265
0.93093
1.4297
1.4602
1.2723
0.83359
0.98726
1.0493
1.0476
1.4203
0.90387
1.2468
0.98073
1.249
0.86073
1.1112
1.014
0.98713
1.3885
0.86944
1.0657
0.8654
1.0392
1.0796
0.65609
1.3749
0.98676
1.1169
1.0529
1.0323
1.0693
0.7709
0.78496
0.84102
1.2317
1.0627
0.94942
1.1242
1.3533
0.69271
1.3795
1.1484
0.90022
1.0497
0.87069
1.075
0.93179
0.95173
0.68119
0.65683
0.88981
1.0608
0.71399
1.2852
0.9031
1.2182
0.77364
0.82046
1.1175
0.75445
1.2397
0.85891
1.3781
1.5299
0.90062
1.6507
0.9287
0.99129
1.1144
1.4245
0.94834
0.83819
0.83839
0.92684
1.0711
1.1043
0.99383
0.99936
0.76641
0.83417
1.0072
0.82493
1.4665
1.605
0.87912
1.0187
0.94445
1.3106
1.022
0.74807
0.86867
0.89217
0.97198
1.1415
0.84312
1.2664
0.77853
1.3898
0.83189
0.90198
0.73085
1.3144
0.89759
1.3378
1.0727
0.91915
0.80545
1.1366
1.0549
0.76792
0.86584
0.86153
0.88508
1.0936
1.07
0.76738
1.3606
0.99118
1.2435
1.3206
1.058
1.0585
0.86839
0.79224
1.1352
1.0886
0.77955
0.81593
0.95958
1.0706
0.72391
0.81149
1.2742
1.1429
0.94469
0.89421
0.95835
1.0773
1.18
1.0323
0.83368
0.87773
0.88465
1.1034
0.91123
1.1883
0.7669
0.91722
0.80208
0.84856
1.2317
1.1779
1.4331
1.4534
1.1477
0.69742
0.97289
1.0276
1.3857
0.86908
0.98513
1.0669
0.87126
0.86531
1.3104
1.1815
0.93287
0.92226
0.86179
0.67447
1.293
0.97597
0.98686
1.0384
0.78193
1.4568
1.1754
1.0629
1.1017
0.69679
1.1173
0.88825
1.0273
0.81392
1.0343
0.81316
0.95506
0.91344
0.82642
0.91909
1.0864
1.027
1.0818
0.86543
0.98576
0.77951
0.85103
0.95727
0.87012
0.79224
0.94534
0.84889
0.86319
1.0857
1.1538
1.2591
1.0419
0.92378
0.88927
0.8456
0.79425
0.86318
0.63636
0.90519
1.0101
0.97819
0.71933
1.0269
0.82073
1.2634
1.3043
0.9626
1.0771
0.76452
0.65639
0.9984
0.80706
0.96027
1.3362
1.1833
0.77651
0.92588
0.72211
1.028
0.84883
0.66817
1.0513
0.79643
1.1479
1.0685
1.1126
1.0236
0.71127
0.81964
0.59753
0.91948
0.81572
0.75739
1.2587
0.69046
1.0017
0.62119
0.92369
0.89278
1.3045
1.068
1.095
1.5204
1.024
1.017
0.97734
0.78151
1.1122
0.86397
1.0098
0.61171
1.0001
0.74567
0.8526
1.1645
1.0258
0.91903
0.98299
1.2034
1.4619
0.96144
0.83758
1.2875
0.73858
0.89907
1.1938
0.57576
0.89521
1.3506
0.66546
0.75224
1.2503
1.0394
1.4947
1.2529
1.1544
1.2267
0.77125
1.0311
1.1227
0.72503
0.91973
1.1233
0.99571
1.2335
1.1439
0.90742
0.96288
0.86474
1.1435
0.76133
0.88544
0.7702
0.83905
0.72516
0.91874
0.86432
1.2148
0.80217
1.3063
1.0769
0.83132
0.84382
1.0203
0.97684
1.2429
1.0988
1.072
0.91256
1.4357
1.1049
0.73666
0.89958
1.2415
0.79128
0.88336
0.98714
1.0102
0.90592
0.84105
1.2396
0.88609
0.99699
0.83118
1.0655
0.89752
1.1734
0.75609
1.2428
0.72864
1.3089
0.86462
0.70737
0.80919
0.93042
0.92321
0.78618
0.7847
0.9161
0.92192
1.3964
0.82982
1.0422
1.6181
1.1075
1.0812
0.78198
0.93793
0.86403
1.3179
1.0797
1.1412
1.1743
0.97599
1.0089
1.0001
1.1494
0.93322
1.2955
1.2055
1.0803
1.0138
1.1925
0.90479
1.0691
0.96973
0.987
1.152
0.98176
0.64787
0.80576
1.1093
0.81643
1.1987
1.1571
0.87251
1.2174
1.1991
0.68728
0.72783
0.94806
1.0516
0.89774
0.91744
0.92785
1.0471
1.3527
1.5016
1.0199
1.0859
1.364
1.1942
0.90735
0.88278
1.6837
1.0917
1.1944
1.1656
0.68893
0.87404
0.77281
0.88516
1.018
0.8576
1.2878
1.0605
0.90599
0.68017
0.9587
0.90266
0.72875
1.1054
0.86974
1.3759
0.90629
0.89346
1.0671
0.88871
1.0182
1.0473
0.82822
0.69068
1.1379
1.1309
1.1861
0.91541
0.94482
0.76661
0.82803
1.0829
0.88729
0.61737
0.795
1.292
1.1827
0.82185
0.91393
0.85289
0.82828
1.1741
0.91913
0.64366
0.94018
1.2222
1.1018
0.98114
0.86686
0.64914
1.071
0.96996
1.4097
0.93488
0.74087
0.90456
1.526
1.5762
1.0713
0.81774
0.87537
1.2655
1.2226
1.3575
1.0882
0.83668
0.80611
0.86183
0.82664
1.1935
0.75457
1.3473
1.201
1.1283
0.79002
1.2766
1.2869
0.91572
0.76243
1.1153
1.0901
0.891
0.99468
0.87525
0.90711
0.95979
0.8792
1.1043
0.92124
0.75553
0.89982
0.94787
0.82168
0.98358
0.86572
0.86064
0.9925
0.88099
1.1926
1.088
0.91318
0.79401
1.0098
1.3927
0.94714
0.84271
0.88252
1.2027
0.87779
0.86749
1.1453
1.1011
0.92729
0.8984
1.2432
1.2134
0.81152
0.83818
0.8174
1.3703
0.80211
0.6028
0.88935
0.84009
0.99752
0.93365
0.52776
1.6378
0.8515
0.91854
0.92341
0.98173
0.97649
1.1176
0.81007
0.86557
1.1972
1.1335
0.92978
0.96962
0.99291
0.58203
1.0281
0.89671
0.83023
1.0474
0.80591
0.9189
0.67124
1.3949
1.2781
1.0309
1.0069
1.013
1.0256
0.95564
0.57603
0.89039
1.0025
0.77165
0.71325
0.85665
1.1159
1.2173
1.085
0.89773
0.91211
0.98954
1.2112
0.95857
0.97079
1.0454
0.92807
1.164
0.79438
1.1315
0.90933
1.128
0.92053
0.76991
0.83876
0.96876
1.025
1.0205
1.1962
0.94716
0.8648
0.90454
0.92537
0.99672
0.74287
1.4722
1.1756
0.92734
1.042
0.96412
1.1429
1.0371
0.8647
1.1726
0.76084
0.85995
1.2911
0.94249
0.83807
0.67569
0.87133
0.93316
0.78631
1.2726
0.97974
0.89409
0.88769
1.0065
0.88943
0.95274
1.3058
1.0881
0.72186
0.99672
1.1327
0.97767
0.92905
1.2149
0.98298
1.5701
1.0849
0.77035
0.73222
0.84318
1.0355
0.97941
1.1608
0.9786
0.96142
1.2698
0.95036
1.1183
0.72926
0.98891
1.1366
0.97382
0.8685
1.1126
0.9789
1.0333
1.02
1.2204
1.3813
1.3103
1.0351
0.9354
1.2405
0.89781
0.86752
0.92178
1.0325
1.2862
0.73793
1.1248
0.99354
1.0409
1.0813
0.70534
0.78268
1.4257
1.3904
0.97867
1.4687
1.1208
1.182
0.89772
0.96884
1.2375
0.87873
1.0064
1.2574
1.1812
0.98064
0.86503
1.0372
0.79181
1.1748
0.88409
0.99103
1.0178
1.6452
0.99189
1.0773
0.83373
0.78142
0.73592
1.3632
0.96275
0.85774
0.82496
1.2224
1.0752
0.7356
0.75751
0.71673
0.75924
0.92027
0.77129
0.87523
0.98654
1.046
1.1474
0.75185
0.72875
1.1042
1.2133
1.3011
1.1757
0.73862
1.0612
1.2289
0.89695
0.96387
1.39
1.2313
0.86054
0.91507
1.3711
1.083
1.2561
0.95276
1.0492
0.91999
0.92302
0.96425
1.0125
0.82718
0.98085
1.1377
0.85285
1.3052
1.0862
0.86906
1.2014
0.91191
0.83347
1.0945
0.9108
1.2468
0.91099
0.74376
1.0164
0.68946
1.0119
1.4489
1.0909
1.5672
0.61279
1.0732
0.90494
1.1188
1.194
0.8303
0.95784
1.047
1.3035
0.74944
1.0774
0.63168
0.8781
0.81568
0.87425
0.96934
1.0161
0.8799
0.94382
0.75278
0.99975
1.2302
1.1844
0.80567
0.99332
0.88682
1.037
1.1042
0.85447
0.77865
0.89191
1.2403
0.9588
1.1037
1.082
1.1396
1.0713
0.90257
0.995
1.1181
0.84346
0.72585
0.80611
0.87144
0.83845
1.2445
0.98998
0.97487
1.0817
0.7926
1.3338
0.69361
1.0921
0.59542
1.4143
0.99306
1.0799
0.77874
0.78827
1.0861
0.88103
1.0784
1.1201
0.62732
0.66711
0.87721
1.0841
1.0651
1.0496
1.1311
1.3501
0.99903
0.92902
0.92757
1.0932
0.92639
0.8091
0.81486
0.86444
1.2146
0.70406
0.98364
0.79706
0.84099
1.1725
0.99901
1.1305
0.84191
0.9979
1.158
1.1548
1.0879
0.6533
0.78864
1.2471
0.82002
0.80078
0.60946
0.75984
0.93821
0.90499
0.9786
0.80581
0.8944
0.95666
1.0134
0.81365
0.90121
1.1757
0.95741
0.9583
1.073
1.1442
1.0229
1.0442
1.2087
1.1008
1.1194
1.2799
1.1954
0.67003
0.64835
1.4092
0.79463
1.0854
1.0597
0.83775
1.4234
1.1123
1.2238
0.88386
1.062
0.77078
1.2038
0.78571
0.94696
0.9253
1.3125
1.1515
0.89253
1.0555
0.84275
0.88442
0.9789
1.19
1.0516
1.0078
0.73781
0.74691
1.1182
1.0608
1.1465
1.0865
1.3937
0.86773
1.0642
0.91302
0.82682
0.72713
1.144
1.0053
1.039
1.0362
1.0188
1.443
0.61864
1.285
1.2743
0.93346
0.86535
1.3589
1.2701
0.97067
1.3771
1.5513
0.6137
0.95429
0.91315
1.1034
1.2932
1.0417
0.95811
1.0004
1.1554
0.73279
0.74756
1.0413
0.9875
1.1168
1.27
0.76675
1.1566
1.0576
1.0013
0.83782
0.84228
1.086
0.75744
1.1276
1.0303
0.61365
0.62658
1.0289
0.89491
0.66578
0.68686
1.2347
1.1545
0.60112
1.5342
1.1525
1.0307
1.2573
1.0291
0.8549
0.88191
1.0682
0.73765
0.97154
0.76348
1.3856
0.95714
1.231
1.3997
1.0073
1.0538
0.7875
0.83146
1.0018
1.3624
0.63631
0.6057
1.2367
0.76148
0.77356
1.0041
1.2337
1.4218
1.1689
1.3389
1.0105
1.1367
1.0258
1.2527
1.2919
1.0508
1.2749
1.3177
0.9538
0.77105
0.90685
1.0754
1.1355
1.3486
0.89328
1.0402
0.88189
0.92106
0.56121
0.81595
0.97197
1.1582
1.1517
1.1623
1.2476
1.0792
1.4277
1.1455
1.0371
0.955
0.86356
1.1491
0.58306
0.63386
1.5559
1.4048
0.96645
0.59185
1.2945
0.8699
0.65107
1.0191
1.086
1.1269
0.81183
0.94405
1.1706
0.87465
0.94734
0.64496
1.2214
0.86729
1.2274
1.213
0.73221
0.7819
1.0724
1.1038
1.2559
1.2605
0.83378
1.0994
0.94785
0.77373
1.201
0.74439
1.1376
0.89437
1.2304
1.0898
1.164
1.2575
0.67699
1.1095
0.92987
0.80618
0.86389
0.98916
1.0329
0.97705
0.73128
0.91367
1.0661
1.3318
0.87778
0.70017
0.94392
1.2313
1.2142
0.89561
0.88065
0.7755
0.90905
1.1379
1.3744
0.79162
0.73948
1.1053
1.1231
1.0669
1.1337
0.83776
1.0881
0.93125
0.91071
0.72992
1.1759
1.0284
0.90214
0.88574
1.3556
0.92707
0.52429
1.0677
0.72848
0.96054
0.68425
0.70233
0.91587
0.99732
0.77806
0.83331
0.73499
1.1095
0.91307
0.94342
0.84591
0.87125
1.4698
1.103
0.69206
1.0289
0.81186
0.84209
0.93769
1.098
0.83046
0.9632
0.64799
1.1862
1.6787
0.92287
0.91544
1.4406
0.94208
0.91267
1.1818
1.4933
0.80602
1.4039
0.76415
0.80861
0.76035
0.73264
0.83873
1.2907
0.91618
1.0225
1.0036
1.0008
1.1275
0.86639
0.6558
1.0817
0.89044
1.2015
0.8545
0.54282
0.91615
0.93119
0.68456
0.95858
1.1111
1.224
1.0338
1.2299
1.0775
1.0103
0.91534
0.71835
1.3818
1.6697
0.91342
1.2398
0.8286
0.91316
1.4759
0.80712
0.95178
1.2531
1.0281
1.0774
0.94135
1.1134
1.2514
0.78544
1.1547
0.96376
1.1658
1.2692
1.1332
0.6756
0.86802
0.85773
1.0406
0.84543
0.99796
1.0676
0.78343
1.2415
0.97816
1.4718
1.2481
0.93699
0.7869
1.0623
0.87905
0.7193
1.1789
0.73102
0.94524
0.90229
0.91418
0.90519
1.0921
0.86684
1.0718
0.65979
1.0094
1.4099
1.0562
1.0127
1.4752
1.2274
1.4239
1.075
1.0388
0.93894
0.91454
1.0221
0.88
0.90483
1.2101
1.1492
0.82031
0.87263
1.0578
1.1107
1.0118
0.95548
0.78253
0.98079
1.0888
0.57151
0.97968
0.91145
1.0958
1.1385
0.70796
0.68034
0.92108
0.73828
1.1737
0.89189
0.84972
0.66314
1.2467
1.062
1.0975
1.0747
0.76125
0.84991
1.2056
0.85325
0.62423
1.2216
0.85872
0.7161
0.91173
1.1096
1.2702
1.179
0.92663
0.98746
1.5979
1.2624
0.92007
1.1438
1.3996
0.98704
1.2361
1.0429
0.80959
0.81177
0.67044
0.88334
1.0439
0.92877
0.83179
0.76511
0.94583
1.196
0.72146
1.1448
1.0447
0.96164
1.0388
1.2631
0.83044
1.0446
1.0958
0.92026
0.9773
1.1898
1.0691
1.2013
1.025
0.86374
1.1541
1.0851
1.0793
1.719
0.94401
1.0441
0.93959
1.123
1.1131
0.92856
1.1219
0.83354
1.3195
1.0076
0.86782
1.1461
1.2885
0.79485
1.2145
1.1122
1.053
0.85411
0.89291
0.86421
0.88077
1.598
0.98285
1.0886
0.81907
0.88183
1.047
0.90098
0.87379
1.0876
1.0719
0.86829
1.0978
1.4089
0.96653
1.0513
0.81583
0.94492
0.84147
0.89567
1.0127
0.64341
0.77639
1.1101
0.87793
1.3783
0.75829
0.96658
1.0298
0.87725
1.1371
0.7792
0.70176
0.9335
0.8348
0.74264
0.6273
1.0855
1.3469
1.1805
0.90576
0.76433
1.119
1.082
1.2338
1.1458
0.84707
0.81008
0.94806
0.78285
1.0974
0.83245
0.92051
0.98601
1.2762
0.8881
0.81437
0.9627
1.041
0.96527
1.204
0.83124
1.0755
1.4671
1.1122
0.95799
1.1416
1.0628
0.93474
1.1293
0.91474
1.1044
1.193
1.2322
1.1247
1.0284
1.1322
0.86052
0.97725
1.1265
1.2787
1.0701
1.0709
0.79036
1.4146
0.97822
0.98663
1.2555
0.80919
0.91445
0.81224
0.68273
1.0417
0.90084
1.1877
1.096
0.98581
0.99053
1.1807
0.8581
0.8555
0.90906
1.3934
0.81093
1.1384
1.171
1.0421
1.0395
1.0806
1.4426
1.0732
0.7001
0.89981
1.5053
0.71136
0.91187
1.1311
0.87118
1.3538
0.99467
0.8511
0.70303
0.97975
0.77069
1.0943
1.3591
0.98382
0.8285
0.81237
1.1692
1.1391
1.0808
0.91479
1.0538
0.85729
0.93324
0.74839
1.1122
0.77535
0.77295
1.3415
1.2647
0.8895
1.1067
0.75573
1.0957
0.99125
1.2116
1.1074
1.0011
0.78136
0.97855
1.1787
0.71874
1.1626
1.3762
1.1014
1.0439
1.0151
0.91424
1.0431
1.1546
0.77112
0.88343
0.76476
1.5649
0.93149
1.1738
1.2302
1.0349
0.78312
0.9277
1.0044
1.4907
1.1713
0.74256
1.0398
0.72455
0.97316
0.90651
0.99669
1.5521
0.76409
0.75741
0.97264
0.91704
1.0385
0.9653
1.0176
0.81883
0.90963
0.92679
0.85185
0.63243
0.77103
1.0971
0.88368
1.1408
0.74586
1.1233
1.2143
1.2752
1.0579
1.154
1.0221
1.0968
1.2448
0.78685
1.3026
1.2923
1.1146
0.89182
0.84298
1.2941
1.0323
0.94791
0.89773
0.9838
0.65935
1.093
1.0587
0.88937
0.91187
0.64959
0.8042
1.0376
0.93123
1.1514
0.68749
1.0505
1.2383
0.78115
0.85316
0.92482
0.90819
0.90622
1.0161
1.0074
1.0875
0.91023
1.1658
0.92368
1.1872
1.1198
0.60035
0.88651
0.97578
1.1165
0.83919
1.0936
1.2179
0.89153
0.96132
0.77457
0.98699
0.88164
1.0346
1.0517
1.0235
1.1328
1.3744
0.87843
1.0711
1.2971
1.1693
1.0137
0.97242
1.0542
1.0013
1.3602
1.2505
0.98467
0.74857
0.90975
1.1464
1.5422
1.0148
0.994
0.96979
0.78443
1.2787
0.76763
0.96381
1.134
1.2537
0.80452
1.1333
1.2148
0.87642
1.0509
1.123
0.69707
1.0049
1.1356
1.0821
1.108
1.3829
0.86049
0.94812
0.97286
1.2147
0.81384
0.76246
1.0156
1.2911
1.1015
1.1118
0.73863
1.1861
0.95488
1.1309
1.2332
0.71535
1.216
1.4647
0.88128
1.1612
0.9019
0.92781
0.85733
0.8152
0.74904
0.82007
1.0073
1.1412
1.1261
1.3595
0.88109
1.4437
0.96858
1.4691
1.3537
0.8376
0.76717
0.92893
0.96896
1.1539
0.96522
0.99684
1.0665
0.89493
0.80364
0.89668
1.19
0.9069
1.1237
1.3492
1.0936
1.1573
1.0314
0.81797
0.98441
0.85888
0.8254
1.1215
1.3651
1.3171
0.97001
0.73055
0.74247
1.0454
0.70518
0.8461
0.88952
0.75924
1.106
1.1626
1.0248
0.74474
1.0195
0.82806
0.95759
0.86143
1.4638
1.2537
0.93882
1.2089
0.84313
1.0691
0.79249
0.91633
1.0036
1.1553
0.79662
0.84495
1.3491
0.98356
0.73209
0.91206
1.0708
0.98593
0.78152
0.98259
1.2602
0.87246
1.1092
0.95907
0.63888
0.93508
1.2136
1.1792
0.78694
0.89226
1.1187
0.92673
0.80797
1.0136
0.98907
0.68055
1.0233
0.86439
0.74485
1.0934
1.3561
0.59817
1.2457
1.0662
1.2605
1.1845
0.76892
0.86994
0.94097
1.0761
1.1933
0.8079
0.82504
0.86225
1.1677
0.79083
0.86984
0.98031
0.83576
0.92581
1.3361
1.2393
1.1712
1.0189
0.66113
1.0279
1.0494
1.2963
0.85989
0.70326
1.203
1.0104
0.99204
0.58122
0.87441
1.3318
1.1118
1.1759
1.012
1.4171
1.1477
0.78982
0.91804
0.96506
1.2494
1.0061
0.99847
1.0282
0.99763
1.0325
0.97212
0.85853
1.1155
0.84278
1.0925
1.3024
1.1948
1.335
1.0483
0.81719
0.8319
0.89629
0.95442
0.86336
1.027
0.89041
0.9395
0.95377
0.97424
0.80832
0.85192
1.3631
0.91587
1.1545
1.1251
0.9256
1.1627
1.124
1.0501
1.507
0.89847
1.2135
0.98675
0.76781
0.9678
1.1547
1.3032
0.97302
0.7162
1.1855
1.175
0.86581
1.1147
1.023
0.79339
0.99607
1.0845
0.88145
1.1034
1.5072
0.79764
0.65698
1.0917
0.89219
1.2224
0.9872
0.80575
1.0726
1.4075
0.98692
1.0745
0.99551
1.0102
0.95453
0.80659
0.91133
0.98952
1.377
0.85355
0.66455
1.1818
1.0829
1.1151
1.455
1.4477
1.3128
1.105
0.86522
0.78945
0.86317
0.89903
0.97223
1.2758
1.0447
1.2972
1.122
0.75539
1.0348
1.4076
1.3725
1.0097
0.87325
1.0245
1.0213
1.0366
1.2955
1.1102
1.1569
1.1276
0.94068
0.88022
1.1002
0.79262
1.3054
1.7239
0.65015
1.1712
1.0875
0.96722
0.946
0.87946
0.87733
0.97831
1.0641
1.0911
0.75244
0.73375
1.0191
1.1855
1.2627
0.84292
0.81029
0.929
0.93841
1.1737
1.1953
0.95204
0.55019
1.0253
1.077
1.0527
1.005
1.0828
0.9921
1.238
1.1008
1.0172
1.1272
1.2208
0.94999
1.0454
1.0736
0.95214
0.78747
0.92272
0.90681
0.99312
1.3676
1.365
1.1339
0.95529
0.70234
0.77821
1.2199
0.80131
0.96623
1.0867
1.1312
0.84183
0.88437
0.96987
0.71777
0.83698
1.0317
0.89499
0.8788
0.9107
0.92128
0.73038
0.93659
0.72815
1.145
0.62469
1.0066
0.87581
0.77782
0.98701
1.0157
1.044
1.6468
1.5792
0.81081
0.84834
0.7586
1.2378
1.0887
1.1028
1.0437
1.4291
0.87416
1.5932
1.0094
0.99171
0.89487
0.83207
1.0491
0.974
0.97437
1.0906
1.1114
1.0638
1.2009
0.88852
1.2721
0.82944
0.91471
1.1692
0.94352
1.0405
1.3385
1.1639
1.2679
1.013
0.97163
0.86013
0.93349
0.98326
1.1396
1.5195
0.93813
0.70302
0.97712
1.1215
1.1353
0.72705
0.8831
0.99567
1.1996
1.0528
0.93004
0.91969
0.77173
1.1577
1.1194
1.6606
0.99615
1.2185
0.82419
0.98821
0.79071
1.099
1.006
1.0447
0.9151
0.81713
0.75566
0.75461
1.0434
0.90529
1.7164
0.75022
1.1012
1.003
1.4356
0.7082
1.3685
0.76116
0.73046
1.211
1.2434
0.85648
1.1516
0.86658
0.92024
0.88509
1.1313
0.7511
0.96021
1.1387
1.0293
0.57041
1.0215
0.80759
1.0266
1.1309
0.95036
1.026
0.7969
1.4495
0.86873
0.69007
1.1165
0.92849
1.1807
1.3736
1.0348
0.95319
0.72126
1.5969
1.0607
1.1815
1.3067
0.934
0.93443
1.0338
0.85057
1.0589
0.96657
0.80965
0.86813
0.72994
0.76164
1.2397
1.5195
0.99526
0.98858
1.1823
0.75853
0.9979
0.7343
0.77283
0.8109
0.87096
0.79451
1.3724
0.64811
1.2505
0.91374
1.1523
1.1576
0.81778
0.91912
0.8387
1.1877
0.81685
1.145
0.97204
0.86977
1.1162
0.99928
1.2193
1.0728
0.92319
0.98224
0.79491
0.79468
0.89082
0.94998
0.97985
1.0345
0.79491
1.0307
0.84696
1.4019
1.0006
1.1107
0.75112
1.4882
1.1558
1.3292
0.89337
0.9826
0.72632
0.68495
0.80141
0.97272
1.0166
1.1969
0.8291
0.89735
1.1993
0.77478
1.0115
0.75877
1.0178
1.2284
0.79545
0.69591
1.0013
0.81001
0.78038
0.79123
0.99017
0.83717
0.85734
1.0645
1.1849
1.1157
1.0748
1.115
1.3466
1.099
0.95225
0.80985
1.0957
0.86031
0.85757
1.276
0.84143
0.8132
0.99243
1.0153
0.97849
0.87225
0.91838
0.84042
0.91476
1.2229
0.84906
0.86146
0.95761
0.77998
1.1967
1.0065
1.2371
0.78017
0.87827
0.70493
1.0778
0.90493
0.83453
0.72121
1.2197
0.92908
0.96396
1.3432
0.91793
1.0247
0.69324
0.97127
1.5656
0.8007
0.92745
0.68919
0.83254
0.98237
1.0014
1.1589
0.94232
1.0745
1.2573
0.75864
0.97534
0.90667
1.1531
1.1617
1.4347
0.83571
0.88995
0.98975
1.3213
0.6818
0.68242
0.97839
1.1325
1.1293
0.91886
1.1596
0.94026
0.79885
1.2289
0.73335
0.91414
1.0862
1.0931
0.84622
1.0108
1.2474
0.84666
0.82471
0.79894
1.1512
0.87712
1.1607
1.093
1.1193
0.86761
0.92013
1.0164
1.2458
1.2258
1.0856
1.0272
1.0273
1.0808
0.73944
0.93881
1.3031
0.67598
0.99651
0.81209
1.2044
0.97292
1.1953
1.1589
0.92714
0.84588
1.1697
1.0941
0.91859
1.2421
0.97147
1.0076
0.82621
0.77599
0.74809
1.1925
1.1134
0.8195
0.83935
0.74122
0.82361
0.99225
1.5357
0.89528
1.3042
1.2595
1.5638
0.81982
0.73873
0.77664
0.78187
0.7186
1.2001
0.7405
0.94007
0.69583
1.1173
1.3836
1.0181
0.89536
1.2119
0.9491
0.71546
0.95703
0.933
1.2125
1.2482
0.93766
0.86582
0.92389
0.94966
1.413
0.81976
0.93134
0.91929
0.87902
1.3006
0.87959
0.61233
1.6243
0.83183
1.1614
1.3045
1.017
1.1186
0.97763
1.1374
1.1273
0.78609
1.0602
0.94787
0.72993
1.0449
1.1914
0.80831
0.855
0.7298
1.1759
0.75092
0.80095
1.3174
1.0552
1.1018
1.8105
1.1209
0.98289
0.84358
1.0448
0.96615
1.0892
0.72812
1.1476
1.1743
0.85298
1.2675
0.90306
0.89893
0.81887
1.3246
0.98311
0.75983
1.1473
0.95741
0.95147
0.92671
0.67446
0.85496
0.71823
1.0932
1.0576
1.1681
0.91345
1.1501
0.88831
0.73827
1.5388
1.016
0.8406
0.98072
0.94165
1.0035
0.82457
0.98128
1.3768
1.0571
1.0341
0.92059
0.92025
1.1586
0.81755
1.1016
1.0622
1.0535
1.3848
0.96301
0.68231
0.86427
0.78144
1.0402
1.247
1.0252
0.85841
1.1923
0.70431
0.71479
1.1319
1.2941
1.2027
0.86562
0.97582
1.0982
1.0934
1.115
0.74159
0.90415
0.76689
1.0287
1.2131
0.90466
1.042
1.0329
0.86504
0.99119
0.86643
0.79071
0.89156
0.94187
0.87259
1.2003
0.95599
0.94114
1.002
0.99764
1.0591
1.5515
1.6769
1.4393
0.95841
0.95311
0.69495
1.1001
0.65942
1.1045
0.67108
1.0654
0.96233
0.86065
0.66145
1.1363
1.0292
0.79847
1.2329
1.0976
1.2706
0.93275
0.96338
1.2503
1.1107
0.82858
0.90162
1.2102
0.8977
0.91098
1.1424
1.0869
0.76564
0.97863
1.2521
1.0187
1.226
1.02
1.3521
1.0939
0.90103
0.65687
0.91747
0.87522
0.75396
0.87319
0.76278
0.66501
0.79551
1.1308
0.99427
1.4413
1.03
1.0254
1.0921
1.1301
1.4778
1.0444
1.213
0.84547
0.84554
0.85455
0.84904
1.1883
1.0769
0.93447
0.87513
1.1353
0.9338
0.87047
1.0059
0.84048
1.2255
0.83866
0.78635
1.0747
0.98918
1.1291
0.935
0.91948
0.97519
1.1037
0.81135
1.0467
1.3985
0.9579
1.0961
0.97318
0.86822
0.72498
0.85731
1.3696
1.1523
0.64736
1.0786
1.0952
0.85369
1.1022
1.2474
0.823
1.3338
0.84606
1.0594
1.0875
1.2879
0.71228
0.91522
0.95526
1.1254
0.91975
1.0835
1.0897
1.009
1.0807
1.0069
1.096
1.4989
1.1333
0.6777
0.93968
1.0368
0.88002
1.1528
0.84055
0.88614
1.1034
1.1763
0.91601
0.90585
1.1236
0.91529
1.329
0.91067
0.96787
0.88684
0.60689
1.0535
1.1454
0.95753
1.2084
0.9595
0.841
0.91133
1.31
0.9015
0.99085
0.70157
0.93237
1.0373
1.58
1.3095
0.87227
0.74679
1.1464
0.88051
0.95946
0.66813
1.1835
0.79966
1.3034
1.1081
1.182
1.246
1.1219
0.87362
1.5174
0.93094
1.382
0.83193
0.8057
0.98781
0.68597
0.80507
0.7305
0.76569
0.95452
1.1372
0.91661
0.88034
0.76157
1.183
1.0717
1.2477
0.81215
0.73445
1.0093
1.1258
0.99013
1.0411
1.2616
0.96188
0.92537
1.2509
0.89918
1.0768
1.0269
1.125
0.90213
1.0294
0.82659
1.0498
0.91938
0.79154
0.81752
1.0409
0.94069
0.92823
0.93828
0.72476
0.88728
1.5824
0.90748
0.8467
0.95304
0.94255
1.8036
0.74757
1.1769
1.2751
0.78009
1.0783
0.93204
0.79197
1.0303
1.3935
1.0558
1.0362
1.1777
1.1938
0.74233
0.94583
0.65753
1.2649
0.84705
0.999
0.99135
1.261
1.0763
1.0322
1.0172
1.0091
0.78892
1.208
1.0577
1.0386
1.649
0.89754
0.72218
0.70234
1.178
0.78459
0.87839
0.63846
0.90483
0.73496
1.113
0.93168
0.82256
0.80904
0.95892
1.0548
0.98048
1.3323
0.84193
1.196
1.1641
0.81001
0.96458
1.5631
1.0278
1.1585
0.93239
1.0817
1.113
1.235
0.93901
0.98666
1.2466
0.90611
1.1631
0.93878
0.71764
0.86394
1.1845
1.2287
0.80509
0.94341
1.2121
0.85108
1.314
1.0226
0.78721
0.76563
0.84805
0.82516
1.2754
1.1686
0.87587
0.92477
1.2915
1.109
0.7572
1.2375
0.74055
0.84267
0.8269
0.97232
1.0296
1.374
0.65705
0.82618
0.92777
0.90189
0.85881
1.2682
1.1675
1.1341
0.88092
1.0133
1.0029
1.2484
1.0783
0.92929
1.2011
0.70861
0.72394
1.0301
0.90652
0.93705
0.86833
0.92715
0.88039
1.2475
0.96447
1.0448
1.6145
1.0035
0.74108
0.97607
1.2081
1.1019
0.91126
1.0222
0.90832
1.0773
0.80415
0.81281
0.7623
0.745
1.1588
1.6059
0.922
1.2372
0.84261
1.1878
0.90775
1.5479
0.66528
1.1528
0.93375
1.1382
0.87689
1.0309
1.3992
0.7493
1.0554
1.0016
1.0604
0.8277
0.87882
0.77572
0.74329
0.81758
0.88956
1.0396
0.88493
0.6684
1.1401
1.2611
1.1828
1.0365
0.95037
0.97637
1.0807
0.70654
0.89554
0.98234
0.86041
0.86583
1.0028
1.2326
0.87734
1.3543
0.77021
0.98264
1.2658
0.77027
0.95001
1.1249
0.91232
1.1741
0.69971
0.94127
0.73226
0.62961
1.0076
1.1251
1.286
1.1696
1.1457
1.1792
0.97601
0.9879
0.91036
0.7351
0.80145
0.7932
0.75229
0.74002
1.2786
0.91738
0.87572
0.97868
1.2712
1.0693
0.62277
1.2551
0.79606
0.95881
1.1766
0.98511
0.95097
1.0671
0.81146
1.2523
0.93977
0.75796
1.0607
1.0467
0.72367
1.0102
0.66353
1.4675
1.0278
1.3063
0.95295
0.80022
1.0079
1.1888
1.0549
1.026
1.2478
1.1964
0.75328
0.72336
0.8074
0.98703
1.1814
0.60087
1.0401
1.041
0.91415
0.91958
1.3358
0.90268
1.1275
1.0581
0.86448
0.81574
1.1263
0.93706
1.0432
1.011
1.0073
0.8182
0.79757
1.0178
1.2283
1.0703
0.73956
0.89371
0.85317
1.0739
0.9405
0.94516
1.3981
0.72664
1.0692
0.75272
0.77232
0.76817
0.6861
1.1356
1.111
1.0149
1.0542
0.75881
0.82112
1.0699
1.241
1.2119
1.2329
0.97085
1.2788
1.2415
1.3564
0.98542
1.3006
0.95836
1.0223
1.0129
0.77907
0.93882
1.1814
1.0079
0.97395
0.85074
0.91702
1.3
0.72827
1.0412
0.71625
0.9256
1.1427
1.0468
1.0773
1.0817
1.0269
1.0475
1.1927
0.8924
1.1546
1.2903
1.2677
0.71461
0.77369
0.8177
1.1363
1.0871
1.0953
0.81118
0.73596
0.84352
0.99007
1.1063
1.0122
1.0768
1.0717
0.98975
0.99285
1.1878
1.0643
1.1065
0.94326
1.0732
0.78618
0.60669
0.85917
0.7898
0.59859
1.0767
1.0054
0.94821
1.2426
1.0134
0.97654
1.0287
0.9785
0.94946
0.76861
1.4363
0.97244
1.0154
1.3296
0.93374
0.89289
0.88268
0.67899
1.1452
1.1106
1.105
1.0766
1.5536
1.1041
1.0589
1.0213
0.80512
0.74607
1.3046
0.90903
0.7358
0.89959
1.0406
1.0202
0.88392
0.89373
0.98077
0.71827
0.96646
0.99366
0.97676
0.87937
0.86307
0.78424
1.0917
0.71754
0.94267
0.84564
1.0631
1.1167
1.0217
0.74784
0.96661
0.9565
1.0753
0.76325
0.88505
1.2674
0.96509
0.82902
1.4065
0.99546
1.646
0.89707
0.93357
1.4478
1.0613
1.0734
0.80018
0.97621
0.68712
0.97301
1.2676
0.87593
1.1045
0.8112
1.0703
0.99131
1.3036
0.87
1.0997
1.4305
1.081
0.97194
1.0407
1.5757
0.93252
0.95615
1.1845
1.1663
0.9734
0.65832
0.98404
0.92803
1.0134
0.92965
0.95692
1.0908
1.0916
1.4472
0.82615
1.5107
0.69355
1.1199
0.94288
1.0507
0.81152
0.77994
0.68384
0.84224
0.91942
0.86206
1.1137
1.3547
1.8132
0.73871
1.3211
1.1467
0.78375
0.66893
0.98933
0.9502
0.82522
0.69339
0.72916
0.85594
0.84177
0.99539
0.67809
0.61356
1.1328
0.99721
1.1123
0.71751
0.80574
0.91125
0.74356
1.0617
1.315
0.90693
0.88707
0.85492
0.97464
1.2695
1.0391
0.74872
1.0317
0.87965
1.1649
0.62149
0.82936
0.99176
1.0847
0.87758
1.1361
0.8833
1.2375
1.5119
1.2018
0.94777
1.2922
0.81386
0.98661
0.88033
0.98395
0.70717
0.75569
0.99765
0.87746
1.0923
0.92764
0.85981
0.74376
0.90824
1.271
1.0678
0.96494
1.2519
1.01
1.569
1.0455
0.89797
0.92948
1.1276
0.78943
1.041
1.0561
0.92442
0.8172
1.4796
0.93345
0.71542
0.82387
1.2505
1.0672
0.93517
0.90775
1.1062
0.90237
1.132
0.76106
0.95735
0.94472
0.70905
1.1133
0.90738
1.1005
1.1037
0.98215
0.65692
0.78602
0.77631
0.8976
0.85382
0.70885
0.96694
1.02
0.88514
1.0276
1.2939
1.0034
1.0864
0.81974
0.98052
0.91872
1.1277
0.98179
1.1455
1.4198
0.74944
1.3712
1.1463
0.94127
0.82743
0.83128
0.80202
1.3203
1.0042
0.63605
1.1009
0.95609
1.5186
0.70026
0.94795
0.77156
0.74132
0.75513
0.91158
1.2755
1.304
0.84802
0.7894
1.4165
1.0622
1.0024
1.1122
0.83654
0.87997
0.87856
1.0649
0.99135
0.91295
0.95183
0.94674
1.0147
1.0415
1.076
0.91588
1.2025
0.96067
0.85902
0.73896
1.1221
0.83921
0.95681
1.2495
0.90351
1.2026
1.0669
1.0201
1.0607
0.66609
0.91398
0.85575
1.1339
0.89772
0.95025
1.1419
0.99238
0.84908
0.72329
1.1134
1.2546
0.96142
1.0366
0.83176
0.79419
1.1843
1.1845
0.96933
0.87723
0.99821
0.89013
1.0008
1.2671
0.82651
1.1352
1.3277
0.96074
0.93404
0.74075
1.0797
0.73833
0.95336
1.1564
1.0238
0.95096
1.0753
1.0225
1.479
1.243
0.90223
1.171
1.2029
0.74447
0.90104
1.0023
0.73171
0.85653
0.89744
1.1299
1.1327
0.95069
1.1682
0.97734
1.0697
0.97832
0.94044
0.8596
0.6435
1.1661
1.0508
1.067
0.95506
0.75044
1.0891
1.0325
1.078
0.64435
1.078
0.65188
1.0823
0.61797
0.90098
0.74061
0.94011
0.78941
0.91071
1.0203
0.97119
0.87242
0.74259
1.227
1.0145
0.85385
1.1097
0.91319
0.84035
0.92808
0.8035
0.73108
1.2229
1.2469
0.95329
0.94607
0.92174
1.0506
1.0259
0.77804
0.92814
0.9772
0.95506
0.98149
0.95828
1.1749
1.0027
0.74837
1.1072
1.0409
0.91753
0.89453
1.0189
1.0548
1.24
0.98137
0.80928
0.92754
0.93423
0.94942
0.99659
0.76847
1.2616
0.98471
0.98682
1.1678
0.96204
1.1114
1.1944
0.90162
1.1254
0.74221
1.0238
0.86237
1.136
0.89256
1.0278
0.85669
0.96834
0.98695
1.5177
0.84695
0.80607
0.95806
0.77926
1.0628
0.78894
0.84522
1.1756
1.0598
0.94642
0.99936
1.0712
0.72366
0.87355
0.94887
1.2196
1.049
0.98521
0.60752
0.96791
1.0096
1.1598
1.1188
0.67483
0.87063
1.0564
0.98437
0.99658
0.63001
1.1506
1.0726
0.78636
1.606
1.1645
1.0469
1.0869
0.98018
1.1196
1.0345
0.9369
1.0561
0.81926
1.1634
0.9299
0.70258
0.99124
0.99575
1.1818
0.8657
0.88941
1.0621
1.0819
0.76229
0.88316
1.299
1.024
0.76495
0.84992
1.0427
0.73141
0.95839
1.005
1.5063
0.9834
0.98997
0.95265
1.2376
0.73948
1.1435
0.94032
1.0531
0.86893
0.95467
1.0168
1.2893
1.3102
0.78264
0.72748
1.0881
1.0921
0.93885
0.89273
0.90119
0.84605
0.68161
1.3754
1.0088
1.1592
0.58758
1.1553
1.0031
0.98075
0.73139
1.1828
0.78227
0.84292
1.1706
1.0232
0.66346
1.2629
0.8973
0.79809
1.0834
0.94285
0.84588
0.90456
0.85106
1.0487
0.93468
1.1639
0.89375
0.89625
1.0337
0.66157
1.0403
1.2068
1.2772
0.86059
0.57413
1.1418
1.0774
0.95998
1.1097
0.87428
1.1707
1.4237
1.3409
0.83317
1.026
0.98245
0.99126
1.0361
0.96904
1.2636
0.76793
0.92279
0.93303
1.0167
0.83532
0.77326
1.2285
0.72943
0.87288
1.2516
1.3431
1.0842
1.0432
1.0294
0.77092
1.1754
0.96903
1.1631
0.69226
1.0866
0.83272
1.131
0.74621
1.0212
1.3542
0.83893
1.3745
0.93652
0.77609
1.2679
1.045
0.98546
0.88025
1.0646
0.75926
0.81235
0.67251
0.77091
1.0258
0.70569
0.94923
1.0469
0.55637
1.0772
0.93322
0.92882
1.1771
1.0847
0.80652
1.2776
0.95239
0.83952
0.92581
1.0198
0.80842
1.0981
1.0581
1.0938
0.85218
1.0516
0.82083
0.97637
1.1725
1.1579
0.97829
1.0487
1.2635
0.92014
1.0762
0.82727
1.3556
0.96028
0.63816
1.6626
1.1996
0.86683
0.84482
1.1102
1.0858
0.92011
1.3481
1.0064
1.1114
0.93338
1.2119
1.0013
1.2275
1.4625
1.3172
0.97618
0.73185
0.91803
1.1037
0.84952
1.0645
1.0045
0.84082
0.99621
1.0039
1.052
0.8395
1.5287
0.86634
1.2739
1.0629
1.1042
1.1918
0.88541
1.2696
1.0582
1.2583
1.2504
1.0566
0.84676
1.3026
1.1015
0.93189
0.80887
0.95265
0.93885
1.0077
0.9096
1.2753
1.1156
0.69455
1.1892
0.99343
1.0412
1.041
1.5231
1.0068
1.2311
0.77056
0.79456
0.80514
0.90568
0.92256
1.2266
0.9676
1.2026
1.2994
1.07
1.4388
1.2687
1.0806
0.89956
0.96859
1.0684
1.2812
1.0139
0.84011
1.2061
1.0895
0.7519
0.76156
0.89685
1.0939
0.82999
1.0031
1.2095
0.82175
0.97347
1.0255
1.0913
1.0743
0.82656
1.3683
1.318
0.78764
1.0422
0.80385
0.76204
0.75317
1.2797
0.80091
0.83247
1.1369
0.73075
0.95322
0.86578
0.92379
1.2556
0.94622
1.1874
1.0999
1.2975
0.85881
1.2088
0.95116
0.79415
0.81909
0.87208
1.0001
0.7326
1.0158
0.88982
1.2316
1.1646
0.85771
0.64287
0.7631
1.0795
0.97288
1.5812
0.93337
0.84403
1.1042
0.93426
1.0534
1.1126
0.97335
0.93939
0.90013
1.1693
1.101
1.2058
0.93708
1.0958
0.9072
0.73097
1.3641
0.87853
1.1301
0.77025
0.89458
0.90758
1.135
1.0035
1.0059
0.81544
1.0963
0.8404
1.0015
1.1296
1.2725
0.87988
1.3295
1.3347
0.8835
0.87863
1.1217
0.9779
0.92917
0.69038
1.0243
0.96311
1.0539
1.1571
0.68478
0.62534
1.5025
1.3508
0.70445
0.91404
1.1041
1.1239
0.95462
0.8582
0.97343
0.92978
0.61921
1.3372
0.82327
0.71558
0.67015
0.87064
0.93567
0.96487
0.76689
1.3079
0.86724
1.3008
1.4508
1.1418
1.0056
1.3899
0.73026
0.81346
1.116
1.0975
1.0731
0.96312
1.1121
1.3102
1.1671
0.63798
0.58163
0.7466
1.3828
1.1607
0.95651
1.3505
1.091
0.96981
1.0122
1.1192
0.84554
0.91479
0.88584
1.2017
0.99846
0.97246
0.69769
0.78637
1.0606
0.67707
0.89521
0.68733
0.80866
1.0339
0.89669
1.4073
1.0976
1.1207
1.2148
1.0373
0.80092
1.5173
0.88556
1.1623
1.0726
1.1479
0.87442
0.84514
1.1199
0.74771
1.0222
1.0374
0.82628
0.93056
1.03
0.93921
1.1764
1.0125
0.77107
0.95897
1.0915
0.97477
1.0232
0.68993
0.97957
0.97414
0.85844
1.4454
0.87025
0.92246
1.1992
1.3752
1.2222
1.0074
1.0508
0.85825
0.85019
1.3066
1.0382
0.58274
0.78038
0.90284
0.74539
0.92832
1.0182
0.85907
0.99655
1.1717
0.85973
0.78183
1.4274
0.99937
1.3869
0.76384
1.0925
1.2446
1.0769
0.78808
0.6823
0.97854
1.0616
1.0148
0.7808
1.3736
0.75145
1.3096
1.1009
0.93487
1.637
0.76639
0.63709
1.0075
0.80687
1.0189
0.89611
1.1959
0.81741
1.3065
0.98872
0.9975
1.3727
1.0164
0.87983
1.1263
1.0514
0.8509
1.1473
0.99657
1.3318
1.0083
0.89599
0.81287
1.0169
0.92828
1.0069
0.83395
0.95918
0.65046
0.99618
1.3329
1.134
1.4732
1.5144
1.3584
0.68253
1.3585
0.87626
1.0518
0.62299
1.1764
0.93674
0.93917
1.1732
1.3552
1.4073
0.93848
0.95599
1.1794
0.96841
0.631
1.0338
0.83075
0.75049
1.0155
0.86759
1.1062
0.96458
1.3108
0.99551
1.1078
0.81701
0.98907
0.83461
0.92602
0.95632
0.87648
1.0028
0.75777
0.88494
0.88324
0.8745
0.99644
0.81772
1.1499
1.1396
0.95825
0.71782
0.77915
0.99456
0.85805
1.3751
1.2192
0.97316
0.98958
0.87756
1.0366
0.94659
1.0261
1.0418
1.3973
1.029
1.0305
0.9758
0.91673
1.0261
0.92973
0.91769
0.7641
0.72272
0.97534
1.3704
1.0712
0.72989
0.88834
1.16
1.4715
0.76663
1.1557
0.87253
1.0356
1.1148
1.2659
0.88707
1.0232
1.3916
1.3599
1.0659
0.76627
1.1468
1.0086
1.4657
1.1198
0.94209
0.82111
0.80444
1.0873
0.72495
0.99706
1.1457
1.3256
0.87132
0.86915
0.94248
1.2802
0.89774
0.90915
1.1807
0.69532
1.0531
1.2824
1.0203
0.88582
1.0989
1.0218
0.9902
1.136
0.89868
0.84425
1.0814
1.1926
1.0367
1.3919
1.1229
1.0959
1.1321
1.0289
1.1459
1.1396
1.2739
0.95499
1.2099
0.81173
1.2108
1.2127
0.87902
0.92692
1.5705
1.0609
0.778
0.85557
0.98719
0.93537
1.2663
0.93532
0.95602
0.83524
1.055
0.80255
0.95091
1.2804
0.65149
1.3547
0.72582
0.85511
0.88517
1.1499
0.98957
1.3027
1.3793
0.79299
1.1335
0.9322
1.3296
0.86561
1.0033
0.86008
1.064
0.93074
0.95561
0.87396
0.82394
1.0962
1.4507
1.1851
0.78747
1.4813
0.99959
1.2589
0.79327
1.1748
1.0261
1.306
0.9997
1.0682
0.85625
0.98916
0.83405
1.0002
0.84683
0.85201
1.1547
1.022
0.94357
0.98323
1.2398
1.3856
1.4765
0.69498
1.0433
0.7091
1.3687
1.1313
0.99245
1.2592
0.94108
1.3086
1.3259
1.2581
0.76903
0.78526
1.2579
0.87471
1.0119
1.1073
1.1119
0.90813
1.0511
1.1786
0.98865
0.8753
0.93874
1.2948
0.81157
1.2353
1.337
1.2466
1.405
0.99742
0.72343
0.81544
1.459
0.87813
0.82336
0.90325
1.168
0.91791
1.083
0.94371
1.1429
0.86895
1.0197
0.98068
1.0513
0.93247
1.2136
1.1185
0.9509
0.83599
1.2692
1.0942
0.80585
1.1933
1.2155
1.0789
0.99752
0.72217
1.1521
1.6977
0.90587
0.86634
0.82965
0.93343
0.71182
0.94677
0.9228
0.94226
0.84954
1.023
1.3119
0.79166
1.013
1.0985
1.1327
1.143
0.87231
0.91103
0.99849
0.8747
1.1415
1.0031
0.82839
1.2025
1.2191
0.88399
0.72599
1.4144
0.91704
1.3434
0.97822
1.1761
0.87337
1.0571
1.3121
0.88461
1.0387
1.0222
1.0134
0.97157
0.94102
0.83403
1.1262
0.74695
1.0066
0.79065
0.75718
1.1661
0.99255
0.66458
0.87279
0.75781
1.1702
0.94241
1.1478
1.1561
1.1033
0.92323
0.98198
0.96912
1.0444
0.85885
0.79744
1.1885
1.0378
1.0229
1.2071
1.2518
1.0073
0.82021
0.63003
0.87592
1.0299
0.61443
1.3124
0.80361
0.9729
1.0862
1.2526
0.90431
1.1079
1.0999
0.92287
1.0064
1.0651
0.81552
1.2294
0.92373
0.93022
1.0983
0.84629
1.0299
1.0569
1.1168
0.81892
1.0502
1.124
0.91255
0.79643
1.0773
1.0151
1.7583
0.6876
1.2405
0.97787
1.4063
1.1463
0.99365
0.90892
0.8526
1.1782
0.99582
1.0486
0.81484
0.58678
1.0461
0.60941
0.99577
1.0671
0.93335
1.3059
0.93992
0.96821
0.98774
0.98853
0.99
1.1058
0.97949
1.1362
0.94646
0.62471
1.0945
1.0275
1.1242
1.2649
0.79448
1.2959
0.94108
1.0926
1.5445
0.79681
1.148
0.69875
1.0004
1.1542
0.9701
0.87065
1.1506
0.80027
0.94832
0.81766
0.84751
0.94001
1.4215
1.0233
1.0004
1.3241
0.81586
0.95377
0.94577
1.1555
1.0847
1.2697
0.91431
1.2947
0.79782
0.8324
1.0249
1.0201
1.0233
0.75896
1.3498
1.0218
0.91066
1.1188
0.96839
0.90572
0.77868
0.95223
0.93962
1.2357
1.039
0.67802
0.74123
1.0415
0.92945
0.95173
0.6347
1.1808
1.5432
0.85744
0.81787
1.4211
0.80166
1.0119
0.77741
0.85261
0.71675
1.2028
0.94165
1.2262
1.0406
1.0564
0.92823
1.1117
0.96106
1.3503
0.99121
0.90455
0.88146
0.98041
1.1028
1.1298
0.80806
1.0967
1.6271
0.98667
0.9689
0.95306
1.0424
0.84559
1.4705
0.84418
0.9456
1.0127
0.75136
0.83581
0.91793
1.1624
1.0391
0.89097
0.71767
0.77917
0.88255
1.0763
0.92134
0.92596
0.92918
0.77012
1.2903
0.79869
1.0356
0.7619
1.0702
1.0692
0.77506
1.0183
1.1333
0.96638
0.98246
0.9516
0.78697
0.99193
1.1428
1.0742
0.94074
1.1627
1.1652
0.90148
1.3021
1.026
0.76966
1.1727
1.2329
1.1249
0.79703
1.2892
0.88003
0.85665
1.1449
0.61674
1.1929
0.9772
0.93593
0.69482
0.88849
0.72195
1.0739
1.1341
0.90908
0.91717
1.0379
1.5851
1.2672
0.63495
0.77354
0.95928
0.78332
1.0989
0.86949
1.0342
1.1013
1.0207
0.90788
0.76971
0.94497
0.82216
1.5809
0.95812
1.0774
1.2101
0.86922
0.66189
0.89918
1.0073
1.1274
1.087
0.84644
1.0144
0.97037
1.0643
0.89775
1.3623
1.0228
0.8469
1.0689
1.0405
0.72279
0.93969
0.85152
0.93857
1.2106
1.4758
1.3009
1.4678
1.2036
0.86094
0.89413
0.54835
0.96635
1.0331
0.99053
1.1191
0.97572
1.4452
0.97963
0.76258
0.7451
1.0859
0.85767
0.72516
1.0316
0.90588
0.93362
1.1958
1.2579
0.86235
0.96936
0.81479
1.1498
1.0205
1.5766
1.0524
1.2162
0.85139
1.185
1.3074
1.0496
1.0499
0.99214
1.2192
0.64892
0.98907
1.322
0.72485
1.2155
1.3159
1.2253
0.71314
0.93652
1.1089
0.7454
0.60838
0.92093
1.2379
0.95474
1.3831
0.85895
0.75245
1.0807
0.79412
0.95825
0.80268
1.1111
1.4381
0.92559
1.0597
0.96581
1.0284
0.84827
0.87747
0.58004
0.74414
1.2151
1.1017
1.0182
1.1138
1.1209
0.80704
1.0582
0.97116
1.0364
0.83759
0.7344
1.0173
1.2642
1.2125
0.90086
0.70214
0.78689
0.87588
1.1055
0.9928
0.84531
0.99419
1.1422
1.3141
0.96565
0.7896
0.81779
0.88548
1.0197
0.87089
0.93948
0.94887
0.83905
1.2465
0.78193
0.90162
1.1074
0.62753
0.78145
0.83625
1.338
0.79991
1.1164
1.0235
1.0212
0.95069
0.60493
0.87516
0.95295
0.97787
1.1888
1.1348
1.0896
1.1032
1.2543
1.0155
1.0395
1.3696
0.96383
1.0769
0.74355
0.8814
0.90789
1.0308
0.9646
1.4265
0.90155
0.82838
0.86156
0.97429
0.97253
1.2029
0.94683
0.99899
1.3053
0.96719
1.1851
0.89058
0.86027
0.69355
1.1707
1.5878
1.0883
0.87968
0.9873
1.1169
1.1145
1.2038
0.98867
0.74241
1.2162
0.79494
0.85845
0.90963
1.0641
0.67752
0.98974
0.78973
0.88915
0.84538
0.71091
0.74819
1.097
1.0309
0.84948
1.1227
1.4146
1.1215
0.94766
0.76215
1.0264
1.1
0.92165
1.0478
0.93021
0.89227
0.7885
1.0617
0.87585
1.0914
0.94253
1.1688
1.2693
0.99268
1.0995
1.0445
0.74793
1.2226
0.89803
0.75034
1.0016
0.75314
0.89237
1.6654
1.1179
1.2369
0.90022
0.94744
1.0591
1.4981
1.157
1.2811
1.2852
0.87442
0.91492
1.2142
1.3471
0.96887
0.87702
0.72433
0.84937
1.2405
0.65743
0.77537
0.79603
0.67753
1.0307
1.0231
1.3516
0.85028
1.2162
1.131
0.86412
0.92405
0.89177
1.0479
1.173
0.86766
0.95161
0.85497
0.92658
0.88874
1.0249
0.74683
0.76199
0.79347
0.91138
1.0651
0.93591
1.0763
0.91873
0.73696
0.93596
1.0839
1.1459
0.68667
0.98394
0.89277
1.642
1.3491
1.2939
1.059
0.74409
1.214
0.93015
1.0461
1.021
1.1194
1.0268
1.3392
1.1173
1.1186
0.91062
1.1439
1.1912
0.91496
0.85986
1.0707
1.2246
1.0044
0.77054
1.0573
0.67157
0.875
1.1532
0.94699
0.74414
0.74443
1.0327
0.83553
0.88993
0.86242
0.87669
1.0372
1.3132
0.79979
1.1095
0.90778
1.1702
1.0059
0.6254
0.79269
0.86507
1.0544
1.2839
0.84149
1.3484
0.95699
0.96549
1.1903
1.0015
0.78108
0.84239
0.83226
1.0386
0.88782
1.0607
0.87702
0.85402
1.1203
0.88962
1.0703
1.0848
1.1839
0.90412
1.0998
0.75796
1.237
0.88998
0.77186
0.76625
0.83635
0.72881
0.93915
0.76238
1.0806
0.90035
0.7519
1.3117
1.1285
1.2253
0.90065
1.0988
0.84151
1.0804
0.77336
0.98242
1.2132
0.88519
0.82149
1.124
0.98374
0.79548
1.0474
0.6618
1.3357
0.80081
1.0004
1.0396
1.4079
1.1259
1.0046
1.2389
0.73236
1.078
0.82362
1.099
0.88437
1.0164
1.1645
0.80756
0.99651
0.76881
0.79011
0.84495
1.2817
0.92789
1.155
1.0027
0.79728
1.1323
1.5474
1.0756
1.2531
0.95031
0.99711
1.0538
0.78131
1.3886
0.75827
1.3097
1.1194
0.866
0.94647
0.68937
1.1515
1.1012
0.85666
0.86667
0.9314
0.79159
0.95742
0.67919
1.0537
1.0023
1.1137
1.1106
1.1326
0.78829
1.2149
0.9445
0.84834
1.2234
0.9319
0.97023
1.0642
0.86506
0.94814
0.94426
1.3208
1.4142
0.90581
1.1194
0.77409
1.2082
0.85058
0.83205
1.2038
0.76347
0.78285
1.0814
1.1288
0.68517
1.0912
1.0221
1.162
0.81158
0.90055
0.92832
0.95783
0.83875
0.82928
0.91751
1.1099
1.1059
0.80449
1.0941
1.1242
1.0274
1.087
0.63397
1.0087
0.90677
1.0881
0.81136
1.0963
0.99503
0.84931
0.945
0.74145
1.0499
1.0326
1.0173
1.3155
1.0506
0.87874
1.1878
0.81728
1.1202
0.73965
1.0846
0.78867
1.1461
0.8072
1.0783
0.90871
0.75083
0.73183
1.2372
0.88046
1.0064
0.94369
0.71496
1.155
1.1142
0.72393
0.72637
1.0199
1.0469
0.96192
0.80496
0.77166
1.2098
0.68838
0.96941
1.0266
0.84174
1.1567
1.0715
1.1124
0.66282
0.9178
0.87478
0.82048
0.74529
0.93262
1.1805
0.79546
0.94186
0.65643
0.86112
0.89238
1.1189
1.0231
1.0505
0.954
1.1491
1.1241
0.73284
0.83596
0.88913
1.1299
1.1049
0.92555
1.1079
0.93406
0.97534
1.044
0.71301
1.0777
1.0861
0.90526
1.0198
0.96564
0.74684
0.93923
1.0985
0.73868
0.96363
1.1076
0.79745
1.2311
1.0083
1.0172
0.77659
0.94993
0.96694
1.2109
0.98325
0.72082
0.80406
1.3558
1.0677
1.0496
0.76177
1.0219
1.231
0.80678
0.87658
0.85351
0.88255
1.0334
0.91136
0.85527
1.3912
1.0031
1.0761
0.87845
0.93418
1.1067
0.73213
0.87213
0.93194
0.78171
1.1054
0.88091
1.1976
0.73899
0.83545
0.92918
1.2941
0.75366
1.0484
1.1311
1.0334
1.1025
1.1754
1.1871
0.77012
0.98775
0.72452
0.89898
1.1376
1.0523
0.70092
0.64623
0.53432
1.1211
0.97313
0.79195
1.2719
0.87401
0.70862
1.2094
0.87288
1.1178
1.3879
1.3097
1.2791
0.79804
1.11
0.89658
0.91781
0.83022
0.83685
1.3352
0.85059
1.0016
1.9468
0.90931
1.1492
0.79223
0.91364
0.76274
0.88522
1.263
1.1262
0.78925
1.1365
0.8842
1.0522
0.96758
0.89166
0.93445
0.7781
0.94462
0.85223
0.75975
1.1389
0.56686
1.1133
1.2646
0.77301
1.25
1.0013
0.71069
1.0356
1.2374
1.1951
1.0575
0.77741
1.0139
0.94494
1.168
0.96011
0.85535
0.70009
0.97755
1.0689
0.88848
1.0988
1.2657
0.92923
0.65561
1.0459
1.0472
0.75937
1.1458
1.0763
0.83583
0.77185
1.1253
0.78571
1.1715
0.84879
1.0848
1.1502
1.3103
0.95817
0.91808
0.93419
1.029
0.88713
0.76399
1.0179
0.91885
0.82051
0.9608
0.70273
0.87979
0.97315
0.82682
1.0524
1.0272
1.2294
1.281
1.026
0.96968
1.0305
1.0115
0.82419
1.5503
0.92566
1.0788
0.78376
1.0485
1.1439
0.96674
0.85771
0.82644
0.79233
0.6554
0.98676
1.1467
0.84265
1.2819
0.98589
0.69064
0.92622
0.94324
0.9229
0.879
1.0085
1.0007
0.7767
0.97026
1.241
0.76612
0.89938
0.98494
0.8369
0.66548
0.71865
1.1007
0.9354
1.3269
1.2398
1.3972
1.0128
1.0733
1.3659
1.0412
1.0079
0.83132
1.1816
0.99327
0.90266
0.61988
0.93023
1.3083
1.3846
1.0641
1.0797
1.0782
0.72849
1.3033
1.166
0.96684
1.045
1.1712
1.1443
1.275
0.87003
1.1632
0.96567
0.79555
1.0594
1.438
0.92883
1.366
0.82337
0.98429
1.3109
1.3907
0.9941
0.79069
1.0167
0.89014
0.98075
0.95443
0.88806
0.92696
1.5425
0.77706
1.107
1.345
1.0613
1.2629
1.3509
0.8316
1.2826
0.71526
1.139
0.61425
0.88044
1.1717
1.186
1.1264
0.86501
1.2866
0.83429
1.0924
1.2681
0.71946
1.3065
0.86054
1.2538
1.2609
1.2068
0.8698
1.0991
0.90442
1.1518
1.165
1.318
1.1303
0.88116
0.95157
0.952
1.0966
1.0401
0.7577
1.196
0.95042
1.2258
0.94292
0.81538
1.1025
0.90866
0.99282
0.94966
1.1214
0.87918
0.93249
1.2057
0.72062
0.94494
0.87218
0.64786
1.3901
1.0216
1.1483
1.5152
1.4091
1.0277
0.88162
0.81163
1.0545
1.277
0.95189
0.9286
0.93163
1.0808
0.98771
0.84186
1.0129
0.9451
0.69913
0.84239
1.1869
0.76101
0.95975
0.97917
1.0037
1.1884
0.98116
1.2165
1.0001
0.99945
0.91441
0.84344
0.91153
0.73759
0.9256
