0
0
0
0
0.18932
0.74266
0
0.55217
0
0
0
0.064972
0.19295
0
0
0
0.32537
0.49137
0
0
0
0.089458
0
0
0.042771
0
0
0
0
0.071879
0.40863
0.13456
0.12527
0.20202
0
0
0.007446
0
0.072428
0
0
0.062185
0.018003
0
0.40148
0
0
0
0.098826
0
0.14766
0.026605
1.1373
0
0.23082
0
0
0
0.32172
0.059325
0
0.17646
0.47102
0
0
0.045345
0
0
0
0
0
0
0
0.64465
0
0
0
0.43344
0
0.14532
0.58742
0
0.35964
0.19946
0
0
0.00083839
0
0
0
0
0.024491
0.35835
0.21579
0
0
0.17789
0.069181
0.82335
0
0.045589
0.26762
0.10493
0
0.10677
0
0
0.41491
0.3545
0.0003525
0.18318
0.15947
0.19942
0
0
0.77487
0.69889
0
0.33951
0
0
0.30278
0
0
0
0
0.26795
0.094548
0.17736
0.20708
0.54048
0.31698
0
0
0
0
0
0
0.17812
0.70365
0.11277
0
0.24711
0.20945
0.49689
0.16018
0
0
0.2293
0.089627
0.006974
0
0
0
0.06487
0
0
0
0.32933
0
0
0
0
0.61053
0
0.064343
0
0.089168
0
0
0.23456
0
0.0065105
0.61186
0.095824
0.14346
0
0
0
0.44693
0
0.35535
0
0.51676
0.057171
0.44184
0.13075
0
0.29987
0
0
0.053399
0
0
0
0.46542
0.27604
0
0.018553
0
0
0
0
0.063583
0.16553
0
0
0.21798
0
0.16898
0
0.38464
0.56153
0.058961
0
0
0.37952
0.16482
0.036176
0
0
0
0
0.34963
0
0
0
0.039413
0
0.068006
0.48725
0.035848
0
0.92746
0
0
0
0
0
0
0.035269
0
0.11682
0
0.25895
0.18112
0
0
0.44348
0
0.12107
0
0
0.11991
0
1.2337
0
0.34734
0.19547
0.12964
0
0
0.34646
0.26425
0
0.043198
0
0
0.11328
0.16377
0.4804
0.22937
0.3206
0
0
0
0
0.22145
0
0.40413
0
0.1821
0.10743
0
0
0
0.21973
0
0.12124
0
0.1362
0
0.4592
0.047319
0
0
0
0.35678
0
0.16473
0.19326
0
0.33116
0
0.16192
0
0
0.073137
0.56774
0.21313
0.46453
0
0
0.021606
0.31096
0
0
0
0
0
0
0.4132
0.80214
0.028963
0
0.18274
0.091808
0
0
0
0
0
0.30606
0
0
0
0
0
0.055397
0.56409
0
0
0.19115
0.11832
0.26946
0.62771
0.36393
0
0.096112
0.23007
0
0.765
0.024537
0
0
0
0
0
0
0
0.068995
0
0.146
0
0.28635
0.42
0
0.30875
0
0
0.50113
0
0
0
0
0
0
0
0
0.20778
0
0.046596
0.35483
0.3476
0.2768
0
0
0.3577
0
0.2672
0.27889
0.15332
0
0
0
0.26385
0
0
0
0
1.0569
0.70413
0
0.28695
0.48067
0.0058508
0
0.20484
0
0
0
0
0
0
0
0
0.53064
0.6752
0
0.2711
0
0
0
0
0
0
0
0
0.11048
0.45873
0.2688
0.75575
0
0
0
0
0.42841
0
0.35719
0.49054
0
0.041172
0
0.056629
0
0
0
0
0.078924
0
0.59787
0.13478
0
0
0
0
0
0
0
0.075934
0.89095
0
0
0.013041
0.20593
0.2376
0.15808
0
0
0
0
0.032812
0
0.43723
0.12651
0
0
0.41644
0
0.48931
0.11128
0
0.08853
0.13063
0
0
0.076579
0
0.076703
0
0.31229
0
0
0.13825
0.57936
0.014592
0
0.43873
0
0
0.20301
0
0
0
0
0
0.28876
0.51791
0.26975
0
0.16662
0
0
0.41101
0
0.034256
0
0.192
0.018663
0.038745
0.027202
0
0
0
0.57346
0
0
0.080003
0
0
0
0
0.78129
0
0
0
0
0.11203
0
0.50682
0
0
0
0.021627
0
0.25998
0
0
0.20822
0
0.22666
0.012572
0
0.3963
0.19243
0
0.42473
0.076556
0.045779
0.078873
0
0
0
0
0
0.06163
0
0
0.12784
0
0
0
0.20391
0
0
0
0
0.099354
0
0
0.080741
0.043654
0.58905
0.74652
0
0
0
0
0
0.086638
0
0.52917
0
0.055821
0
0
0
0.48738
0
0
0.034532
0
1.0316
0.11757
0
0
0
0
0.47032
0.099981
0
0
0
0.092076
0.20403
0
0.3663
0
0.16415
0.26738
0
0
0
0
0
0
0.039977
0
0.11055
0
0
0
0
0
0.16857
0
0
0.26431
0
0
0
0
0
0.29532
0.47663
0
0.094882
0.52002
0
0.33052
0
0
0
0.11229
0
0.54158
0
0
0
0.51641
0.27807
0.44691
0.039546
0.78014
0
0
0
0.35008
0.13206
0
0.3305
0.45857
0
0.098493
0
0
0.094502
0
0.84167
0
0.58171
0
0
0
0.028594
0.41053
0.18599
0
0
0
0
0
0
0
0
0
0.075172
0
0
0
0
0
0
0
0.07136
0.72077
0.30973
0.29508
0
0.21497
0.03654
0
0.83059
0.074188
0
0.22323
0
0.46724
0
0
0
0.26151
0.33587
0
0
0.067001
0.60637
0
0
0.10097
0.42906
0.048197
0
0
0.3648
0.082261
0
0
0
0
0.33861
0
0
0
0.55115
0.60527
0.026068
0
0
0
0
0
0.081815
0.5065
0
0
0.56368
0
0.111
0.032503
0
0
0
0.64468
0.064528
0
0
1.3963
0
0
0.045927
0
0.35774
0.2033
0
0.10308
0
0.089523
0
0
0.38337
0
0.096291
0
0.40916
0.83836
0
0.13347
0
0.11628
0
0
0.34736
0
0.42804
0
0.49487
0
0.58082
0.32114
0.18247
0.16697
0.29725
0.0034387
0.15195
0
0
0
0
0
0.39595
0
0
0
0.19785
0.25266
0
0
0
0
0.278
0.18778
0
0
0.15899
0
0
0
0
0
0
0
0
0
0.93921
0.088748
0.11513
0
0.23368
0
0.075323
1.0951
0
0
0
0
0.20911
0
0.57381
0
0.065405
0
0
0
0.013195
0.18413
0.076526
0
0.43008
0
0.50957
0.16636
0
0.17453
0
0.40793
0
0
0
0.13235
0
0
0
0
0
0.010303
0
0
0
0
0.079463
0.050063
0
0
0.055932
0.05734
0.19844
0.38566
0.32039
0
0.22262
0.13241
0.48712
0
0
0
0
0
0
0.27194
0.25422
0
0.023478
0
0
0
0.010939
0.23982
0.11719
0.0441
0
0
0
0.20751
0
0
0
0
0
0.43108
0.023251
0.5184
0.11585
0.085534
0
0
0
0.053403
0
0
0.42812
0
0
0.17399
0
0
0
0
0
0
0.17803
0
0.49869
0.37451
0
0
0.027998
0.12861
0.65745
0.11593
0
0.45584
0.21276
0
0
0
0
0.29583
0
0.054644
0
0.15194
0.30972
0.13278
0
0.35442
0.10438
0.2955
0
0.33898
0.018611
0
0
0.053616
0
0
0
0.083028
0
0
0.1241
0.013641
0
0.088162
0
0.053882
0
0.15549
0
0.48378
0
0.29246
0
0.70039
0
0
0.18525
0
0
0
0.45341
0.48869
0.0016055
0
0.6632
0
0
0.12887
0.35433
0.55077
0.067751
0.038113
0
0.023268
0
0
0.12595
0
0
0.04535
0.35786
0.51971
0.0029448
0.47817
0.63975
0.047838
0
0
0.49927
0
0.075827
0
0.25825
0.59238
0
0
0
0
0
0
0.27051
0.067692
0
0
0
0
0
0
0
0.15356
0.66365
0.19975
0
0.085963
0
0.53704
0
0
0.63603
0.49571
0.066169
0
0
0
0
0
0.2273
0
0.0093186
0
0
0
0.035634
0
0.70887
0
0
0
0.1008
0
0
0
0
0.051145
0.35528
0.052113
0
0
0.20184
0
0.15772
0.17873
0.13023
0.1681
0.84989
0
0.21459
0
0.037065
0
0.010645
0.20975
0
0
0
0.079953
0
0
0.16936
1.0445
0
0.10896
0.25494
0
0.0023385
0
0.021674
0.1899
0.15543
0.077215
0
0.63224
0
0.56049
0
0
0
0
0.0069366
0
0
0
0.20737
0.021044
0.14823
0
0
0
0.35677
0.39653
0.022172
0
0
0.034793
0
0
0
0.27551
0.39489
0
0.023796
1.0015
0.19541
0.2858
0.0046337
0.38344
0.38806
0
0.27839
0
0
0.030944
0
0
0
0
0.038978
0
0.15196
0.1095
0
0.20338
0
0.065285
0.17879
0
0.23508
0.11812
0
0.45174
0.077857
0
0.0020856
0
0.1219
0.58191
0.37936
0
0
0
0.18866
0
0.19809
0
0.1146
0
0
0.45091
0.87731
0
0
0.11375
0
0
0.64695
0.0074486
0
0.21606
0
0.040641
0
0
0
0.0049689
0.42025
0
0
0
0
0.41
0
0
0
0
0
0
0
0
0
0
0
0
0
0.17317
0
0.15428
0
0
0
0.48255
0.19836
0.31976
0
0
0.12491
0
0.50518
0
0.30957
0
0
0
0
0
0.39719
0
0
0.051231
0
0
0.2375
0
0.35167
0.37848
0
0
0
0
0.60244
0.35983
0
0.44508
0.086617
0
0.024971
0
0
0
0.43988
0.86763
0
0
0.18948
0
0
0.11343
0
0
0
0
0.16633
0
0.53476
0.49593
0
0
0.6057
0
0
0
0.04592
0
0
0
0
0.77945
0.50887
0.062868
0.19335
1.1644
0
0
0
0.069365
0.18202
0.41955
0.020474
0
0.10133
0
0
0.43364
0.25013
0
0.59605
0.23517
0
0
0.092567
0.14719
0
0.16796
0.20124
0.43622
0
0
0
0.62853
0.032662
0
0
0
0.34147
0.14518
0.13958
0
0.25826
0.48867
0.20317
0.3086
0
0.046074
0.083105
0
0
0
0.66314
0
0.48728
0.082047
0.73573
0.44737
0
0
0.26326
0
0.2928
0
0.051171
0.19348
0.3768
0.022246
0.13375
0.034192
0
0
0.15065
0
0
0
0
1.0988
0
0.49094
0
0
0.080634
0.11368
0
0
0.38789
0.37536
0
0.13222
0
0.16553
0.53947
0
0.37008
0
0
0
0
0
0
0.015238
0.44533
0.23853
0.15432
0
0.20954
0.37349
0.085445
0.24871
0.069807
0
0.42281
0
0.022442
0.054444
0
0
0
0
0.21886
0.075406
0.088304
0
0.085246
0
0.050367
0.51889
0.27551
0
0
0.36746
0.72688
0
0
0
0
0
0.27192
0.060626
0.15958
0
0
0.0366
0.045533
0.29829
0
0
0.2715
0
0
0
0.18967
0.26544
0
0
0.41618
0.011153
0.09053
0.13394
0.47555
0
0.06048
0
0
0.48358
0.25917
0
0.46892
0.41509
0
0
0.40172
0
0.042414
0
0.2371
0.15162
0.28374
0
0
0.015057
0.37986
0.56322
0.44418
0.91502
0.070112
0
0
0.27171
0
0.26258
0
0.014873
0
0.8649
0
0.19933
0.30126
0.21321
0
0.84138
0.18051
0
0
0
0.58067
0.33068
0
0.045832
0.30741
0
0
0
0
0.4649
0
0.1559
0
0
0.011643
0
0
0.064385
0
0.17479
0
0
0.14443
0
0
0.85035
0.050761
0.36757
0.57582
0.020494
0
0
0
0.28984
0
0.35542
0
0
0.094825
0
0
0.1872
0.50972
0
0
0
0
0
0.017903
0
0
0.26106
0
0.35415
0
0
0
0
0.0033805
0
0.045565
0
0.53485
0.049822
0.14777
0.15011
0
0
0
0
0.77183
0.43796
0.31632
0.15851
0.25859
0.43373
0.16302
0
0
0
0
0.092787
0
0
0
0
0
0.24387
0.082636
0
0
0.013911
0
0.3826
0
0
0
0
0.020645
0
0.39878
0
0
0
0.31696
0.0083375
0.82208
0
0.098529
0.44208
0.027655
0
0
0.3119
0.021836
0.074185
0.4259
0
0
0
0.13662
0.52184
0.013263
0
0.20118
0.28553
0
0.021695
0
0
0.13108
0
0.35122
0
0
0
0
0
0
0
0
0.13897
0.17469
0.18434
0.35613
0
0.6478
0
0.1633
0
0.27666
0.027108
0.14883
0
0
0.68391
0
0.31257
0
0.048497
0
0.20453
0
0
0
0
0.47095
0.3552
0
0.069529
0.089234
0.094018
0.045913
0.14606
0.61543
0.19214
0.35165
0.037458
0.18074
0.74409
0.25801
0
0.53521
0
0
0.10467
0
0.41253
0.023787
0.31671
0.38662
0
0
0.033949
0
0.093226
0
0
0
0
0
0.34931
0.60306
0.14872
0.046793
0.012289
0
0
0.41129
0
0.16973
0.11134
0
0
0.30985
0.11385
0
0.060961
1.07
0.1574
0.057049
0
0
0.25011
0
0.1611
0
0
0.2297
0.041479
0.20886
0.076459
0
0.10558
0.67123
0.0062382
0
0.044399
0.14744
0.34592
0
0
0.088323
0
0.11117
0.27841
0
0
0.40604
0
0
0
0.31494
0.57974
0.27868
0.027965
0.11018
0
0
0.45821
0
0
0
0
0
0
0
0
0
0.15934
0
0
0
0.40439
0
0
0
0
0.11006
0
0
0
0
0
0.030029
0.18785
0
0
0
0
0
0
0
0
0
0
0.18444
0.0072939
0.10924
0
0
0
0
0
0.28722
0.034024
0.24481
0
0
0
0
0.039335
0
0
0.028479
0
0
0.12844
0.27462
0.012656
0
0
0
0
0
0.066946
0
0
0
0.40335
0.058201
0.032626
0.49926
0
0
0
0.01776
0
0
0.021828
0
0.52105
0
0
0
0
0.054535
0
0
0
0
0.46837
0
0.097518
0.35312
0.3376
0.022858
0.28169
0.30131
0
0.34851
0
0
0
0
0.72472
0
0
0
0
0.075508
0.22084
0
0
0
0
0
0
0.49967
0.82565
0.14928
0
0
0
0
0.24287
0.051641
0.15722
0
0
0.060663
0
0
0
0.38426
0
0.73324
0.41319
0.01706
0.011499
0.16422
0.20511
0
0.7198
0
0
0
0.14153
0
0.083748
0
0.15307
0.0048173
0.0025235
0
0.16966
0
0.31135
0
0
0.12798
0
0
0
0
0
0
0
0.051969
0
0
0
0
0.066368
0.88404
0
0
0
0.33264
0
0
0
0.18568
0
0
0
0.023909
0
0
0.1161
0.055483
0.42795
0
0
0
0.20416
0
0.18076
0.36296
0
0.33493
0
0
0.21242
0
0.98694
0
0.46364
0
0
0
0
0
0.062882
0
0
0
0
0
0
0
0
0.45937
0.19015
0
0.24993
0
0.059697
0
0.45106
0
0.80444
0.20139
0.89428
0.9044
0.28077
0
0.47619
0
0
0.30468
0
0.37357
0
0.21019
0
0
0.63163
0
0.21423
0
0.11498
0
0
0.049793
0
0
0
0.2013
0
0.42374
0
0
0
0.0095425
0
0.088368
0.022273
0.032968
0.15445
0
0
0
0.19861
0
0.13857
0
0
0.16931
0
0.46906
0.16085
0.45302
0
0
0
0
0.35066
0
0.088968
0.1703
0
0.020781
0
0
0
0
0
0
0
0
0.058611
0.28309
0
0.17966
0.39858
0.066133
0.26744
0
0.9082
0
0.0054113
0
0
0.17337
0
0
0.29174
0
0.17271
0
0
0
0
0
0
0.047252
0
0
0.32724
0
0
0
0
0.12801
0.50101
0
0
0.066688
0
0
0.26128
0
0.35479
0
0.13144
0
0
0
0.36852
0
0
0
0.15342
0.10335
0
0.17196
0.3752
0
0
0.059135
0
0.15715
0.17761
0
0.16979
0.32484
0
0.05199
0.14493
0
0
0.24589
0
0
0
0.068734
0
0.19573
0.051384
0.16297
0
0
0.21133
0
0
0
0
0.91083
0
0
0.87097
0.77201
0
0
0.15389
0
0.14429
0.15341
0
0.29475
0.14576
0
0
0
0.55459
0
0
0.62491
0
0
0
0
0
0.067044
0
0.27803
0.13632
0.075717
0.55096
0
0
0
0
0
0
0.072504
0.042823
0
0
0
0
0
0.12409
0
0.13403
0
0
0.14486
0
0.39995
0
0
1.1563
0
0.89651
0
0.11712
0
0
0.45479
0
0.14864
0
0.17647
0
1.0208
0
0.32951
0.15237
0.12132
0.15186
0
0.22598
0
0
0
0.32641
0
0.15212
0.30123
0.39759
0
0.48772
0
0.1258
0
0
0
0.12707
0
0.62171
0.16058
0
0
0.001487
0.13988
0.23553
0.066031
0
0
0.042713
1.0499
0
0.0064442
0
0.14363
0
0.35317
0
0
0.040328
0.23223
0
0
0.1582
0
0
0
0.07044
0
0.40934
0
0
0
0.024417
0
0.15581
0.20282
0.27388
0.058598
0
0
0
0.15
0
0
0
0
0.010917
0.55999
0.26614
0
0
0
0
0.234
0
0.67632
0
0.63733
0.12136
0
0.012236
0.2505
0.0070725
0
0
0
0.14744
0
0.028163
0.29061
0.25981
0.32867
0.020352
0.020385
0.22129
0.022896
0
0
0.20754
0.03009
0
0
0.39184
0.027261
0
0.51318
0
0.4003
0.27903
0.44648
0.00038874
0
0
0.52421
0.23045
0
0
0.47621
0
0.30147
0
0.073618
0.48626
0
0.11207
0.099587
0
0.75277
0.11817
0
0
0
0.43372
0.40319
0
0
0
0.32443
0.38566
0
0
0.18796
0
0.34891
0.30864
0
0
0.06377
0.45972
0.085674
0.12171
0.16792
0
0
0
1.225
0.087258
0.3109
0.35854
0
0
0.19097
0
0
0
0
0.32192
0
0.057057
0
0.44855
0
0
0.019275
0
0
0.44337
0
0
0.48638
0
0.032017
0
0
0
0
0
0
0.16909
0.21193
0
0
0.055376
0.18274
0
0
0.13384
0
0.15623
0.31913
0
0.047379
0.0049077
0
0
0.40043
0
0.6884
0
0
0.028215
0
0
0
0.11462
0.075286
0
0
0
0
0
0
0
0
0.1836
0
0
0.08363
0
0
0
0
0
0
0
0
0.18013
0
0.13753
0
0
0
0.049358
0.058542
0
0
0.090236
0
0
0
0
0
0
0.19334
0
0.051224
0.11194
0
0
0.31062
0.17066
0
0
0
0.32568
0
0
0.3222
0
0
0
0.18587
0.051611
0
0.11882
0.45395
0
0.017134
0.091734
0.15285
0.52647
0
0
0
0
0
0
0.38855
0
0.81635
0.32091
0
0
0.59521
0
0
0
0
0
0.087449
1.2055
0.18268
0
0.20095
0.12989
0
0
0
0.047185
0
0.38094
0.022199
0
0.00084112
0
0.20665
0
0
0
0.41105
0
0
0.15956
0.13561
0.030049
0
0.12709
0.36825
0.00034077
0
0.45424
0.49244
0
0
0.85665
0.14915
0
0.047625
0
0.17175
0.75432
0.57366
0.2477
0.21572
0
0.27817
0
0
0
0.15786
0.32673
0
0
0.022042
0
0.67824
0
0.27443
0
0
0
0.10252
0
0
0.18818
0
0
0
0.013685
0.24276
0
0.21972
0.16479
0
0.12866
0
0.029877
0.28505
0.063929
0
0.076165
0
0
0.2797
0
0.1783
0.41973
0
0
0.017761
0.098794
0
0
0
0.26575
0
0
0.13912
0.087346
0
0.028304
0.49274
0.68557
0
0
0
0
0.38644
0.38427
0
0.42619
0.1235
0
0.029745
0
0.10719
0.23741
0.04156
0
0
0
0.2308
0.36671
0.57397
0
0
0.21669
0.38293
0
0
0
0
0
0
0.33657
0
0
0
0
0
0.33655
0
0.86854
0.035532
0.55743
0
0
0.079104
0
0.0015447
0
0.21005
0
0
0
0.16386
0.23193
0.39945
0.40535
0.43412
0.40775
0
0.36229
0
0
0
0.10499
0.38446
0
0.067763
0.054891
0.1157
0
0
0.018601
0
0
0.12127
0
0
0
0
0.035065
0.10981
0.65095
0.074708
0.2997
0
0
0.057342
0
0
0.2539
0
0
0.45273
0
0
0.25598
0
0
0
0
0
0.43943
0.24277
0
0
0
0
0
0
0
0
0.53246
0
0
0
0
0.027641
0
0.34834
0.34121
0
0
0.076846
0
0.062786
0.37621
0
0.31121
0
0
0.012983
0.12192
0
0.3493
0.20432
0.090808
0.20137
0
0
0
0.081732
0.67434
0
0.37448
0.2751
0
0
0
0.13219
0.13454
0.18385
0.06176
0
0
0.39007
0
0.25964
0
0
0.014076
0.045325
0.10695
0
0
0
0.0088007
0.1572
0
0
0.015056
0
0.13504
0.054908
0
0
0
0
0.16994
0.019591
0
0
0
0
0.41355
0
0
0
0
0.30376
0
0
0.20449
0
0
0.48719
0.019561
0
0.16685
0
0
0.16278
0
0
0
0
0
0
0.073849
0
0.19659
0
0
0
0.37608
0
0.040354
0
0
0
0
0
0
0
0
0
0
0
0.53813
0
0
0
0
0
0
0.050828
0.61511
0.1957
0.2259
0
0
0.61669
0
0
0
0
0
0
0.021062
0.046744
0
0
0
0
0.36913
0.18187
0
0.18787
0
0
0
0
0
0
0.53492
0.14981
0.032405
0.1229
0
0
0.79322
0
0
1.0303
0
0
0.33939
0.2375
0.053044
0.033324
0
0.017789
0.054479
0.087973
0.084984
0
0.12918
0.36459
0.14235
0.034038
0
0.018228
0
0.12396
0
0
0
0.37335
0
0
0.19337
0
0
0
0.43499
0
0.39073
0
0
0.13182
0
0
0.14506
0.51931
0.13016
0.71345
0
0.4542
0
0.25139
0
0
0
0.61512
0.023861
0
0.058645
0.067434
0
0.026703
0
0
0.11193
0.013508
0
0.13749
0
0
0.086048
0
0
0.052483
1.0535
0
0.011765
0.16006
0
0.13831
0.39843
0
0
0
1.2584
0.21081
0
0.31342
0.42127
0.23569
0.00020699
0.025699
0.18662
0
0
0
0
0
0
0.00036223
0
0
0.15172
0.048759
0.66545
0.42787
0
0
0
0
0.093814
0
0
0.74926
0
0.74214
0.20685
1.0204
0
0.013699
0
0
0
0
0
0
0.58936
0
0
0
0
0
0
0.34029
0.14404
0
0
0
0.15189
0.10299
0
0
0.12083
0.0067879
0
0
0
0.19902
0.074322
0.17114
0.045039
0.20274
0
0
0
0
0.030497
0
0
0.40434
0.31786
0
0.12385
0.022627
0.2833
0.39682
0.63008
0
0
0.55052
0.10757
0.015236
0
0
0
0.094526
0.49585
0
0.46185
0
0.93749
0
0
0
0
0.25339
0
0.31345
0
0.16688
0
0.16731
0.013127
0
0
0.37392
0.036472
0.068299
0.56022
0
0
0
0.05933
0
0.27847
0
0.099953
0.071442
0
0
0.99778
0
0
0.064607
0
0.18311
0
0.44227
0
0.18362
0
0.17896
0
0
0.495
0.41303
0
0
0
0
0.22751
0
0.0066925
0
0
0.014055
0
0
0
0.36826
0.53943
0
0.097071
0.13058
0
0.20684
0
0
0.14882
0
0.1234
0.11932
0
0
0
0.027389
0.30418
0.64035
0
0
0.54775
0.12254
0
0.15259
0
0.20915
0.16354
0
0.9644
0
0.35563
0.39873
0.025697
0
0
0.10788
0
0.1085
0.42019
0
0.30114
0.16399
0
0
0
0
0
0
0.50249
0.3073
0.19971
0.11897
0
0.049212
0
0.4796
0.1317
0.11193
0
0.0069008
0
0.2586
0
0
0
0
0
0.017251
0
0
0.26584
0.2928
0
0.15141
0.047305
0
0.34151
0
0.28825
0.10293
0
0.21535
0.090915
0
0.41332
0
0.35703
0.30449
0.65299
0
0
0
0.12799
0
0.388
0.97379
0
0.44127
0
0
0.19109
0.16507
0
0
0.35613
0
0
0.12564
0
0
0.21235
0.10096
0.14714
0.61342
0.2281
0.25946
0.005878
0
0.32612
0.050391
0.24457
0
0.033052
0.67612
0
0.26334
0.23424
0.64274
0.17141
0
0.037285
0
0
0
0
0.13525
0
0.10074
0.037962
0
0
0
0
0
0
0
0
0
0.43404
0
0
0
0
0.068808
0
0.016157
0
0
0
0.72678
0
0.02005
0
1.1451
1.1351
0.10205
0
0.26579
0
0
0
0.15072
0.48478
0
0
0
0
0.024508
0
0.40266
2.0971
0
0.26459
0.21388
0.13125
0
0
0.83747
0
0
0
0.032843
0
0
0
0.091343
0
0
0
0
0.34438
0
0.22391
0
0
0.11275
0.16259
0
0.011078
0.21615
0.044317
0
0
0.15806
0.13866
0
0
0
0.12306
0.31544
0
0
0.021125
0.1373
0.34043
0
0
0.15023
0
0
0
0.53097
0.25226
0.39649
0.25552
0
0
0
0.09572
0.21926
0
0
0.33878
0
0
0.19345
0
0
0
0.79401
0.26839
0
0.11138
0
0.045797
0.10325
0
0
0
0
0
0
0.020647
0.46399
0.16395
0
0
0
0
0.79288
0
0
0.36251
0
0
0.060009
0
0
0.12557
0
0.24125
0
0
0.69024
0
0.18319
0.19368
0
0
9.7254e-005
0
0.46175
0
0.61319
0.018181
0
0
0.47313
0
0.011737
0
0
0.50291
0
0.442
0
0.12863
0.054948
0
0
0.12796
0.21589
0
0.090591
0.50153
0
0
0.17283
0.30612
0
0.019398
0
0
0
0.066505
0
0.47617
0.52705
0
0
0
0
0.45561
0
0.18023
0
0.30575
0
0
0
0
0.61672
0.2315
0.26423
0
0
0
0
0
0.026036
0
0.41417
0
0.95304
0.027621
0.23655
0.10328
0.15971
0.062118
0.52844
0
0.0015389
0.45598
0
0
0
0
0.089193
0
0.090777
0.34221
0.26771
0.53636
0
0
0
0
0.54393
0
0.24444
0
0.42196
0.24086
0
0.70636
0
0
0
0.29526
0
0
0
0.071126
0
0
0
0
0
0.1205
0
0
0.52211
0.25569
0.34422
0
0.19943
0.39131
0.010863
0
0.045342
0.12288
0
0
0.01366
0
0
0.023379
0
1.0763
0.13993
0
0.28292
0
0
0.20875
1.4666
0.061665
0.24029
0
0.33845
0
0.32891
0
0.011838
0.54994
0.31327
0.33804
0.083538
0
0
0
0
0
0
0.29531
0
0
0.29765
0
0.59931
0.73897
0.21036
0
0.23889
0
0.1506
0.39139
0
0
0
0.6907
0.10279
0.15193
0.17626
0.15543
0
0.021282
0
0.57072
0
0
0
0.16407
0.13847
0
0.075245
0.14531
0.20147
0.019341
0.42926
0
0.32346
0
0.23948
0
0.10627
0.34942
0
0
0
0.31542
0
0
0
0.082074
0
0.27901
0.50665
0.11151
0.14199
0.31471
0.21194
0
0
0.15939
0
0
0
0
0.254
0.049365
0.26043
0
0.52786
0.0083728
0.37295
0
0.061739
0.49478
0
0.24106
0.028691
0.063043
0.030563
0.27963
0
0.1285
0
0.10974
0
0
0
0
0
0.19819
0.41907
0
0.35501
0
0
0
0.2818
0
0.11766
0
0
0
0
0.3746
0
0.20334
0.55458
0.59891
0
0.31917
0
0
0
0.083088
0.20522
0
0
0.19395
0
0.36517
0.29488
0
0.12608
0
0
0.14113
0
0
0
0.33502
0.1877
0.41398
0
0
0
0.34204
0
0.059282
0.32424
0
0.030742
0.78971
0
0
0.14998
0.19512
0.22283
0.20675
0
0.42051
0
0
0
0
0.10965
0.1336
0
0.26575
0
0
0.12177
0.1432
0.35334
0
0.75168
0.19841
0.10622
0
0
0
0
0
0
0
0
0
0.56454
0
0
0.16974
0
0.040545
0.6984
0
0.41194
0
0
0
0
0.32879
0
0
0.70278
0
0
0.14842
0
0
0
0.36043
0.061561
0.16782
0
0
0
0.010299
0
0
0
0.32164
0.16762
0
0
0.24278
0
0.068797
0.0031864
0
0.024825
0
0.16444
0.32272
0.45054
0.12547
0.65193
0.073964
0.90639
0.62488
0.32363
0
0.37484
0
0.3423
0.029895
0
0
0.19683
0.28801
0.023977
0
0
0.23833
0
0
0.25279
0.092548
0.14322
0
0.10111
0.023046
0.12477
0
0
0
0
0
0
0
0.065932
0
0.24994
0
0.10211
0
0.074441
0
0
0
0.065004
0.14458
0.2347
0.196
0
0.0099957
0.041012
0.21075
0.41616
0
0
0.082217
0
0
0
0
0
0.2497
0
0.1605
0
0
0
0
0.084721
0
0.22541
0
0
0
0.13915
0.24815
0
0.30351
0.43893
0.1334
0.11438
0
0.71477
0.72767
0.078684
0
0.066014
0
0
0
0
0
0
0.42546
0
0.39677
0
0.82085
0.14099
0
0.050197
0
1.037
0.36459
0
0
0
0
0
0
0
0
0.48316
0.11283
0
0
0
0.18379
0.31522
0
0
0.24944
0.10673
0.24244
0
0
0
0
0
0.36221
0
0.4845
0
0
0
0.14085
0
0.76068
0.12219
0
0
0
0.258
0.015588
0
0
0.26327
0.73278
0
0
0.43786
0
0
0
0
0
0
0
0
0.24752
0
0.00040898
0
0.52338
0.033383
0.36066
0.14685
0
0
0.40785
0
0.89362
0
0.52685
0
0
0.37046
0
0.29773
0.19004
0
0
0.017537
0
0.40646
0.026219
0
0
0
0.0025745
0
0
0
0.054094
0
0.239
0
0
0.96537
0
0
0.37687
0
0
0.038431
0
0
0.43859
0
0
0.07548
0.074398
0
0.37231
0.25647
0
0
0
0.10577
0.31279
0
0.47218
0
0.48204
0
0
0
0.17701
0.23763
0
0.2757
0.11909
0.03771
0
0.083879
0.14407
0.088853
0.34245
0.27562
0
0.22888
0.0044365
0
0.60511
0
0
0.16632
0.99195
0
0
0.92089
0.068216
0
0
0.18431
0
0
0.76799
0.46005
0
0
0
0
0.05433
0
0.33279
0.40855
0
0
0.055411
0
0.12405
0
0.40733
0.14557
0
0
0.010898
0.1455
0
0.49508
0
0
0
0
0
0.088296
0
0
0
0
0.056299
0
0
0
0.3561
0
0
0.2238
0.17081
0.6973
0.18853
0
0.059212
0.15655
0
0.51922
0
0
0.00036439
0.33923
0
0.062774
0.022513
0
0
0.55208
0.22012
0.17888
0.25724
0
0.054624
0
1.1289
0.15786
0
0.14147
0
0
0
0
0
0.090615
0
0
0.31423
0
0
0
0
0.18683
0
0
0.46304
0
0
0
0
0
0
0.020507
0
0
0.18681
0
0
0
0.18044
0.17288
0.23347
0.40377
0.2101
0
0
0
0
0
0
0
0
0
0
0.40657
0
0.11024
0.19883
0.34436
0
0
0
0.45409
0.30081
0
0
0.023201
0
0.066833
0.31232
0
0
0.40337
0
0
0.64148
0
0
0
0
0.12044
0
0
0
0
0
0.36567
0.00312
0
0.084602
0.023087
0.12063
0.86241
0
0
0
0.052682
0
0
0
0
0.19193
0.058562
0.80862
0.30257
0.060589
0
0
0.23184
0.097663
0
0
0
0
0.29139
0.29495
0
0.49798
0
0
0
0
0
0
0.077723
0
0
0
0
0
0.41526
0.0025851
0
0
0
0.39874
0
0
0
0.45665
0
0
0
0.056276
0
0
0
0
0.0020473
0.20871
0
0
0.31428
0
0
0
0.40608
0
0.37078
0
1.0995
0.092511
0.45891
0
0.20077
0.059383
0.19009
0
0.3059
0
0
0.10299
0.21818
0
0.57054
0
0.51823
0
0
0.12493
0
0.12212
0
0
0.31506
0.18772
0
0
0.83484
0.032181
0.1945
0.0060758
0
0
0
0.17069
0.13932
0.076149
0
0.048412
0
0.26801
0
0
0
0
0.24732
0.37801
0
0.00083196
0
0.017766
0.064666
0
0
0.083324
0
0.17136
0
0
0.024235
0.33542
0.24716
0.019639
0
0.10296
0
0.015919
0
0
0.20434
0
0
0.15281
0
0
0
0.0159
0
0
0
0
0.42563
0.18233
0
0.4718
0.29868
0
0
0
0
0.063584
0
0
0.14256
0.49021
0.22456
0.40502
0
0.11291
0.75611
0
0.3713
0
0.15035
0.038235
0.0040858
0
0.13583
0.12206
0
0
0.1582
0.0067155
0.024408
0.059352
0
0.098856
0
0
0
0
0
0.20115
0
0.10576
0
0
0
0
0.40128
0
0.13108
0
0
0.098236
0
0
0.050223
0.017911
0
0.039428
0.26621
0
0
0
0
0
0
0.2079
0.25278
0
0
0.10549
0
0
0.21711
0
0
0
0
0.053669
0
0.032238
0
0
0
0.41813
0
0
0.1316
0.29645
0.20538
0.46811
0
0.5287
0.28027
0.29012
0.10696
0
0.053925
0
0
0
0.19473
0
0
0
0
0
0
0.23492
0.43735
0.011567
0.25672
0
0
0.20477
0.33467
0
0.41455
0
0.32241
0
0.043447
0.34812
0.68609
0.23399
0.42969
0.02986
0.10522
0.12006
0
0.46179
0
0
0
0.092302
0
0
0.4118
0
0
0.18799
0
0
0
0
0.18887
0.042374
0
0.13729
0.022453
0
0.013753
0
0
0
0
0.29184
0.42295
0.41939
0.39548
0
0
0.16551
0
0
0.12721
0.35733
0
0.082309
0
0.19094
0.49134
0
0.52229
0
0.019177
0
0
0
0.46334
0.014172
0.46835
0
0
0.22731
0.33057
0.39043
0
0.35269
0.12981
0.29022
0
0.38
0
0.15914
0.17205
0
0.12674
0
0.12661
0.46242
0
0.80508
0.10025
0
0
0.57275
0.075788
0
0
0
0.062857
0
0.18308
0
0.13996
0
0.47685
0.31057
0
0
0
0.064296
0.078214
0.13364
0
0
0
0
0
0.36905
0
0.5243
0
0
0
0
0.064974
0
0.67273
0.56563
0.33315
0.29224
0.081793
0
0.16815
0.09745
0
0
0.020697
0
0
0.5521
0
0
0
0
0.22566
0
0.20747
0.98436
0
0.16334
0
0.11034
0.083804
0
0
0
0.15558
0.14603
0
0.036577
0
0.0074827
0
0
0
0.45062
0
0
0.15269
0.18902
0
0.23262
0.085344
0
0
0
0
0.734
0.30687
0
0
0.17892
0.31453
0.348
0.10361
0
0
0
0.24908
0.21699
0.01175
0
0
0.055252
0
0
0.33106
0
0
0
0.047003
0
0
0.19055
0.056777
0.011168
0
0.21519
0
0.18076
0
0
0.0059034
0
0.15004
0
0.32465
0.47332
1.0149
0
0.098106
0
0.21225
0.0042789
0
0.10642
0.025932
0.17832
0
0
0.10738
0.065459
0
0
0.24353
0
0.067279
0.07898
0
0.25557
0
0
0.39779
0
0.35349
0
0.45287
0.1354
0.15676
0
0
0
0.024847
0
0.586
0
0
0
0
0
0
0.13579
0
0.12621
0.1684
0
0
0.4047
0.20404
0.16256
0.40034
0
0
0
0
0
0
0
0
0.53406
0
0
0
0.3976
0.61892
0.22727
0
0
0
0.046663
0.29145
0.56988
1.052
0
0
0
0
0.013881
0
0
0
0
0
0
0
0.40484
0
0
0
0
0
0
0.23621
0
0.090576
0
0
0.14498
0.24077
0.22591
0
0.43828
0
0.13061
0.28818
0
0.20747
0
0
0
0.21429
0.16871
0
0.22311
0.1845
0
0.090535
0.019126
0.52744
0
0
0
0
0
0.075708
0
0
0
0
0
0.82742
0
0.44962
0.076762
0
0.26365
0
0.14977
0
0
0
0.364
0
0
0.28199
0.068691
0
0
0.2799
0
0
0
0
0
0
0
0.016739
0
0.15591
0.22073
0
0.13574
0.0050113
0.095339
0.14097
0.16653
0
0
0.22476
0
0.01172
0
0.11054
0.14186
0
0.20017
0
0
0
0
0.13396
0
0
0.026338
0
0.091372
0
0
0
0.21888
0
0
0
0.10523
0
0
0
0
0
0.69292
0.037909
0.071331
0.76412
0.22311
0
0
0.31124
0
0.37126
0.48161
0
0.052369
0.1
0.28347
0.030375
0.12759
0.040766
0.49784
0.394
0.041394
0
0.51455
0.065136
0.19801
0
0
0.20644
0
0
0
0
0.12125
0
0.020889
0.10104
0.018055
0.38755
0
0
0.045538
0.20585
0
0
0
0.12451
0.38397
0.43626
0
0
0.24251
0.11088
0
0.060378
0.11467
0
0.14252
0.49118
0
0
0
0
0.14165
0
0.6769
0.28153
0
0
0
0
0
0.21758
0
1.0058
0
0.035001
0
0
0
0
0
0
0
0.11607
0.090145
0
0.0091247
0
0
0
0
0
0
0.33595
0.14403
0
0
0
0.083081
0.37588
0.022803
0
0
0.42488
0.3219
0.035812
0
0
0
0.046023
0.49919
0.15316
0
0
0.46442
0.38146
0.013918
0
0
0.87769
0.012939
0.11887
0.129
0
0
0.1167
0
0
0.017011
0.55826
0.16135
0.47
0.37491
0.39015
0.34551
0.037802
0
0.22814
0.18949
0
0
0
0
0
0
0.18674
0
0
0.17387
0
0
0
0
0.30502
0.17336
0
0.6886
0
0
0
0
0.8512
0.034067
0
0
0.34935
0.047544
0
0
0.54223
0.0012353
0
0
0.42381
0
0
0
0.34375
0
0
0.13376
0
0
0
0
1.0607
0
0
0
0
0
0.40421
0
0
0.72384
0.2005
0.0071773
0
0.10004
0
0.11199
0.098931
0
0.2103
0
0
0
0
0.094441
0
0
0
0
0
0
0
0
0
0.030886
0
0
0.002601
0
0.29846
0
0
0.16196
0
0.13872
0
0
0
0
0.68181
0.063735
0
0
0
0
0
0.28931
0
0.012343
0
0
0.28956
0
0
0
0.34661
0
0.087911
0.17842
0.013381
0.32024
0
0
0.049951
0
0
0.21841
0
0
0
0
0
0
0.1306
0
0
0
0.23333
0
0
0.33132
0
0
0
0.27747
0
0
0.1928
0
0.8943
0.29193
0
0
0
0
0.023183
0.14291
0.23141
0
0.044008
0.019222
0.13751
0
0.33182
0.69625
0.082006
0
0
0.073709
0.058479
0
0.15649
0.48187
0
0.77237
0
0
0.089792
0
0.49986
0
0.30541
0
0
0
0.1759
0.14075
0
0.028075
0.67985
0.28822
0
0.41833
0.014754
0.1752
0
0
0.28854
0
0.18402
0.38424
0.53772
0.30877
0
0
0.060289
0.4905
0
0.092319
0
0.94867
0
0.17085
0
0
0
0.24333
0.5841
0
0.099666
0
0.23379
0
0
0.026045
0
0.029553
0
0
0.076709
0.14263
0
0
0
0.085006
0
0
0
0
0.11045
0.50474
0
0
0.46269
0.12295
0
0.44091
0.40678
0
0
0
0
0
0
0
0.21091
0
0
0.27277
0.10911
0.75703
0
0
0.24352
0
0
0.29649
0.64282
0.16457
0
0
0
0
0
0.72436
0.053789
0.74557
0
0.22075
0.17169
0.041237
0.34142
0
0
0.15893
0.57241
0
0.37333
0
0
0
0.068926
0.11128
0
0
0.013002
0
0
0.28343
0.13172
0
0
0
0.21209
0
0
0
0
0.15727
0
0
0.16546
0.19747
0
0
0
0.43418
0
0
0
0
0
0.22494
0.082766
0
0.33048
0
0.061546
0
0.17448
0
0.02403
0
0.24907
0
0
0
0.19354
0.084238
0.31772
0
0
0.074886
0
0.34244
0.86121
0
0.46575
0.015583
0
0
0.15212
0
0
0
0
0.3328
0
0.1264
0
0
0.40793
0
0.087107
0
0.018764
0
0
0.19556
0
0
0.044987
0.10855
0
0
0
0
0
0
0
0
0.16784
0.62547
0
0
0.082194
0.2709
0
0
0.45031
0
0.08262
0.50557
0.10253
0.055211
0.38219
0.16935
0
0
0.11513
0
0.082486
0
0
0.13753
0.024652
0.1452
0
0.49371
0
0.33555
0
0.40284
0
0.24658
0.17231
0.12528
0.36972
0
0
0
0.21476
0
0
0
0
0.089879
0.6422
0.31124
0.28789
0.38036
0
0
0.063345
0.16333
0
0.055662
0.042108
0.25091
0
0
0.458
0
0.60429
0
0.086784
0
0.14441
0.3144
0
0.50249
0.55701
0
0
0
0.42897
0.8752
0
0.062759
0
0.11293
0
0
0.046585
0.24339
0.26979
0.48818
0
0.1443
0.029343
0
0
0
0
0
0.25406
0.20498
0
0
0
0
0
0
0
0
0
0.22866
0
0.039195
0.35019
0
0
0.06278
0.31247
0
0.0014377
0.033178
0.90262
0
0
0.12854
0.0030972
0.030267
0.030954
0
0.15918
0.42048
0
0
0
0
0
0
0
0.11821
0.034488
0.073752
0.023804
0.21486
0.13568
0.30642
0.036188
0.45242
0.1607
0.46682
0.14703
0
0
0
0.11554
0.35603
0
0
0
0
0
0
0
0.10716
0.13615
0
0.30904
0.10398
0.39857
0.86128
0
0
0
0.21151
0
0
0.4694
0.60805
0
0
0.34432
0
0
0
0.054116
0.34992
0
0
0
0
0
0
0.51911
0
0.26843
0.11671
0
0
0.12682
0.1062
0.40453
0.48401
0
0
0
0
0
0
0.18593
0
0.3413
0
0.14558
0.026694
0
0.012128
0
0
0.19701
0
0.52451
0
0
0
0.15571
0.23657
0
0
0.18241
0
0
0
0.40142
0
0.046544
0.4847
0.29856
0
0
0.080248
0.4522
0
0
0.07638
0.44154
0
0
0
0.22488
0.21455
0
0.031694
0.43415
0.00013573
0
0.19062
0
0.083345
0
0
0
0.033826
0
0
0
0.30532
0
0
0
0
0.66692
0.06927
0
0
0
0
0
0.00082653
0
0.18207
0
0.28679
0.46421
0
0
0.87373
0.093082
0
0.52264
0.54947
0
0.19143
0
0
0
0
0
0.55654
0.099327
0
0
0
0
0
0
0
0
0.31788
0.0052551
0
0
0.18544
0
0.070345
0.045003
0.20697
0.030729
0.59201
0.025705
0
0
0
0.20967
0.45674
0.10442
0.072276
0
0
0.4872
0
0
0.29398
0.64798
0.0053374
0
0.071747
0.10591
0
0.066061
0
0.11917
0.65742
0.20566
0
0
0.030017
0.033537
0
0.018627
0.22619
0
0
0.15997
0.22717
0.44762
0
0
0.056544
0
0
0.083603
0
0
0
0
0
0
0
0
0
0
0.5947
0
0.26456
0.56622
0.013893
0.50534
0
0.13249
0
0.018328
0
0
0
0.15694
0.30396
0
0
0
0.2443
0.1654
0
0
0
0.18531
0
0
0
0.48706
0.5346
0
0
0.088264
0
0.11798
0
0
0
0.50121
0
0.22657
0
0
0
0.17492
0
0
0.10626
0
0
0.13191
0
0.011428
0.14812
0
0
0.1825
0.805
0.0044027
0
1.1339
0.10435
0.52608
0.12319
0
0
0
0
0.19251
0
0
0
0.19263
0.27833
0
0.1009
0.19097
0
0.15439
0.14526
0.020627
0.069252
0.14138
0
0
0.46415
0
0
0.055091
0
0
0
0
0.85448
0
0.064724
0.39287
0.298
0.45163
0
0
0
0.67413
0
0
0.11059
0
0
0.42265
0.53599
0.050161
0
0
0.068466
0.21626
0.73128
0.50465
0.046108
0.044522
0.33245
0.52975
0.082087
0
0.15239
0
0
0.071446
0.79878
0
0
0
0
0
0
0
0
0
0.016918
0
0.19425
0
0.26819
0
0
0.16829
0
0
0
0
0
0
0.16864
0
0.045862
0.092301
0
0
0.11704
0.051783
0
0
0
0
0
0
0
0.14594
0
0.23939
0.10328
0
0
0.13485
0
0.34871
0.090233
0.3774
0.20824
0.17669
0.11187
0
0
0.43731
0.31551
0.14989
0.072062
0.05107
0.3507
0.070794
0.014869
0.51731
0
0
0
0.36213
0
0.24918
0
0.43316
0.2295
0
0.013304
0
0.21167
0
0
0.12646
0
0.14517
0
0.11864
0
0.27136
0
0.24209
0
0.35232
0
0.073747
0.17633
0
0
0.31058
0.045722
0.1749
0
0.16468
0.21326
0
0
0.099742
0
0.45669
0
0
0
0.056604
0
0
0.10182
0
0.24311
0
0
0.093454
0.09131
0.1812
0
0.033226
0.37256
0
0.40561
0
0
0.31783
0.24833
0.0069849
0.12833
0
0.079722
0
0.30317
0
0.29352
0
0.36938
0
0
0.43744
0.32517
0
0
0.0197
0.024254
0.26686
0.0725
0.037387
0
0
0.53701
0
0
0.29708
0
0
0
0
0.68294
0
0
0
0
0
0
0.16581
0.4799
0
0
0
0.1525
0.0025541
0
0
0
0
0
0.13966
0
0
0.14184
0
0.30768
0
0.27527
0.54873
0.48617
0.44572
0.098792
0.34252
0
0.65881
0
0.35348
0.22245
0.11534
0.2013
0
0
0
0
0.034229
0
0
0
0.24022
0.073424
0
0
0.12381
0
0
0.61712
0
0.1762
0.85604
0
0
0.14876
0
0
0
0
0.42566
0.31853
0.27335
0.00026569
0.26311
0.18633
0
0
0
0
0
0.54092
0.20728
0
0
0
0
0
0.055031
0
0
0.13656
0.11948
0
0.30454
0
0
0
0.0095336
0.29314
0.18766
0.3167
0.022745
0
0
0
0.083976
0.42556
0.074722
0.013772
0
0
0.31949
0
0
0
0.16361
0
0.075082
0.18116
0.037159
0
0.18977
0
0.0010028
0.21687
0
0
0
0
0.089223
0.057946
0.41109
0.14951
0
0.38203
0.27232
0
0
0
0.49253
0
0
0.35886
0
0.089471
0.065966
0
0.032598
0
0
0
0.15166
0
0
0
0.2318
0
0.6615
0
0.80979
0.19589
0.15737
0.04762
0.031119
0
0
0.12092
0.23471
0.068506
0
0
0
0
0.24696
0.0013788
0
0.045677
0.18007
0
0.016262
0.11946
0
0
0
0.018538
0.17566
0
0
0
0
0
0
0
0
0
0
0.37854
0.054209
0.091873
0
0
0
0.13847
0
0.52094
0.37536
0
0.25951
0
0
0
0
0.13539
0.25091
0
0
0.31974
0
0
0
0.26359
0
0
0
0.1611
0
0.13535
0
0
0
0.01702
0
0
0
0
0
0
0.034381
0.13256
0
0.029207
0
0
0
0
0
0.17313
0.012399
0
0
0
0
0
0
0.18103
0.12206
0
0
0.032278
0
0
0
0
0.097273
0.49981
0.32536
0.057435
0.067162
0
0
0
0.28993
0
0
0.2797
0
0.030011
0
0
0.5666
0
0.81421
0.1039
0.8977
0
0
0
0.0060819
0.21933
0
0.3969
0
0
0.090636
0
0
0.037392
0.28584
0.048905
0.90976
0.24124
0.94223
0
0
0
0
0
0
0
0
0
0
0
0
0
0.42847
0.025599
0.1626
0
0
0.10584
0.18701
0.058043
0.51753
0
0.30266
0
0
0
0.20661
0.46994
0
0
0.75766
0.16551
0.022009
0
0.045541
0
0
0.2411
0.3411
0.078487
0.42764
0
0
0.13492
0
0.26025
0
0
0
1.0547
0.41989
0
0
0.28493
0
0
0
0
0.6537
0.028362
0
0
0.23023
0
0.23172
0.64707
0.43561
0.00023959
0.34624
0
0
0
0
0.13884
0.097665
0.25666
0.09112
0
0
0.32208
0.28647
0.024745
0.049437
0.3128
0
0
0.42469
0.1515
0.25268
0.15247
0.23055
0
0
0
0.25964
0.178
0
0.1586
0.025352
0
0
0
0
0.23203
0.16383
0
0
0
0.025976
0
0.006425
0
0
0.02736
0
0.047507
0.4016
0
0
0.13137
0
0.047875
0
0.27884
0
0.34679
0.49713
0.13041
0.59167
0.44187
0
0
0
0.11124
0
0
0
0.040971
0.73191
0.17827
0.7509
0
0.036083
0
0
0.12967
0
0
0.24195
0
0
0
0
0
0
0
0
0.068994
0
0
0
0
0
0.043425
0.28679
0.17894
0
0.10477
0.4784
0
0.55109
0.86393
0
0
0
0.62882
0.10396
0.099174
0
0.422
0
0.57881
0.28245
0.038583
0
0
0.23135
0
0
0
0
0.25784
0.10821
0.030757
0.57735
0
0
0.05331
0
0.51753
0.5673
0
0.48779
0.062781
0
0
0
0.33664
0
0.70923
0
0
0
0
0
0
0
0.028779
0.22786
0
0
0
0
0.11891
0.13952
1.0251
0
0
0
0
0.11618
0.065434
0
0.13348
0
0
0
0
0.099582
0
0.34221
0
0.70885
0.027781
0.66869
0
0.41178
0
0
0
0.059356
0.021754
0.093748
0.28377
0
0
0.020549
0.037139
0.015632
0
0
0
0
0
0
0.25783
0.25338
0
0
0.51557
0
0
0.0022454
0
0.4086
0.29698
0.19916
0
0
0.071221
0
0
0
0.30874
0
0
0.055814
0.069798
0.17136
0
0
0
0
0.10376
0.15264
0
0.38635
0.45134
0
0
0
0
0
0
0
0.34202
0
0.41272
0
0
0.064302
0
0.024801
0
0
0
0.14506
0
0
0.19506
0.23874
0.17223
0.61517
0.30648
0.02694
0
0
0
0
0
0.16365
0
0.34734
0
0.24455
0
0.25246
0
0.25276
0.29024
0.55259
0.15485
0.0055291
0
0
0
0
0.16431
0.084217
0
0.14817
0
0
0
0
0
0.1205
0
0
0.15237
0
0
0
0.11821
0
0
0.0013172
0.36808
0
0
0.032086
0.64052
0.54562
0
0
0.26242
0.037478
0
0.37549
0
0.18313
0
0.23903
0
0
0.026525
0
0.038894
0.50282
0
0
0
0
0.23104
0
0
0
0
0
0.26886
0.044607
0
0
0.88432
0.023488
0.055227
0.27405
0
0
0
0
0.1285
0
0.12999
0
0
0
0.099257
0
0
0.39377
0.45214
0
0
0
0.11697
0.20909
0.69303
0
0
0
0.49231
0
0
0
0.0022449
0
0
0.52549
0.15626
0
0
0
0
0.13086
0.35775
0.072752
0
0.34226
0.043288
0
0
0.5646
0
0.37353
0
0.2807
0
0.13649
0.082068
0.31797
0.063663
0.22301
0
0
0.27305
0
0
0.66962
0
0
0
0
0
0.30976
0.31231
0.17384
0
0.44288
0
0.083309
0.42854
0
0.39298
0
0
0
0.18519
0.18015
0
0
0
0
0
0.58116
0
0.35427
0.16112
0.62943
0
0
0
0
0
0.12918
0
0
0
0.45922
0.26797
0.22944
0.10815
0.35621
0.12491
0
0
0
0.96777
0.35454
0
0
0
0
0.098253
0
0.18925
0
0.090324
0.33119
0
0
0.9772
0
0.11211
0.058007
0
0
0
0.11553
0
0
0
0.20579
0
0
0.020773
0
0
0
0.71306
0
0
0
0.026884
0
0.31525
0.1233
0.25449
0
0.04633
0
0
0
0.30574
0.15954
0
0.73248
0.11813
0
0
0.67438
0.3294
0
0.51264
0.10876
0.10891
0
0
0
0
0.69326
0
0.25668
0.13323
0
0.007736
0
0.31478
0
0
0.14876
0.35665
0
0.3247
0
0.21126
0
0.053158
0
0.034537
0.15585
0
0
0.043594
0.049667
0.3338
0.12502
0
0
0
0.32555
0.057367
0.13358
0
0.0054245
0
0
0.25881
0.23678
0.34357
0
0
0.11975
0.12366
0.21607
0
0.025449
0
0.19407
0.70639
0
0.010748
0.01951
0
0
0
0
0.28938
0.009247
0
0.50886
0.19333
0
0
0
0.10786
0.47669
0.48445
0.61526
0.17648
0
0
0
0
0
0
0.26758
0
0
0
0
0.04564
0
0.33202
0
0
0
0.028942
0.0077174
0.4212
0
0.12336
0.52353
0.15802
0.22059
0.27761
0
0
0
0.11608
0.021915
0.49227
0
0.082885
0
0
0
0
0.055252
0
0
0
0
0
0
0
0.58637
0.14334
0.12442
0
0
0.53463
0.16214
0
0.077308
0
0.070931
0.069997
0.15975
0.19255
0.017326
0.25863
0.3023
0
0
0
0
0.66228
0
0
0.47795
0.027915
0.37671
0.32562
0
0.054376
0
0
0.054636
0.91657
0
0
0.01124
0
0
0
0.029008
0.16858
0
0
0.46015
0
0.31588
0.066079
0
0
0
0.52439
0
0
0
0
0.1935
0
0
0
0.22673
0.014273
0
0.26618
0.23707
0.57847
0.16804
0
0
0
0.14266
0.19855
0
0
0.22167
0.030525
0
0
0
0.014204
0
0
0
0
0
0.59999
0.30373
0
0.6157
0
0
0
0.4055
0
0
0
0.17006
0.09973
1.2932
0.22276
0
0
0
0.0035549
0
0
0.39917
0
0.73238
0.1121
0.26183
0.49785
0
0.45046
0.98444
0
0.21574
0.034235
0
0
0
0
0
0
0
0
0.12179
0.057082
0
0.16873
0.0078095
0.022074
0
0
0.078326
0
0
0.16623
0.19366
0
0
0.43171
0
0.12748
0.14468
0.077285
0
0.10313
0
0
0.17916
0
0
0.36523
0
0
0
0
0
0.35196
0
0
0
0
0.67542
0
0.67274
1.067
0
0.23511
0
0
0.06403
0.20631
0.16836
0
0.2551
0.46348
0
0.21009
0
0.24626
0.16337
0.10062
0.047139
0.12245
0.36299
0
0.10132
0
0.12363
0.47093
0.080979
0.3531
0.86944
0
0
0
0.37455
0
0
0
0
0
0.50313
0.02795
0
0
0
0.0043043
0
0.34977
0
0.30858
0.074884
0
0
0.6035
0
0
0
0.22386
0.35275
0.63098
0
0
0.87181
0
0.084352
0.054672
0
0
0.00041911
0.14986
0
0.17625
0.099238
0
0.50196
0.21527
0.0024848
0
0.13078
0.10633
0.43164
0
0.35907
0
0.503
0
0
0.24477
0.023951
0
0
0
0.18366
0.24589
0
0
0.09784
0
0.060303
0.10675
0
0.88788
0
0.4532
0.23144
0.15002
0.056803
0.11692
0
0
0
0.15035
0.00099085
0.078382
0
0.027684
0
0.45369
0
0
0.25122
0
0
0.20859
0.11607
0.093095
0
0.23396
0
0
0
0
0
0
0.16324
0.73003
0
0.22381
0
0.019272
0
0.33755
0
0.28227
0
0
0
0
0
0
0.36253
0
0
0
0
0
0
0.049925
0
0.086397
0
0
0.021654
0.43915
0
0
0
0.27349
0.1376
0
0
0.042384
0
0.0076419
0.16619
0
0
0.16005
0
0.048688
0.27971
0
0
0.28882
0.022078
1.0651
0
0
0
0
0
1.2712
0.28515
0.31638
0.044116
0
0
0.13328
0.12445
0
0
0.038482
0
0
0.17908
0.036855
0.032205
0.057636
0.036698
0.13827
0
0.019624
0
0
0.0067555
0.30965
0.23607
0.13399
0
0.13185
0
0
0
0
0
0.02361
0
0.34278
0.0033044
0.14229
0.10338
0
0.016557
0.25405
0.13764
0.27972
0.25412
0.37529
0
0
0
0
0.19421
0
0
0.14774
0
0
0.21361
0
0
0
0
0
0
0
0.066511
0.22979
0
0.14055
0
0
0.19707
0
0
0.083154
0
0.22849
0
0.16751
0.28509
0
0
0
0
0
0
0.48547
0.41689
0
0
0
0
0
0.22784
0.10909
0.17655
0
0.19147
0.037428
0.45365
0
0.016433
0.19126
0.43854
0.16434
0
0.07121
0.091925
0.80908
0
0
0.10983
0.80359
0
0
0
0
0.21554
0.04433
0
0
0
0.08682
0.10565
0.23967
0.32987
0.051025
1.0576
0
0
0
0
0
0
0
0
0
0
0.095125
0
0.14373
0.14211
0
0.32026
0.17386
0
0.06271
0
0
0
0
0
0
0
0.13985
0.15548
0.17768
0.0045694
0
0
0
0.11971
0.053134
0
0.21706
0
0.3095
0.77657
0.044516
0.0063957
0
0
0.11513
0
0
0.2565
1.2758
0.19404
0
0
0
0
0.36823
0
0
0.35974
0
0
0
0
0
0
0
0
0
0.097878
0
0
0
0
0
0
0
0.14617
0
0
0.13147
0
0
0
0
0.084535
0
0
0.041974
0.13877
0.51808
0
0
0.61502
0.15767
0
0
0
0
0
0.31169
0
0
0
0.327
0.063231
0
0
0.26788
0.38714
0
0.12464
0
0.78675
0.048393
0
0.37585
0
0
0
0.12621
0.036481
0.067222
0
0
0.077205
0.27846
0.50101
0.074876
0.51479
0
0
0
0
0
0
0
0
0
0
0.13723
0.51416
0.55831
0
0.73176
0
0
0
0
0
0
0
0
0
0.092005
0
0
0
0
0
0.8441
0
0
0.24287
0
0.33868
0.17266
0
0.073243
0
0
0.26173
0
0
0
0
0
0
0
0.12025
0.044024
0
0.29758
0.019432
0.14645
0.93234
0.33919
0
0
0
0.077075
0
0.092958
0
0
0
0
0.29116
0
0
0
0.1408
0.094561
0
0.16235
0.41108
0.4155
0.84317
0
0.0073498
0
0
0
0.077294
0.27004
0
0
0.22396
0
0
0.054637
0.24363
0.13285
0
0
0.1953
0.11631
0
0
0.065353
0.0043279
0
0.11834
0
0.13213
0
0.43958
0
0
0
0
0
0
0
0.06057
0
0
0.51471
0
0.27439
0.10042
0.18332
0
0.51565
0
0
0.15669
0.15292
0.19378
0
0.095148
0
0
0
0.44156
0.37831
0
0.014286
0.20052
0.18137
0
0
0
0
0
0
0.60769
0.30169
0
0
0.38297
0.43929
0.35288
0
0
0
0
0
0
0.0012741
0.060962
0
0.26513
0.33047
0
0.060564
0.21476
0
0
0
0.41043
0
0
0.21898
0.10192
0.0087907
0.0079737
0.22234
0.0027753
0
0.0037008
0
0.29307
0
0
0
0.35592
0
0
0.6414
0.53731
0.10342
0
0
0
0.092851
0.0156
0
0.13186
0
0
0
0.20925
0
0
0.65972
0.14069
0
0
0.32821
0
0
0
0.25222
0
0.30082
0.16722
0.80722
0.3883
0
0.66894
0.099007
0
0.11042
0.1854
0
0
0
0.10082
0.66472
0
0
0
0.12464
0.04929
0.34679
0
0
0.038432
0.063314
0
0.014237
0
0
0
0.58132
0
0.32132
0
0.31865
0
0.023161
0
0
0
0
0.032732
0.22974
0
0
0.2283
0
0.14088
0.29113
0
0
0.35977
0
0
0.15157
0.12885
0
0.076439
0.16115
0
0
0
0.17121
0
0
0
0.51252
0
0
0
0
0.062033
0.17545
0
0.26313
0.19466
0.34611
0
0
0
0
0
0
0
0.14003
0
0
0.38045
0
0.11737
0.057116
0
0.044753
0
0.07947
0
0
0.04723
0.26348
0
0
0
0.39948
0
0
0
0
0
0
0
0.11834
0.044153
0.029693
0.13528
0.18841
0
0
0.48036
0.58822
0.1659
0
0
0
0
0.5083
0.043512
0
0
0
0.098707
0
0
0.13936
0.0027572
0
0.2656
0.44306
0.24332
0.024233
0
0
0
0.090485
0.19536
0.061887
0
0.12139
0
0
0.053258
0.36933
0
0
0.13362
0.20264
0
0.0014951
0.35038
0.12953
0
0
0.10965
0
0.1511
0.2229
0.2146
0
0.073879
0
0.16479
0
0.13809
0
0
0
0.097527
0.15884
0.1432
0.66735
0
0
0.057423
0.094889
0
0
0
0
0
0
0.42134
0.40174
0
0.75606
0.26393
0.42509
0
0.45859
0
0
0.35489
0
0
0
0
0
0
0.51958
0
0
0
0.52988
0
0.0070883
0
0
0.27778
0
0.46088
0
0.51737
0
0
0.018707
0.093967
0
0.20474
0
0
0.24642
0.25742
0
0
0
0
0
0
0.35592
0
0
0
0
0
0
0.095891
0
0
0.13375
0.5811
0
0
0.08163
0.15074
0.37098
0.17731
0.046875
0
0.35312
0
0
0
0.035112
0.19355
0
0.50224
0
0
0.32269
0.047269
0
0
0.041943
0
0
0
0
0.19486
0
0
0.056324
0
0.063763
0.12052
0.051277
0
0
0
0.57462
0.26627
0
0
0.094403
0
0.021663
0.3812
0
0
0.34345
0
0
0.22236
0
0
0.052735
0.31755
0
0
0
0.72418
0
0
0.57071
0.19633
0
0
0.39718
0.29496
0
0
0
0.29298
0.074541
0.093257
0.025923
0.0055499
0.08283
0.22581
0
0
0
0
0
0
0.16151
0
0
0.00098344
0
0
0.31118
0
0.31811
0.0034563
0.27289
0
0
0.58961
0
0.15606
0.39861
0
0
0.078096
0.24989
0.023747
0
0.38782
0.0075938
0.082977
0.051497
0.21958
0
0
0.31549
0.11053
0.62306
0
0.27207
0.042564
0.66348
0
0
0.19029
0
0
0.17936
0.012546
0.17741
0
0
0
0.5633
0.4163
0
0.0067884
0
0
0
0
0.52616
0.64925
0
0
0.037648
0.20946
0
0
0.83773
0.040345
0.11603
0
0.16992
0.73549
0.05489
0.61072
0.5262
0
0.21283
0
0
0
0.04668
0
0
0.25907
0
0.06287
0
0
0
0
0.4792
0.24516
0.52352
0
0.69619
0
0
0
0
0.018567
0
0
0
0.41901
0.24312
0
0
0
0.21327
0
0.89224
0.33147
0
0.22031
0
0
0.037798
0.25921
0.21615
0
0.10301
0.30554
0.020229
0.088387
0.00094107
0.38458
0
0.37026
0.13152
0
0
0
0
0.16831
0.099041
0.29483
0
0.045709
0
0
0.030222
0.059095
0
0
0.3693
0.18515
0
0
0.16807
0
0
0.1743
0.226
0.069159
0.19538
0
0
1.1163
0.12957
0
0
0.24033
0
0
0
0.12101
0
0
0.37237
0
0
0
0
0
0.081733
0
0.38681
0
0.12075
0.59289
0.43153
0
0.46194
0
0
0.28372
0.019088
0.37318
0
0
0.14465
0
0
0
0
0.079318
0.49398
0
0.074062
0
0.31641
0
0.034839
0
0
0.27585
0.45527
0.27435
0
0
0
0
0
0
0
0
0.48258
0
0.50961
0
0.34072
0.25174
0.084664
0
0.53753
0.51618
0.35935
0.092441
0.38835
0
0.090746
0.26722
0
0
0.13233
0
0
0
0.0046418
0
0.042452
0.043412
0
0.35159
0
0
0
0.084976
0.31632
0.0078235
0.84161
0
0
0.67538
0.0021777
0.39249
0.0054701
0
0.30937
0
0
0.24715
0
0
0.013175
0
0
0.044523
0
0
0.068817
0.08276
0
0.42018
0.13876
0.28477
0
0.25983
0.083253
0
0
0
0
0.27352
0.024191
0
0.50889
0
0.26599
0
0
1.2243
0
0
0.81979
0
0
0
0.072172
0
0.020774
0.076008
0
0.22389
0.43734
0.20911
0.068602
0
0
0
0.028849
0.50652
0.045535
0
0
0
0.0029037
0.10488
0.055818
0
0
0
0.073619
0
0.32986
0.36453
0.07898
0
0
0
0
0
0.19952
0.036866
0
0.14069
0.4619
0.57705
0
0.056252
0.013448
0
0
0
0
0
0.14721
0
0.28455
0
0.56924
0
0.28714
0
0
0.10243
0
0
0.11599
0.3372
0
0
0.097649
0
0.71053
0
0.18372
0
0.16579
0
0
0
0.14278
1.2215
0.13734
0.18937
0.26955
0
0
0.20369
0.033901
0.2229
0.34275
0
0
0
0
0.00038137
0
0.055554
0
0
0
0.0848
0
0
0.29587
0
0.43276
0
0.23111
0
0
0
0.54988
0
0.17236
0.34942
0.45654
0.085106
0
0.34933
0.41125
0.78221
0.15712
0
0
0
0.20452
0
0
0
0.45825
0
0
0
0.19197
0.30351
0
0.032247
0
0
0.086736
0
0
0
0.13423
0.11145
0.056987
0.042973
0
0.3338
0.24368
0.047263
0.28524
0.44695
0.23428
0.048295
0
0
0.48881
0.46053
0
0.17861
0
0.012862
0.3368
0
0.075316
1.1749
0.17055
0.14474
0
0.09717
0
0.46837
0.16902
0.2601
0
0
0
0
0.38326
0
0.35856
0
0
0.08062
0.63877
0.37726
0.098011
0.4139
0
0.044078
0.34351
0.44126
0
0
0.053077
0
0.074365
0
0
0
0
0.51038
0.31801
0
0.20812
0
0.14406
0.13055
0
0.038875
0.19375
0
0.18013
0
0
0
0.50776
0
0
0
0.033893
0
0
0.48457
0.15667
0.25106
0
0
0
0.6069
0.084611
0
0.59018
0
0.39337
0.39376
0.15172
0
0
0
0
0
0
0
0.1479
0
0.22169
0.098076
0
0
0.48386
0
0.81024
0
0.70081
0
0.095631
0
0
0.15039
0
0.062639
0.14497
0.27329
0
0
0
0.17639
0.56457
0
0.045571
0
0
0
0.12873
0.049583
0
0.48881
0.090632
0
0.50079
0.21598
0
0.36716
0
0.10424
0.6652
0
0.095546
0
0.033939
0
0.50085
0
0.21229
0
0.0031438
0.60325
0
0
0
0.28875
0
0
0
0.048885
0
0.14097
0
0
0.192
0.32565
0
0
0.49045
0.13888
0
0
0
0
0.090534
0.10656
0.056693
0
0.069519
0
0
0
0
0.11797
0
0
0
0
0.3227
0.022622
0
0
0
0.45947
0
0.13082
0.2001
0.14944
0
0
0.025216
0
0
0.11118
0.26767
0.25673
0.31097
0.087976
0
0
0
0
0
0
0
0
0
0.060832
0.096232
0.37322
0
0
0
0.53196
0
0
0
0
0.14824
0
0
0
0
0.38483
0.14607
0
0.16617
0.23579
0.26863
0
0
0.077295
1.3221
0
0
0
0.23258
0.018885
0
0
0
0
0.18054
0.13548
0
0
0
0
0.46894
0
0.28138
0
0
0.13666
0.47691
0.0043408
0
0.41017
0
0
0
0
0.8135
0
0.29271
0.34685
0.066424
0.34544
0
0
0.39351
0
0
0
0.3277
0
0.013766
0.085177
0
0
0
0
0.073917
0
0.19971
0.11361
0.17289
0.5957
0
0
0
0.28515
0.69588
0
0.087414
0.20678
0
0
0.094799
0.28902
0.060454
0
0.42201
0.10561
0
0.07584
0
0.14975
0.041875
0.14302
0.05473
0.52021
0.028945
0
0
0.29047
0
0
0
0.2028
1.0097
0
0
0.39312
0
0.1444
0
0
0
0.33867
0.046499
0.11676
0.022048
0
0.24679
0.32616
0
0.27367
0
0
0
0
0.19304
0
0
0.01276
0.56969
0.24021
0.33779
0
0.66555
0
0.47806
0.014577
0.00015824
0
0
0
0.019683
0.027946
0
0.18382
0
0
0
0.47354
0
0.042515
0.085596
0
0
0
0.40578
0
0
0
0
0
0.032139
0
0
0
0.0091656
0.04651
0.98022
0
0
0.43724
0.26794
0
0.46761
0.036541
0
0.096118
0.21656
0.17347
0
0
0
0
0
0
0.31854
0.088778
0.050053
0
0
0
0.12688
0.25694
0
0.099833
0
0.39636
0
0
0
0
0
0.1419
0.009767
0.35494
0.24619
0.086685
0
0
0
0
0.73555
0
0.2867
0.09011
0
0
0
0
0
0.046009
0
0.091736
0
0.12494
0
0.55038
0
0
0
0.17158
0
0.062788
0
0
0.0094339
0.047344
0.42626
0.32947
0.0013614
0
0
0
0
0
0.36292
0.2083
0
0.12272
0.32116
0
0.14336
0.084915
0
0
0.004187
0.014961
0
0.52519
0.47395
0
0
0
0.63865
0
0.51999
0.027964
0.39992
0.096403
0.088729
0.4106
0
0.57265
0
0.16021
0
0.50663
0.4889
0.1206
0.38801
0.25678
0.29109
0
0
0
0
0
0
0.25202
0.013638
0.092684
0.27881
0
0.15566
0.096355
0
0
0.0011397
0.68864
0
0
0
0
0
0
0
0
0
0.15533
0
0
0.29489
0
0.60745
0
0.22963
0
0
0
0.40372
0.88346
0
0
0
0
0.16421
0.11235
0
0.26001
0.41798
0.14172
0
0
0.038946
0
0.28478
0.19779
0
0
0
0.60728
0
0
0.23398
0
0
0
0.30821
0
0.50753
0
0.16735
0.25763
0
0
0
0.6062
0.30511
0.30752
0.028827
0.11485
0
0.026781
0.13311
0.491
0
0.21293
0
0
0
0.014615
0.34001
1.3225
0
0
0
0
0
0.22639
0
0
0.26346
0
0.20309
0
0
0
0
0.54055
0
0
0
0.10264
0.26284
0.23885
0.061418
0
0.308
0
0
0
0
0
0
0
0
0
0
0
0
0.088267
0.09009
0.064013
0.72462
0
0
0
0.11207
0.30666
0
0.021983
0
0.37671
0
0.25647
0.059369
0
0
0.1155
0.43986
0
0
0.092612
0
0.042111
0
0
0.11206
0
0
0.47543
0.1732
0.6375
0.038574
0.20255
0.00085373
0.4793
0
0.049801
0
0
0
0.55621
0.10578
0.23954
0
0
0
0
0
0
0
0
0.22342
0
0.32923
0
0
0.337
0
0
0.13054
0
0
0
0.059889
0
0
0
0
0
0
0
0
0
0
0.11666
0
0
0.20274
0.00608
0.012449
0
0.06456
0
0.32889
0.47679
0.63278
0.1794
0
0.034007
0
0
0
0.34548
0
0.60853
0
0.16645
0.20696
0.45235
0.27077
0.0021234
0
0.027287
0.090762
0.14005
0
0
0
0
0
0
0
0
0
0
0.20954
0
0
0.079206
0.5656
0.11078
0.042489
0.078934
0.13958
0
0
0
0
0.19225
0.48715
0
0.38057
0
0
0.088562
0
0
0
0
0.044979
0
0.045798
0
0
0
0
0
0.33165
0.36759
0.00050275
0
0
0
0
0
0
0
0
0
0.2412
0.18252
0
0
0
0.79713
0.12135
0
0
0
0.31708
0
0
0.28511
0.042333
0
0
0
0
0
0
0.71097
0
0.12928
0.35338
0.64142
0
0
0.29654
0
0.032064
0
0.13311
0
0.37097
0.12324
0
0.22186
0
0
0
0.11412
0.013511
0.094176
0
0
0.11694
0.91275
0.15506
0
0
0.39016
0
0
0.1109
0
0.41115
0
0
0
0
0.055959
0.42964
0.046625
0
0
0
0
0
0.39299
0
0.2117
0.21826
0.4099
0.029998
0.094332
0.10255
0
0
0.21998
0.34712
0
0
0
0
0.18937
0.23732
0
0.0029084
0
0.35508
0
0
0.14118
0
0
0.12919
0.068214
0
0.087958
0.26143
0
0
0
0
0.13436
0.018184
0
0
0.4205
0.20463
0.42069
0.47625
0.19302
0.22972
0
0
0.47054
0
0
0
0.40719
0
0
0
0
0
0
0.57851
0.18622
0.027578
0
0.37363
0
0.17469
0
0.25287
0
0
0
0.0015778
0.32843
0
0
0.23462
0.062389
0.34474
0
0
0
0.15681
0
0
0.20858
0
0
0
0
0.47334
0
0
0
0
0.15765
0
0
0
0
0
0
0
0
0.10368
0
0.0018469
0
0
0
0.46017
0.082769
0
0
0.12061
0.47639
0
0
0
0.18627
0.21311
0.088409
0
0
0
0.34538
0
0.17289
0.1115
0
0
0.046136
0
0.77192
0.55852
0
0
0.22995
0
0
0
0.037481
0
0
0.026046
0.077515
0
0
0
0.069692
0
0
0
0
0
0
0.16936
0
0.089423
0.2124
0
0
0.29295
0.26204
0.25151
0
0
0.24007
0
0
0.13272
0
0.32545
0
0.49097
0
0
0
0.058205
0
0
0.060845
0.21939
0.1668
0.47376
0
0
0.4128
0
0.10999
0.057711
0
0
0
0
0.37234
0.19824
0
0
0
0.0060391
0
0
0.13799
0.59716
0.66049
0.25614
0
0.17584
0.16234
0
0
0
0.1063
0
0
0.62642
0
0.078443
0
0
0
0
0.42716
0.13037
0
0
0
0
0
0.0030552
0
0
0.14377
0.18292
0
0
0
0.025534
0.28202
0
0.18827
0.3601
0
0.073919
0.047026
0
0
0
0
0
0.30208
0
0
0
0
0
0
0.095766
0.020581
0.03349
0
0
0
0
0.0017763
0.42068
0.15424
0
0.029693
0
0.13678
0
0.063206
0
1.0122
0
0
0.68063
0
0
0
0
0.049883
0
0.07527
0
0.04156
0.56379
0
0.46314
0
0.44844
0.1092
0.30954
0
0
0.031243
0
0.36782
0.018095
0.010296
0
0.17517
0
0.12429
0
0.023275
0
0
0
0
0
0.42424
0.042223
0
0
0
0.13951
0
0.27243
0.26425
0
0
0
0
0.24506
0.14782
0
0
0
0
0
0.15131
1.1987
0.72446
0
0.34726
0.81835
0.17746
0
0
0
0.05324
0
0
0
0.55899
0.20595
0.15927
0
0
0
0.66069
0.2432
0
0
0.15811
0.47541
0.21071
0.16186
0
0.010964
0
0.23402
0.30292
0
0.61391
0
0
0.11935
1.0781
0
0
0
0
0.023491
0.082182
0
0.027117
0.56104
0
0.39197
0.33869
0
0.34142
0.56983
0.061041
0.60828
0
0.029684
0
0
0.048385
0.31458
0.0081223
0
0.73187
0
0
0.31887
0
0.045284
0
0.44108
0.3349
0.38881
0
0
0
0.44006
0.29757
0.58364
0.0024301
0.021407
0.095858
0
0.30123
0.20735
0
0.2051
0.21184
0
0
0
0.27965
0.13275
0.23656
0
0
0
0
0.090231
0
0
0.073699
0
0.1891
0.06736
0.21838
1.7613
0.11056
0.24763
0
0
0.12145
0.068262
0.053949
0
0.33911
0.19888
0
0.10033
0.1337
0
0
0
0.39152
0
0.18037
0
0
0.47938
0.12969
0.16158
0.24782
0
0
0
0
0
0
