1.0778 0.96466
1.0522 0.81923
1.0296 1.0231
1.0299 1.0325
0.93152 0.96911
0.9848 1.1012
1.0077 0.88294
1.1897 0.99388
0.86612 1.0105
0.92484 0.87748
0.9061 1.0065
0.9911 1.1539
0.99278 0.94303
1.2377 1.1241
1.1752 0.98346
0.98917 0.97197
1.0355 0.77263
1.0668 0.84206
1.0809 0.98748
1.0423 0.92413
1.0223 0.98063
0.86636 1.0242
0.94783 0.92374
0.98096 0.94229
0.95379 0.90157
0.87859 0.93812
1.005 1.0095
1.0285 0.94921
1.0472 1.0338
1.0009 0.91796
0.95635 1.056
1.0029 0.99255
1.1357 1.0377
0.94885 0.98234
0.85688 0.99642
1.0642 1.0113
1.0333 0.95905
0.97219 0.99772
0.89509 0.87177
0.94368 1.0093
1.0216 1.0816
1.1645 1.2149
1.0138 0.99888
0.94831 1.0009
0.9023 1.0665
0.95067 0.9477
1.0643 0.8352
1.0012 0.87394
0.98755 0.99054
1.1075 1.2879
1.0717 1.038
1.0634 1.0218
1.0821 0.95525
1.0285 0.91295
1.02 0.9535
1.2246 1.1216
1.005 1.0418
0.97356 1.0989
0.80857 1.0546
1.1415 1.162
1.0601 0.87761
0.93734 1.0296
1.0386 0.85483
1.1214 1.0097
0.90007 0.95188
0.86737 1.1409
0.99635 0.96292
0.98099 1.0769
0.9369 0.93588
1.0365 1.0457
0.95934 1.0645
0.87202 1.2491
0.9465 1.198
1.0516 1.1119
0.95399 1.0784
0.99904 0.93743
1.1819 0.9292
1.0052 1
0.94836 1.005
0.98704 1.1769
0.81965 0.93151
1.1047 0.96637
0.97728 1.0204
0.93442 0.97412
0.94577 1.0757
0.99043 1.1234
0.962 1.0415
0.98729 1.0237
1.0286 1.0053
0.95176 1.0018
1.0346 1.1211
1.0646 0.8961
1.1548 1.1048
0.88683 0.9868
0.92932 0.95359
1.1189 0.9862
0.87442 0.97315
1.0408 1.017
0.8313 0.97054
0.88991 1.0312
1.0643 1.1959
0.96901 1.1887
0.84748 1.1118
0.87619 1.1573
1.0356 0.97263
1.0012 1.0322
0.95039 0.92631
0.88335 1.0943
1.0633 0.88234
1.0738 1.1466
0.95373 1.0405
0.97173 0.96828
1.0262 0.97081
1.1429 0.99962
0.94153 1.1292
1.0888 0.99192
1.0414 1.105
1.0675 1.1393
0.91958 1.1075
0.95199 1.0342
0.89073 0.8529
0.83105 0.97564
0.94787 1.2197
0.92375 1.0203
0.91119 1.1105
1.2082 0.88001
1.0976 0.94979
1.0838 0.9974
1.2149 1.1348
0.98199 0.89868
0.98408 1.0612
1.0212 0.95137
1.0225 1.0444
0.91596 1.0508
0.94001 0.95831
1.1067 0.84069
0.90575 1.1009
1.0929 1.0921
1.0299 1.0848
1.0049 1.1384
1.1279 0.90411
1.2149 1.0215
1.1423 1.1432
1.03 1.026
1.0134 1.1311
0.83273 1.102
0.95019 0.98094
1.0547 1.0404
1.181 0.90477
0.92494 1.0315
0.96955 0.87575
0.98044 1.0401
0.8156 1.0646
1.1292 0.89935
1.0187 1.0097
0.95429 1.0746
1.011 0.93242
0.96242 0.98709
0.86524 0.98168
0.98206 0.74852
0.92299 0.91828
0.96977 1.0561
1.1204 1.0237
1.1441 0.83399
1.0876 1.0303
0.92933 1.0792
0.94593 0.98609
1.2127 0.99876
0.9282 0.95001
0.95744 1.1164
0.95246 1.0431
0.95417 1.0207
1.1137 0.93634
1.0239 1.0671
0.99274 1.0323
1.0438 1.0554
1.2179 1.0714
0.92471 0.99647
0.79839 1.1588
0.99309 1.0107
1.1062 1.0541
0.95805 1.0164
0.92354 0.94865
0.9072 1.0329
1.0653 0.91162
1.1285 1.0753
0.87489 1.008
0.85036 0.899
1.013 1.0357
0.96881 1.0215
1.0443 1.2275
0.94246 0.97066
1.0646 1.1505
0.9248 0.9319
0.94758 1.0263
1.1186 0.95914
0.92338 1.1471
1.106 1.0941
1.0401 0.86743
0.81163 0.96775
1.0203 1.1872
1.0901 0.90743
0.9963 1.0172
1.097 1.1033
0.94219 1.1403
1.001 0.92943
1.0092 1.1364
0.98393 0.93711
1.2075 1.0306
0.96179 1.025
0.88078 1.0327
0.9451 0.81216
1.0086 0.95896
1.199 0.98838
1.0145 1.0053
1.055 1.0646
1.1916 1.106
1.0091 1.0418
1.1676 1.1996
1.0822 0.84261
1.005 0.96964
0.92772 1.0034
1.0135 0.84873
0.9101 0.79726
1.0646 0.88822
1.1128 1.0637
1.0311 0.9046
0.91905 0.95712
1.0182 1.0152
1.0613 0.98362
0.98706 1.0096
0.9216 0.99891
0.93898 0.89334
0.97516 0.96982
0.97214 1.0575
1.074 1.0035
0.99122 1.0968
0.99408 0.98938
0.90335 0.92508
0.75853 0.98409
0.94049 1.0991
1.1511 1.0154
1.1117 0.98031
0.9721 0.86195
0.98658 1.0349
0.91128 1.0258
1.0207 1.0866
1.0604 0.93267
1.2147 1.1848
1.03 0.94013
1.0815 1.0388
0.94217 1.0773
1.0574 1.0637
0.99418 0.87422
0.93691 1.0691
1.0449 0.84008
1.0345 0.9134
0.97289 0.97422
0.78986 1.1112
1.0806 1.1161
0.99198 0.94525
0.82363 1.0298
1.0116 1.0312
0.99937 0.95963
1.0682 0.98323
1.0058 0.98965
1.0819 1.0079
1.1404 1.0834
1.0997 1.0183
1.1163 1.0255
0.91027 1.0324
1.0398 1.1447
1.0359 1.1172
1.0703 1.0649
0.96765 0.92822
1.1303 1.0741
0.86133 1.0538
1.1511 1.0283
1.0137 0.91787
0.97653 1.0377
0.90428 0.9154
0.96284 1.2069
1.0585 1.2994
0.9731 0.92939
0.94989 1.0178
1.079 0.96577
0.96084 1.1182
0.98962 0.96399
0.95156 1.1147
1.0228 1.0768
0.96362 0.98194
0.92763 0.92933
1.0722 1.267
1.0385 1.1764
0.98705 0.98734
0.95224 1.0639
1.0433 1.0101
1.0058 1.0365
0.70034 1.0614
0.92386 0.99541
0.98275 0.94353
0.9994 0.9784
0.95526 0.87621
0.92914 1.0921
1.0982 1.0879
0.84353 1.0721
1.1225 0.90726
1.115 0.96757
0.94297 1.0623
1.1213 0.90291
1.0172 0.97007
1.1044 1.0372
1.0968 1.0238
1.077 0.89953
1.1121 1.0249
0.98832 1.0065
0.97748 1.0402
0.94538 1.0254
1.1879 1.0002
0.96901 0.97219
1.1671 1.0305
1.019 1.1095
1.0501 1.0608
0.96839 1.1986
0.95131 0.951
0.91189 1.0313
0.95932 0.98656
0.83551 0.88602
1.1098 0.93939
0.99388 1.0182
1.062 0.90652
1.0597 0.90817
1.0879 0.93619
0.90467 1.0549
1.0304 1.0373
0.85629 1.094
0.861 1.0534
0.89573 1.0397
1.0907 0.97232
0.94255 1.1073
1.1525 0.96754
0.85914 0.95925
1.1691 1.0353
0.93876 0.83192
0.92654 1.0195
0.85395 1.077
0.9699 0.85815
1.0129 1.054
0.94249 0.90917
0.86293 0.99566
1.0317 1.1361
0.9903 1.0195
1.0022 1.1767
0.95828 1.0465
1.0135 0.96739
0.98205 0.9464
1.1152 0.95724
0.94434 0.93712
1.096 1.1033
0.82435 1.1226
1.007 1.0628
0.96084 1.0694
0.92962 1.0748
1.0737 0.89002
0.91288 0.91101
0.95429 1.0116
1.102 0.90341
1.1264 0.95842
1.0508 1.0076
1.0645 0.84473
1.051 0.93832
0.99547 0.99226
1.0444 0.90426
0.9668 0.97258
1.1351 1.0248
0.9498 0.87191
0.97573 0.90356
0.84325 1.0991
0.89312 0.99708
1.0397 1.0979
1.0107 1.0608
0.90273 0.87695
1.1198 0.95242
1.0696 1.0604
0.9764 0.97371
0.82819 1.0082
0.96795 0.91397
1.0105 1.0389
1.0488 1.2006
1.0965 0.96076
1.0727 1.0329
1.0183 0.90397
0.9941 1.0494
0.94987 0.91478
0.95618 0.82088
1.0782 0.97989
0.89371 1.046
1.0751 0.95468
0.93634 1.0447
1.0119 0.94124
0.97064 0.8052
0.99728 1.0638
0.98853 0.94367
0.81873 0.9364
0.99294 1.0866
1.0412 0.8671
0.89409 1.0844
0.98695 0.95424
0.92263 0.95447
0.99003 1.0103
1.1349 1.1219
0.91168 0.97667
0.91407 0.9921
0.90504 0.82077
0.90433 0.99939
1.1324 0.94871
0.99028 1.1377
1.0315 0.82659
0.90458 0.995
1.1184 1.0396
0.96469 1.0385
1.0522 1.0095
0.93199 0.96301
1.06 1.0375
0.98395 1.0768
1.1323 1.047
0.96929 1.1156
0.89387 0.99667
0.82739 0.93556
0.96298 0.95835
1.0585 1.106
1.11 0.95542
1.0079 0.88863
0.91995 1.0471
0.8634 1.1422
1.059 1.0212
0.97005 0.93851
1.2335 1.2025
0.95039 1.0427
0.88512 1.0223
0.91011 0.98385
0.98049 0.90362
1.2911 1.0871
0.91621 1.1611
0.96294 1.015
0.99932 1.1345
1.0086 0.98927
1.0801 0.8702
0.97266 1.0841
1.1426 0.97651
1.2572 1.0124
0.96682 0.93557
1.006 1.058
1.1945 1.0301
0.94567 0.98753
1.0328 1.1226
1.0176 0.94217
1.0259 0.91485
1.0209 0.94895
0.83856 0.96233
1.1169 1.0679
1.0759 1.1261
0.96203 1.001
0.87666 1.0979
1.1474 1.1049
0.92219 1.1782
0.98103 1.0202
1.0189 1.0281
0.97793 0.98663
0.97476 0.89945
1.1428 0.88872
0.94736 1.015
0.90868 1.0726
1.081 1.0597
0.87057 1.0082
0.86058 0.83689
0.94514 1.0987
1.0693 0.88207
1.0742 1.066
0.79691 1.0419
0.98116 1.008
1.0513 0.82067
0.96316 1.0704
1.1011 0.95912
0.97151 0.98118
1.0628 0.90954
0.99493 1.0515
0.97551 0.94253
0.95324 1.0639
1.0786 1.0879
0.91279 0.89051
1.0946 1.052
1.0281 1.1631
1.1094 1.026
1.0409 0.94429
1.0316 1.2047
1.0619 1.0512
0.80539 1.0547
1.0208 1.0838
1.1929 0.96374
0.92638 0.78771
1.0096 1.0411
0.93519 0.91992
0.84757 0.99019
1.102 1.1402
1.024 0.88264
0.95874 1.1903
1.0261 0.90151
1.0777 1.0458
0.98562 1.0733
0.97119 0.98391
1.0052 0.98444
1.0397 0.90071
0.92738 0.94378
1.1506 1.1003
0.85747 0.96699
0.92436 0.94668
0.91515 1.0763
1.0583 0.96831
0.96292 0.98203
0.92465 0.96712
0.95826 0.95826
0.94235 0.93093
1.0692 0.93801
1.0182 1.0339
0.92116 0.95082
1.0698 0.96432
1.0394 0.8989
0.90865 1.0242
0.92872 1.0024
1.0607 0.98896
1.2331 1.0259
1.0283 0.99876
0.90736 1.2009
1.1352 0.98596
0.99169 1.0599
1.0035 0.88181
1.1302 1.1938
1.051 0.95246
0.97243 1.0994
0.83885 0.99993
1.0415 1.0625
1.0818 0.97504
0.98799 1.0183
0.86701 1.1218
0.9199 1.0999
1.0327 0.98401
1.0073 0.9628
1.0571 0.94363
0.99081 1.1351
0.97414 1.0255
0.94878 0.94747
1.0613 1.0364
1.1092 1.0585
0.93167 0.98359
1.1999 1.1291
0.98975 1.0291
1.0118 0.84723
0.93736 1.0531
1.0161 0.97436
0.95752 0.95411
1.0037 0.93848
1.0827 1.083
1.0892 1.0989
0.89006 0.9042
1.0049 1.0292
0.99784 0.95376
0.84686 0.9537
1.046 1.0049
0.95657 0.83115
1.0818 1.1154
1.1552 1.0287
0.91579 0.96015
0.96159 0.89274
0.9547 1.0307
1.0526 0.93379
1.0192 0.97459
1.22 0.94892
0.99897 1.0884
0.87641 1.1445
0.92139 0.88353
1.0052 1.1385
0.89748 0.97209
0.97875 1.0311
0.92688 0.87793
1.0548 1.0626
1.0347 1.1485
0.94287 0.91968
0.95507 0.94525
1.0584 1.1856
0.96902 0.94872
1.1793 1.0359
0.93453 0.8355
1.0416 1.0283
1.0324 0.90994
1.0691 0.86785
1.1 0.95882
0.94865 1.2101
1.0113 1.0691
0.99094 1.0463
0.92246 0.93866
1.0174 0.99649
0.82351 1.1013
0.92112 0.97984
0.92957 1.0834
0.98082 1.0263
0.96169 1.0335
0.99356 1.0616
1.0025 0.89998
0.86035 0.87907
0.94929 0.98582
1.1919 0.97918
1.0207 0.92527
1.052 1.0439
1.0797 1.1253
1.0768 0.97012
0.91411 1.0502
0.86155 1.0232
1.1651 1.0591
1.0255 1.1119
0.96837 1.0905
0.94439 0.96852
0.9897 0.95267
1.0393 0.99963
0.95337 0.98253
1.0421 1.1186
1.0144 0.99649
1.0918 0.99131
0.89793 1.084
1.0525 1.0122
0.91807 1.1887
1.0522 1.1808
0.95857 0.95877
0.90628 0.98445
0.90515 0.91099
0.97775 1.0046
1.1058 0.89395
1.0319 0.98793
1.1357 0.9952
1.0019 0.87922
1.1483 0.88365
0.82021 1.0001
1.013 1.0749
0.96328 1.0183
1.1043 0.94293
0.9323 0.96055
1.0499 1.1271
1.0221 0.93175
1.0124 1.0891
1.0075 1.0002
0.97546 1.0485
0.98776 0.94891
0.86504 0.89765
1.0866 0.89765
1.1405 1.0549
1.0091 0.92866
1.0078 1.0714
1.013 1.0893
1.0589 1.0123
0.88229 0.8104
0.93679 1.0729
1.0148 1.0355
1.0459 0.80486
0.86463 1.0127
0.95629 0.92268
1.084 1.0491
0.98255 1.1438
0.99088 0.98242
1.0583 1.1947
0.96256 0.9549
0.94417 1.0784
0.96193 1.1617
1.0995 1.1174
1.02 1.0507
1.1039 0.95055
1.0141 1.0787
0.94729 1.0374
0.88136 0.89162
1.1195 0.91954
1.0008 1.0007
0.89101 0.91586
1.1357 0.95574
1.0167 1.0325
0.87869 0.93919
1.0632 0.93021
1.0017 0.89618
1.0871 0.98431
0.8621 0.78122
1.184 0.89981
1.113 1.0344
1.0459 1.0247
0.99036 1.094
1.042 1.0026
0.84524 0.88488
1 0.93539
0.94367 1.0394
0.98854 0.90874
0.87785 0.88904
0.97858 0.95952
0.97621 1.0709
1.0237 0.96145
1.0249 0.98907
0.92757 0.91711
1.0553 1.091
1.0283 0.93617
1.0482 1.0278
1.08 0.94817
0.84591 0.90587
1.0982 0.95257
1.0234 1.2
0.95684 1.2623
0.89854 0.85974
1.1106 1.0593
0.90885 1.0054
0.9691 0.9065
1.0299 0.92137
1.0813 0.95653
1.0465 0.98218
1.0855 0.94303
1.0642 0.9927
1.1826 1.0019
0.92626 0.98765
0.84566 0.97825
0.91268 0.95761
1.0414 1.0849
0.91527 0.90105
1.0373 0.8607
1.0608 1.094
0.78229 1.2479
0.98341 0.94536
1.0302 0.91608
1.0463 0.94781
1.0274 0.94265
1.0817 0.99069
0.873 0.93333
1.1795 1.0593
0.94045 1.1293
1.0638 1.1813
0.9204 0.98997
1.0125 1.0872
0.91645 0.96732
0.9025 1.1779
0.96556 0.8904
1.0305 1.083
1.1471 0.98928
1.0449 1.0849
1.0343 1.0958
0.90622 1.073
0.92448 1.0248
0.99598 1.0031
0.98153 1.0522
0.98652 0.90952
1.0891 1.0823
0.99866 0.97462
0.90815 1.1406
0.95515 0.95247
1.0597 1.0919
0.97671 1.0324
1.0762 1.1411
1.0387 1.072
1.0512 1.1013
0.95476 1.0124
0.88597 0.92441
0.94631 1.0882
0.92966 1.043
1.0031 1.0718
1.0415 1.1891
1.0317 1.0798
0.86854 0.98287
0.81272 0.94778
1.0045 1.1722
1.0714 0.96735
1.0027 0.91125
0.99834 1.1601
0.8495 0.94639
0.95769 0.92903
1.0394 1.0566
0.97799 0.99614
0.99358 0.86443
1.0525 0.93956
1.0086 1.1419
1.0294 0.9884
0.94401 1.0389
0.99819 1.1115
0.80031 0.95972
1.1576 1.0984
1.0941 1.0636
0.9504 0.94611
0.98874 0.95121
0.97506 0.90795
0.90002 0.96134
1.222 1.0154
0.94468 1.1509
0.92225 0.85149
0.98917 0.948
0.9971 0.86203
0.9873 1.0017
0.93168 1.0312
0.97282 1.0917
1.1911 1.0376
0.9064 0.97553
0.94081 0.97946
1.0959 0.9875
0.94091 1.0459
1.1582 1.0395
1.0859 1.091
0.97364 1.0705
1.0454 1.0101
1.0521 1.1089
0.9449 1.0655
0.89417 0.98697
0.99339 1.0018
1.0693 0.8719
1.075 1.0291
1.0063 1.1882
1.0022 1.07
1.2955 1.0339
1.0301 1.0654
0.9575 0.9634
0.91559 0.96544
0.96425 1.0224
1.1112 0.89241
0.916 0.97054
0.87965 0.90978
0.90407 0.90532
1.0659 1.0057
1.0026 1.1652
1.0121 0.84556
1.0466 1.1938
1.158 1.3026
0.97093 1.0237
1.0907 1.1809
1.149 0.99086
1.012 0.98296
0.8819 1.077
0.99695 1.0155
0.96431 0.97381
0.99826 1.0842
0.93412 1.0265
1.0343 1.1319
1.0064 1.0681
0.89437 1.0611
0.95804 1.0539
1.0355 1.0373
0.95339 1.0332
1.0664 1.0713
1.1099 1.1165
0.94234 0.95182
1.1417 1.1347
0.91289 1.0242
0.99148 1.0439
0.87878 1.0642
0.95165 0.845
0.9763 0.92698
1.1429 0.98899
1.0128 0.93092
1.041 0.93393
0.92761 1.0707
0.93376 1.029
0.97826 0.88435
0.95713 1.1931
0.95603 0.89366
1.0737 0.92065
1.0108 1.0218
1.1317 0.91582
1.0787 1.01
1.1842 1.0903
0.97881 1.0954
1.0648 1.0285
1.0609 0.96618
0.92253 0.96233
0.93889 0.924
1.0276 0.95382
0.88271 1.1973
0.99605 0.89562
1.1634 0.94522
1.0677 0.99983
0.85497 0.98381
0.94395 1.0042
0.87993 0.95913
0.88396 0.83005
0.85593 0.99567
0.80114 0.98282
1.0369 1.1214
0.91767 0.80303
0.97907 1.2061
0.94535 1.0181
0.87508 1.0728
1.0901 0.96457
1.0539 0.96624
1.047 0.95805
1.034 1.1177
1.0756 1.0391
1.3229 1.0183
1.183 0.94582
0.99733 1.0943
1.0084 0.92258
1.2271 1.0125
1.0091 1.155
0.94 0.89324
1.0778 0.95186
0.93243 1.1807
0.99296 0.94836
0.93327 1.0042
0.79799 0.89195
0.97071 0.90698
1.0477 1.0137
0.92876 1.1194
0.90972 0.86346
1.11 0.95379
0.96375 1.0177
0.99854 1.1257
1.1309 0.90155
0.97971 0.92255
0.94026 0.9536
0.9716 0.98299
0.95246 1.1112
0.99051 1.005
1.0259 1.1036
0.97951 0.97042
1.0648 0.96562
1.117 1.1352
0.92481 0.87236
1.2033 0.83664
1.1853 1.098
1.048 1.0013
0.95949 1.0115
1.0861 0.94127
0.9872 1.0278
0.96658 0.9712
1.0344 0.89915
0.92334 1.13
1.0678 0.90927
1.1014 0.96083
0.9836 0.98056
0.96197 0.9554
0.96461 1.0254
1.0551 1.0767
1.1295 0.86713
0.88256 0.93677
1.0677 1.0146
0.91387 1.0835
1.1875 0.96725
0.87054 1.0186
1.0652 0.95845
1.0307 1.104
1.1364 0.99217
1.034 1.0438
0.98245 0.98253
1.0326 1.0157
0.7746 0.91216
1.06 1.0702
1.0806 1.0767
0.8932 0.87952
1.0323 1.1127
0.97795 0.94341
0.95108 1.1129
1.0494 0.9839
0.93464 0.96167
1.0622 1.0493
0.99666 1.0368
0.95056 0.91372
0.98358 0.97639
1.0892 1.1069
0.95341 1.0369
1.1093 1.0357
1.1201 0.94115
0.99077 1.0846
0.91884 1.0521
0.96076 1.1387
1.1278 1.0317
0.9707 0.89866
0.96555 0.90832
1.1304 1.1953
1.0932 0.93455
1.0867 1.0177
0.93732 1.1243
1.0513 0.91503
0.95189 1.0347
0.87191 0.76432
0.99428 1.1661
1.002 1.0164
1.1154 1.1048
0.96464 1.0198
1.0597 0.99256
0.90516 0.93535
0.97957 0.92612
0.92165 0.907
0.99163 1.0553
0.96095 1.0597
0.9095 0.93749
0.97259 0.91047
0.99687 0.99028
1.1949 1.0608
0.84715 0.94093
0.89381 0.79161
0.92048 1.0664
1.0564 1.0754
1.2035 0.94211
1.0676 1.0629
