2.0424
1.8714
2.0527
2.0624
1.9006
2.086
1.8907
2.1836
1.8766
1.8023
1.9126
2.145
1.9358
2.3617
2.1586
1.9611
1.8081
1.9088
2.0684
1.9664
2.0029
1.8906
1.8716
1.9232
1.8554
1.8167
2.0145
1.9777
2.081
1.9189
2.0124
1.9955
2.1734
1.9312
1.8533
2.0755
1.9923
1.9699
1.7669
1.953
2.1032
2.3793
2.0127
1.9492
1.9688
1.8984
1.8995
1.8752
1.9781
2.3954
2.1098
2.0852
2.0373
1.9415
1.9735
2.3462
2.0469
2.0724
1.8632
2.3035
1.9377
1.967
1.8934
2.131
1.8519
2.0082
1.9593
2.0579
1.8728
2.0823
2.0239
2.1211
2.1445
2.1635
2.0324
1.9365
2.1111
2.0052
1.9534
2.1639
1.7512
2.0711
1.9976
1.9085
2.0215
2.1138
2.0035
2.011
2.0338
1.9536
2.1558
1.9607
2.2596
1.8736
1.8829
2.1051
1.8476
2.0578
1.8018
1.9211
2.2602
2.1577
1.9592
2.0335
2.0083
2.0334
1.8767
1.9777
1.9456
2.2204
1.9942
1.94
1.997
2.1426
2.0707
2.0807
2.1464
2.2068
2.0271
1.9862
1.7436
1.8067
2.1676
1.9441
2.0217
2.0882
2.0474
2.0812
2.3497
1.8807
2.0453
1.9725
2.0669
1.9668
1.8983
1.9473
2.0066
2.185
2.1146
2.1433
2.032
2.2364
2.2855
2.056
2.1445
1.9347
1.9311
2.0952
2.0858
1.9565
1.8453
2.0206
1.8802
2.0285
2.0284
2.0288
1.9434
1.9495
1.8469
1.7306
1.8413
2.0259
2.1441
1.9781
2.1178
2.0085
1.932
2.2115
1.8782
2.0738
1.9955
1.9749
2.05
2.091
2.0251
2.0992
2.2893
1.9212
1.9572
2.0038
2.1603
1.9744
1.8722
1.9401
1.9769
2.2038
1.8829
1.7494
2.0487
1.9903
2.2717
1.9131
2.2151
1.8567
1.9739
2.0777
2.0705
2.2001
1.9076
1.7794
2.2075
1.9975
2.0135
2.2003
2.0825
1.9304
2.1456
1.921
2.2381
1.9868
1.9135
1.7573
1.9675
2.1874
2.0199
2.1196
2.2976
2.0509
2.3672
1.9248
1.9746
1.9311
1.8622
1.7074
1.9529
2.1765
1.9357
1.8762
2.0334
2.0449
1.9967
1.9205
1.8323
1.945
2.0297
2.0774
2.088
1.9835
1.8284
1.7426
2.0395
2.1665
2.092
1.834
2.0215
1.9371
2.1073
1.9931
2.3995
1.9701
2.1203
2.0194
2.1211
1.8684
2.006
1.885
1.9479
1.9471
1.901
2.1967
1.9372
1.8534
2.0428
1.959
2.0514
1.9955
2.0898
2.2239
2.1179
2.1418
1.9427
2.1845
2.1531
2.1352
1.8959
2.2045
1.9152
2.1793
1.9316
2.0142
1.8197
2.1698
2.3579
1.9025
1.9677
2.0447
2.0791
1.9536
2.0662
2.0996
1.9456
1.857
2.3392
2.2149
1.9744
2.0161
2.0534
2.0423
1.7618
1.9193
1.9263
1.9778
1.8315
2.0213
2.186
1.9157
2.0298
2.0826
2.0052
2.0242
1.9872
2.1415
2.1206
1.9765
2.1371
1.9948
2.0177
1.9708
2.1881
1.9412
2.1976
2.1285
2.1109
2.167
1.9023
1.9432
1.9459
1.7215
2.0492
2.0121
1.9685
1.9678
2.0241
1.9595
2.0678
1.9503
1.9144
1.9355
2.063
2.0499
2.1201
1.8184
2.2044
1.7707
1.946
1.9309
1.8281
2.0669
1.8517
1.8586
2.1678
2.0098
2.1789
2.0048
1.9809
1.9284
2.0724
1.8815
2.1993
1.947
2.0698
2.0302
2.0044
1.9638
1.8239
1.9659
2.0054
2.0848
2.0584
1.9093
1.9893
1.9877
1.9486
1.9394
2.1599
1.8217
1.8793
1.9424
1.8902
2.1377
2.0715
1.7797
2.0722
2.1301
1.9501
1.8364
1.8819
2.0494
2.2494
2.0572
2.1055
1.9223
2.0435
1.8646
1.7771
2.0581
1.9397
2.0297
1.981
1.9532
1.7758
2.0611
1.9322
1.7551
2.0795
1.9083
1.9785
1.9412
1.8771
2.0003
2.2568
1.8883
1.9062
1.7258
1.9037
2.0811
2.1279
1.8581
1.8996
2.1581
2.0031
2.0617
1.895
2.0975
2.0607
2.1793
2.0849
1.8905
1.7629
1.9213
2.1646
2.0654
1.8965
1.967
2.0056
2.0802
1.9086
2.436
1.9931
1.9074
1.894
1.8841
2.3782
2.0773
1.9779
2.1338
1.9979
1.9503
2.0568
2.1192
2.2697
1.9024
2.064
2.2246
1.9332
2.1554
1.9598
1.9407
1.9698
1.8009
2.1849
2.202
1.963
1.9746
2.2523
2.1004
2.0013
2.047
1.9646
1.8742
2.0315
1.9624
1.9813
2.1407
1.8788
1.6975
2.0438
1.9514
2.1402
1.8388
1.9892
1.8719
2.0336
2.0602
1.9527
1.9723
2.0464
1.918
2.0172
2.1665
1.8033
2.1466
2.1912
2.1354
1.9852
2.2362
2.1131
1.8601
2.1047
2.1567
1.7141
2.0507
1.8551
1.8378
2.2422
1.9066
2.149
1.9276
2.1235
2.0589
1.9551
1.9896
1.9404
1.8712
2.2509
1.8245
1.871
1.9915
2.0266
1.9449
1.8918
1.9165
1.8733
2.0072
2.0521
1.872
2.0341
1.9383
1.9329
1.9311
2.0497
2.2589
2.0271
2.1083
2.1212
2.0516
1.8854
2.324
2.0035
2.0718
1.8388
2.104
2.0568
2.0063
1.9888
2.0198
2.0167
1.9701
2.0007
2.1259
1.9996
1.8963
2.0977
2.1677
1.9153
2.329
2.0188
1.859
1.9904
1.9905
1.9116
1.9422
2.1656
2.1881
1.7943
2.0341
1.9516
1.8006
2.0509
1.7877
2.1972
2.1839
1.8759
1.8543
1.9854
1.9864
1.9938
2.1689
2.0873
2.0209
1.8049
2.1437
1.8696
2.0098
1.8048
2.1174
2.1832
1.8625
1.9003
2.2441
1.9177
2.2152
1.77
2.0699
1.9423
1.937
2.0588
2.1587
2.0804
2.0372
1.8611
2.0139
1.9248
1.901
2.0129
2.0071
1.9952
2.0552
1.9025
1.7394
1.9351
2.1711
1.946
2.0959
2.205
2.047
1.9643
1.8848
2.2242
2.1375
2.0589
1.9129
1.9424
2.0389
1.9359
2.1607
2.0109
2.0831
1.9819
2.0648
2.1067
2.233
1.9173
1.8907
1.8161
1.9823
1.9998
2.0199
2.1309
1.8811
2.032
1.8203
2.0879
1.9816
2.0473
1.8929
2.177
1.9539
2.1015
2.0077
2.0239
1.9367
1.7627
1.9842
2.1954
1.9377
2.0793
2.1024
2.0713
1.6927
2.0097
2.0502
1.8507
1.8774
1.879
2.1331
2.1263
1.9733
2.253
1.9175
2.0225
2.1236
2.2169
2.0707
2.0545
2.0928
1.9847
1.773
2.039
2.0015
1.8069
2.0914
2.0493
1.8179
1.9934
1.8979
2.0714
1.6433
2.0839
2.1474
2.0706
2.0844
2.0447
1.7301
1.9354
1.9831
1.8973
1.7669
1.9381
2.0471
1.9852
2.0139
1.8447
2.1464
1.9645
2.076
2.0282
1.7518
2.0508
2.2233
2.2192
1.7583
2.17
1.9142
1.8756
1.9513
2.0378
2.0287
2.0285
2.0569
2.1845
1.9139
1.8239
1.8703
2.1263
1.8163
1.898
2.1548
2.0302
1.9288
1.9463
1.9941
1.97
2.0724
1.8063
2.2389
2.0698
2.2452
1.9104
2.0998
1.8838
2.0804
1.856
2.1135
2.1364
2.1299
2.1301
1.9792
1.9493
1.9991
2.0338
1.896
2.1714
1.9733
2.0488
1.9076
2.1516
2.0091
2.2172
2.1107
2.1525
1.9672
1.8104
2.0345
1.9726
2.075
2.2305
2.1115
1.8514
1.7605
2.1767
2.0387
1.914
2.1585
1.7959
1.8867
2.096
1.9741
1.858
1.992
2.1505
2.0178
1.9829
2.1096
1.76
2.256
2.1577
1.8965
1.94
1.883
1.8614
2.2374
2.0956
1.7737
1.9372
1.8591
1.989
1.9628
2.0645
2.2287
1.8819
1.9203
2.0834
1.9868
2.1977
2.177
2.0442
2.0555
2.1609
2.0104
1.8811
1.9952
1.9412
2.104
2.1945
2.0723
2.3294
2.0955
1.9209
1.881
1.9867
2.0037
1.8865
1.7894
1.8094
2.0716
2.1678
1.8576
2.2404
2.4607
1.9946
2.2716
2.1398
1.995
1.9589
2.0125
1.9381
2.0824
1.9606
2.1662
2.0745
1.9554
2.012
2.0728
1.9865
2.1376
2.2264
1.8942
2.2764
1.9371
2.0354
1.9429
1.7966
1.9033
2.1319
1.9437
1.9749
1.9983
1.9628
1.8626
2.1502
1.8497
1.9943
2.0325
2.0475
2.0887
2.2745
2.0742
2.0933
2.0271
1.8849
1.8629
1.9814
2.08
1.8917
2.1086
2.0675
1.8388
1.9481
1.8391
1.714
1.8516
1.784
2.1584
1.7207
2.1851
1.9635
1.9478
2.0547
2.0201
2.0051
2.1517
2.1147
2.3412
2.1288
2.0917
1.931
2.2397
2.1641
1.8332
2.0297
2.1131
1.9413
1.9375
1.6899
1.8777
2.0613
2.0481
1.7732
2.0638
1.9815
2.1242
2.0325
1.9023
1.8939
1.9546
2.0636
1.9955
2.1295
1.9499
2.0304
2.2522
1.7972
2.0399
2.2833
2.0493
1.9709
2.0274
2.015
1.9378
1.9336
2.0533
1.977
2.0622
1.9642
1.9174
1.9901
2.1318
1.9966
1.8193
2.0823
1.9974
2.1547
1.8891
2.0236
2.1347
2.1286
2.0778
1.965
2.0483
1.6868
2.1303
2.1573
1.7727
2.145
1.9214
2.064
2.0333
1.8963
2.1115
2.0335
1.8643
1.96
2.1961
1.9903
2.145
2.0613
2.0754
1.9709
2.0995
2.1596
1.8694
1.8739
2.3257
2.0277
2.1044
2.0616
1.9663
1.9865
1.6362
2.1604
2.0184
2.2202
1.9844
2.0523
1.8405
1.9057
1.8286
2.047
2.0207
1.847
1.8831
1.9871
2.2557
1.7881
1.6854
1.9869
2.1319
2.1456
2.1305
