11,0.8
12,0.8
13,0.9
14,0.9
15,0.9
16,0.9
17,0.9
18,0.9
19,0.9
20,0.8
22,0.8
30,0.8
31,0.8
32,0.8
36,0.8
37,0.8
38,0.8
39,0.7
43,0.8
44,1
45,1
46,0.9
47,0.8
48,0.8
49,0.8
50,0.8
51,0.8
52,0.8
53,0.8
56,0.9
57,1
58,0.9
59,0.9
60,0.9
61,0.9
62,0.9
63,0.9
64,0.9
65,0.9
66,0.9
68,1
69,0.9
70,0.9
71,0.9
72,0.9
73,0.9
74,0.9
75,0.9
76,0.9
79,0.9
80,0.9
81,0.9
82,0.9
83,0.9
84,0.9
85,0.9
87,0.9
88,0.9
89,0.9
90,0.9
91,0.9
92,0.9
105,0.7
106,0.8
107,0.8
108,0.8
109,0.8
110,0.8
111,0.7
112,0.7
113,0.8
114,0.8
115,0.7
118,0.8
119,0.8
120,0.8
121,0.9
122,0.9
123,0.8
124,0.8
125,0.8
126,0.7
127,0.7
139,0.6
140,0.6
141,0.7
142,0.6
143,0.7
144,0.8
145,0.8
146,0.8
147,0.8
148,0.7
149,0.7
150,0.7
151,0.7
152,0.7
153,0.7
157,0.8
158,0.8
159,0.8
160,0.8
161,0.8
162,0.9
163,0.8
164,0.8
165,0.8
166,0.8
167,0.8
168,0.9
169,0.8
180,0.7
181,0.7
182,0.7
183,0.8
184,0.8
185,0.8
186,0.8
187,0.9
188,0.9
189,0.9
190,0.9
191,0.9
192,0.9
193,0.9
194,0.8
195,0.8
196,0.8
199,0.9
200,0.9
201,0.9
203,0.9
204,0.9
205,0.9
206,0.9
207,0.9
208,0.9
209,0.9
212,0.9
213,0.9
214,0.9
220,0.8
221,0.8
225,0.9
226,0.9
227,0.9
228,0.8
229,0.8
230,0.8
231,0.8
242,0.8
243,0.7
244,0.7
245,0.8
246,0.8
247,0.9
248,0.8
249,0.8
250,0.8
251,0.8
252,0.8
253,0.8
254,0.8
255,0.8
256,0.8
263,0.8
264,0.8
265,0.8
267,0.8
268,0.9
269,0.8
270,0.7
271,0.7
284,0.5
285,0.5
286,0.6
287,0.8
288,0.9
289,0.8
290,0.8
291,0.8
292,0.9
293,0.8
294,0.8
295,0.7
296,0.7
297,0.8
299,0.8
300,0.8
305,0.7
306,0.7
308,0.8
309,0.8
310,0.8
311,0.9
312,0.9
313,0.9
314,0.8
315,0.9
316,0.9
317,0.9
318,0.9
319,0.9
320,0.9
321,0.9
322,0.9
323,0.9
324,1
325,1
326,1
327,1
328,1
329,0.9
342,0.6
343,0.7
344,0.7
345,0.7
347,0.7
348,0.7
350,0.7
351,0.8
352,0.8
353,0.7
354,0.7
355,0.7
356,0.8
357,0.8
358,0.8
359,0.8
360,0.8
363,0.7
373,0.7
374,0.7
375,0.7
376,0.7
377,0.8
378,0.8
379,0.8
380,0.8
381,0.7
382,0.7
383,0.7
384,0.7
385,0.7
386,0.7
388,0.8
401,0.6
402,0.6
403,0.7
404,0.8
405,0.7
406,0.6
407,0.7
408,0.7
409,0.6
410,0.6
411,0.7
412,0.6
415,0.7
416,0.8
417,0.8
418,0.7
419,0.8
420,0.8
421,0.7
422,0.8
423,0.8
424,0.7
425,0.7
428,0.7
429,0.8
430,0.8
431,0.8
434,0.7
435,0.8
436,0.8
437,0.7
438,0.7
439,0.8
442,0.8
443,0.8
444,0.7
447,0.8
454,0.7
455,0.7
456,0.8
458,0.8
459,0.7
460,0.8
461,0.8
462,0.8
463,0.7
464,0.7
465,0.7
467,0.7
473,0.8
474,0.8
475,0.8
476,0.8
477,0.9
478,0.9
479,1
480,0.9
481,0.9
482,0.9
483,0.9
484,0.9
485,0.9
486,0.9
487,0.9
490,0.9
491,0.9
498,0.8
499,0.8
502,0.9
503,0.9
504,0.8
505,0.8
506,0.9
507,0.9
508,0.9
509,0.9
510,0.8
514,0.8
521,0.7
522,0.7
523,0.7
525,0.7
529,0.6
531,0.7
532,0.7
533,0.7
534,0.8
535,0.8
536,0.9
537,0.9
538,0.9
539,0.8
540,0.8
541,0.8
542,0.8
543,0.8
549,0.9
550,0.9
551,0.9
552,0.9
553,0.9
554,1
555,0.9
556,0.9
557,0.9
558,0.9
559,0.9
560,0.9
561,0.9
562,0.9
573,0.8
574,0.8
575,0.9
576,0.9
577,0.9
578,0.9
579,0.9
580,0.9
581,0.9
582,0.8
594,0.7
595,0.7
596,0.7
597,0.7
598,0.7
599,0.7
600,0.6
603,0.6
605,0.7
606,0.7
607,0.7
608,0.7
609,0.7
610,0.7
611,0.7
612,0.8
613,0.8
614,0.8
615,0.8
616,0.8
617,0.7
620,0.7
621,0.8
627,0.7
628,0.8
629,0.8
630,0.8
632,0.8
633,0.8
634,0.8
635,0.7
636,0.8
637,0.8
640,0.8
641,0.8
645,0.7
648,0.8
649,0.8
650,0.8
651,0.8
652,0.8
653,0.8
654,0.9
655,0.9
656,0.8
657,0.8
658,0.8
659,0.8
660,0.8
661,0.8
662,0.9
663,0.9
664,0.9
666,0.9
667,0.8
668,0.8
679,0.7
683,0.7
684,0.7
686,0.7
687,0.7
688,0.7
689,0.7
690,0.8
691,0.8
692,0.7
693,0.7
694,0.8
695,0.8
696,0.9
697,0.9
698,1
699,1
700,1
701,1
702,1
703,1
704,0.9
705,0.9
706,0.9
717,0.9
718,0.9
719,0.8
720,0.9
722,0.7
723,0.8
724,0.8
725,0.8
726,0.8
729,0.9
731,0.9
732,0.8
733,0.8
734,0.8
735,0.8
736,0.8
737,0.8
749,0.7
750,0.8
751,0.8
752,0.8
753,0.8
754,0.7
755,0.8
756,0.8
757,0.8
758,0.8
759,0.8
764,0.8
772,0.7
773,0.7
775,0.7
776,0.8
777,0.8
778,0.9
779,0.8
780,0.7
781,0.7
782,0.7
784,0.7
786,0.8
790,0.7
791,0.7
792,0.7
793,0.6
804,0.6
805,0.6
806,0.6
807,0.7
808,0.8
809,0.8
810,0.7
811,0.8
812,0.8
813,0.9
814,0.9
815,0.9
816,0.9
817,0.9
818,0.9
819,0.9
820,0.9
821,0.9
832,0.8
833,0.9
834,0.9
835,0.8
836,0.8
837,0.8
838,0.8
839,0.8
841,0.7
851,0.7
854,0.6
856,0.7
857,0.7
858,0.6
859,0.6
860,0.6
862,0.6
863,0.6
864,0.6
865,0.6
866,0.7
867,0.7
868,0.8
869,0.9
870,0.8
871,0.7
872,0.7
873,0.8
874,0.7
875,0.7
876,0.7
877,0.7
884,0.7
890,0.6
891,0.7
892,0.6
893,0.6
899,0.5
904,0.6
905,0.7
906,0.8
907,0.9
908,0.9
909,0.8
910,0.9
911,0.9
912,0.8
913,0.8
914,0.7
915,0.7
916,0.8
929,0.7
930,0.6
931,0.6
932,0.6
933,0.8
934,0.9
935,0.7
936,0.7
937,0.6
938,0.6
940,0.7
941,0.6
951,0.6
952,0.7
953,0.7
954,0.8
955,0.8
956,0.7
957,0.7
958,0.7
959,0.4
970,0.4
971,0.5
972,0.5
973,0.5
974,0.5
975,0.5
976,0.6
977,0.6
978,0.6
979,0.7
980,0.6
981,0.7
982,0.6
983,0.8
984,0.8
985,0.5
995,0.7
996,0.4
998,0.5
1000,0.4
