11,0.7
12,0.7
13,0.7
14,0.7
15,0.7
16,0.7
17,0.7
18,0.7
19,0.7
20,0.7
22,0.673
30,0.672
31,0.67
32,0.67
36,0.684
37,0.673
38,0.68
39,0.695
43,0.702
44,0.698
45,0.705
46,0.705
47,0.705
48,0.704
49,0.702
50,0.702
51,0.702
52,0.7
53,0.7
56,0.7
57,0.7
58,0.7
59,0.7
60,0.7
61,0.7
62,0.7
63,0.7
64,0.7
65,0.7
66,0.7
68,0.7
69,0.7
70,0.7
71,0.7
72,0.7
73,0.7
74,0.7
75,0.7
76,0.7
79,0.7
80,0.7
81,0.7
82,0.7
83,0.7
84,0.7
85,0.7
87,0.7
88,0.701
89,0.701
90,0.702
91,0.701
92,0.702
105,0.705
106,0.705
107,0.705
108,0.705
109,0.705
110,0.705
111,0.696
112,0.702
113,0.705
114,0.704
115,0.704
118,0.704
119,0.7
120,0.7
121,0.7
122,0.7
123,0.7
124,0.7
125,0.701
126,0.701
127,0.701
139,0.702
140,0.701
141,0.701
142,0.702
143,0.702
144,0.702
145,0.701
146,0.7
147,0.7
148,0.7
149,0.7
150,0.7
151,0.7
152,0.7
153,0.7
157,0.7
158,0.7
159,0.7
160,0.7
161,0.7
162,0.7
163,0.711
164,0.711
165,0.703
166,0.703
167,0.703
168,0.703
169,0.703
180,0.718
181,0.718
182,0.718
183,0.718
184,0.718
185,0.718
186,0.697
187,0.698
188,0.698
189,0.699
190,0.697
191,0.698
192,0.698
193,0.699
194,0.724
195,0.724
196,0.718
199,0.718
200,0.718
201,0.718
203,0.718
204,0.718
205,0.718
206,0.718
207,0.718
208,0.714
209,0.714
212,0.714
213,0.706
214,0.706
220,0.713
221,0.714
225,0.703
226,0.701
227,0.701
228,0.703
229,0.706
230,0.706
231,0.706
242,0.711
243,0.71
244,0.71
245,0.71
246,0.706
247,0.706
248,0.706
249,0.703
250,0.703
251,0.703
252,0.703
253,0.676
254,0.676
255,0.676
256,0.704
263,0.709
264,0.708
265,0.708
267,0.709
268,0.71
269,0.716
270,0.717
271,0.717
284,0.734
285,0.734
286,0.734
287,0.729
288,0.726
289,0.727
290,0.73
291,0.729
292,0.727
293,0.733
294,0.733
295,0.733
296,0.731
297,0.731
299,0.731
300,0.725
305,0.725
306,0.725
308,0.725
309,0.723
310,0.723
311,0.725
312,0.725
313,0.725
314,0.725
315,0.725
316,0.725
317,0.725
318,0.725
319,0.725
320,0.725
321,0.723
322,0.723
323,0.723
324,0.723
325,0.723
326,0.723
327,0.725
328,0.736
329,0.729
342,0.729
343,0.73
344,0.723
345,0.733
347,0.729
348,0.694
350,0.694
351,0.694
352,0.694
353,0.694
354,0.694
355,0.694
356,0.694
357,0.697
358,0.697
359,0.697
360,0.697
363,0.696
373,0.697
374,0.696
375,0.696
376,0.696
377,0.696
378,0.696
379,0.696
380,0.696
381,0.696
382,0.696
383,0.694
384,0.693
385,0.693
386,0.693
388,0.694
401,0.727
402,0.727
403,0.727
404,0.731
405,0.731
406,0.731
407,0.731
408,0.731
409,0.731
410,0.731
411,0.729
412,0.729
415,0.727
416,0.727
417,0.727
418,0.646
419,0.594
420,0.594
421,0.646
422,0.646
423,0.646
424,0.646
425,0.647
428,0.728
429,0.696
430,0.696
431,0.696
434,0.734
435,0.734
436,0.734
437,0.734
438,0.734
439,0.734
442,0.732
443,0.732
444,0.731
447,0.735
454,0.614
455,0.614
456,0.614
458,0.614
459,0.614
460,0.614
461,0.614
462,0.614
463,0.652
464,0.652
465,0.733
467,0.727
473,0.725
474,0.725
475,0.725
476,0.725
477,0.727
478,0.73
479,0.73
480,0.727
481,0.727
482,0.727
483,0.727
484,0.731
485,0.731
486,0.731
487,0.731
490,0.731
491,0.731
498,0.729
499,0.729
502,0.733
503,0.733
504,0.729
505,0.733
506,0.733
507,0.733
508,0.733
509,0.729
510,0.733
514,0.731
521,0.731
522,0.731
523,0.731
525,0.73
529,0.727
531,0.73
532,0.73
533,0.727
534,0.73
535,0.73
536,0.73
537,0.732
538,0.73
539,0.732
540,0.732
541,0.732
542,0.732
543,0.732
549,0.732
550,0.732
551,0.732
552,0.732
553,0.734
554,0.734
555,0.733
556,0.733
557,0.733
558,0.733
559,0.733
560,0.733
561,0.733
562,0.733
573,0.734
574,0.728
575,0.728
576,0.734
577,0.734
578,0.734
579,0.734
580,0.733
581,0.733
582,0.734
594,0.702
595,0.702
596,0.702
597,0.702
598,0.702
599,0.702
600,0.702
603,0.702
605,0.702
606,0.702
607,0.702
608,0.702
609,0.702
610,0.702
611,0.702
612,0.702
613,0.702
614,0.702
615,0.702
616,0.702
617,0.702
620,0.702
621,0.702
627,0.702
628,0.702
629,0.702
630,0.702
632,0.702
633,0.702
634,0.702
635,0.702
636,0.702
637,0.702
640,0.717
641,0.712
645,0.713
648,0.713
649,0.71
650,0.71
651,0.718
652,0.718
653,0.718
654,0.718
655,0.718
656,0.717
657,0.71
658,0.71
659,0.71
660,0.713
661,0.713
662,0.713
663,0.713
664,0.713
666,0.712
667,0.717
668,0.735
679,0.739
683,0.739
684,0.739
686,0.737
687,0.739
688,0.739
689,0.739
690,0.739
691,0.745
692,0.74
693,0.741
694,0.737
695,0.741
696,0.741
697,0.741
698,0.741
699,0.741
700,0.741
701,0.742
702,0.742
703,0.734
704,0.741
705,0.741
706,0.741
717,0.737
718,0.737
719,0.738
720,0.738
722,0.679
723,0.679
724,0.683
725,0.683
726,0.683
729,0.701
731,0.701
732,0.699
733,0.699
734,0.7
735,0.7
736,0.7
737,0.7
749,0.736
750,0.736
751,0.737
752,0.736
753,0.736
754,0.736
755,0.736
756,0.736
757,0.736
758,0.736
759,0.736
764,0.737
772,0.742
773,0.742
775,0.727
776,0.727
777,0.727
778,0.727
779,0.727
780,0.728
781,0.728
782,0.728
784,0.702
786,0.737
790,0.737
791,0.737
792,0.737
793,0.745
804,0.703
805,0.704
806,0.704
807,0.704
808,0.703
809,0.703
810,0.73
811,0.73
812,0.73
813,0.731
814,0.731
815,0.731
816,0.731
817,0.731
818,0.731
819,0.731
820,0.731
821,0.731
832,0.731
833,0.731
834,0.736
835,0.736
836,0.736
837,0.736
838,0.736
839,0.736
841,0.732
851,0.741
854,0.741
856,0.737
857,0.737
858,0.682
859,0.682
860,0.682
862,0.682
863,0.682
864,0.682
865,0.682
866,0.682
867,0.682
868,0.669
869,0.669
870,0.684
871,0.685
872,0.685
873,0.709
874,0.709
875,0.709
876,0.709
877,0.709
884,0.592
890,0.511
891,0.65
892,0.65
893,0.7
899,0.469
904,0.602
905,0.602
906,0.603
907,0.603
908,0.602
909,0.602
910,0.602
911,0.591
912,0.591
913,0.587
914,0.602
915,0.602
916,0.7
929,0.605
930,0.59
931,0.59
932,0.59
933,0.697
934,0.687
935,0.5
936,0.534
937,0.538
938,0.538
940,0.538
941,0.535
951,0.7
952,0.7
953,0.7
954,0.7
955,0.7
956,0.7
957,0.7
958,0.701
959,0.3
970,0.546
971,0.602
972,0.602
973,0.602
974,0.602
975,0.602
976,0.587
977,0.587
978,0.587
979,0.587
980,0.587
981,0.592
982,0.592
983,0.7
984,0.7
985,0.57
995,0.469
996,0.427
998,0.458
1000,0.398
