11,0.8
18,0.8
19,0.7
20,0.7
24,0.7
26,0.7
29,0.7
30,0.8
31,0.8
32,0.8
33,0.7
34,0.9
35,0.8
36,0.8
37,0.8
38,0.8
39,0.8
42,0.9
43,0.9
44,0.9
45,1
46,0.9
47,0.9
48,0.9
49,0.8
50,0.9
51,0.9
52,0.9
65,0.8
66,0.9
67,0.9
68,0.8
69,0.8
70,0.7
71,0.7
72,0.8
73,0.7
84,0.6
85,0.7
86,0.7
87,0.7
88,0.7
89,0.8
90,0.8
91,0.9
92,0.8
93,0.8
94,0.9
95,0.9
96,0.9
97,0.8
98,0.7
108,0.7
111,0.7
112,0.8
113,0.8
114,0.9
115,0.9
116,0.9
117,0.9
118,0.9
119,1
120,1
121,1
122,1
123,1
124,1
125,1
126,0.9
136,0.9
137,1
138,0.9
139,0.9
140,0.8
141,0.8
142,0.8
143,0.8
144,0.8
145,0.8
150,0.9
151,0.9
152,0.8
157,0.8
162,0.8
163,0.9
164,0.9
165,0.9
166,0.9
167,0.8
168,0.8
169,0.8
170,0.8
171,0.8
182,0.8
183,0.8
184,0.8
185,0.9
186,0.9
187,0.9
188,0.9
189,0.9
190,0.9
191,0.8
192,0.8
193,0.8
194,0.8
210,0.4
211,0.5
212,0.6
213,0.7
214,0.8
215,0.8
216,0.8
217,0.8
218,0.8
219,0.9
220,0.9
221,0.9
222,0.9
223,0.9
224,0.8
227,0.8
228,0.8
235,0.8
236,0.8
237,0.8
240,0.7
241,0.7
243,0.6
250,0.7
251,0.7
252,0.7
253,0.8
254,0.7
255,0.7
256,0.7
257,0.7
258,0.8
259,0.8
260,0.8
261,0.7
262,0.7
264,0.7
265,0.7
266,0.7
267,0.7
278,0.6
279,0.7
280,0.8
281,0.9
282,0.9
283,0.9
284,0.9
285,0.9
286,0.8
287,0.7
288,0.8
289,0.8
290,0.8
296,0.8
297,0.9
298,0.8
303,0.7
304,0.7
305,0.7
311,0.6
312,0.6
318,0.5
319,0.5
320,0.5
325,0.4
326,0.5
327,0.6
328,0.5
329,0.6
330,0.5
331,0.6
332,0.7
333,0.8
334,0.8
335,0.8
336,0.8
337,0.8
338,0.9
339,0.9
340,0.9
341,0.9
342,0.8
353,0.7
354,0.8
355,0.8
356,0.8
357,0.8
358,0.8
359,0.8
360,0.8
361,0.8
362,0.7
363,0.7
378,0.6
379,0.7
380,0.7
381,0.7
382,0.8
383,0.7
384,0.8
385,0.8
386,0.9
387,0.8
388,0.8
389,0.7
400,0.7
401,0.7
402,0.7
403,0.6
404,0.6
405,0.6
406,0.6
407,0.6
408,0.5
413,0.7
414,0.7
415,0.8
416,0.7
417,0.8
418,0.9
419,0.9
420,0.9
421,0.8
422,0.8
423,0.8
424,0.7
426,0.7
434,0.7
435,0.7
436,0.7
437,0.7
442,0.6
453,0.5
454,0.5
455,0.6
456,0.7
457,0.8
458,0.8
459,0.8
460,0.7
461,0.7
462,0.6
