11,0.469253
18,0.458319
19,0.502158
20,0.538809
24,0.520249
26,0.582363
29,0.560007
30,0.549677
31,0.550231
32,0.560695
33,0.558377
34,0.57116
35,0.584127
36,0.657126
37,0.651701
38,0.650743
39,0.706794
42,0.736138
43,0.768052
44,0.78018
45,0.781725
46,0.691879
47,0.776451
48,0.780364
49,0.691408
50,0.668833
51,0.668094
52,0.667019
65,0.666667
66,0.666667
67,0.666667
68,0.666667
69,0.666667
70,0.666667
71,0.666667
72,0.666667
73,0.666667
84,0.670345
85,0.669858
86,0.66927
87,0.668598
88,0.667137
89,0.666818
90,0.666784
91,0.666784
92,0.667423
93,0.666851
94,0.666835
95,0.666667
96,0.666667
97,0.666919
98,0.667171
108,0.666667
111,0.666667
112,0.666667
113,0.666667
114,0.666667
115,0.666667
116,0.666667
117,0.666667
118,0.666667
119,0.666667
120,0.666667
121,0.666667
122,0.666667
123,0.666667
124,0.666667
125,0.666667
126,0.666667
136,0.666667
137,0.666667
138,0.666667
139,0.666667
140,0.666667
141,0.666667
142,0.666667
143,0.666667
144,0.666667
145,0.666667
150,0.666667
151,0.666667
152,0.666667
157,0.666667
162,0.666667
163,0.666667
164,0.666667
165,0.666667
166,0.666667
167,0.666667
168,0.666667
169,0.666667
170,0.666667
171,0.666667
182,0.666667
183,0.666667
184,0.666667
185,0.666667
186,0.666667
187,0.666667
188,0.666667
189,0.666667
190,0.666667
191,0.666667
192,0.666667
193,0.666667
194,0.666667
210,0.666667
211,0.666667
212,0.666667
213,0.666667
214,0.666667
215,0.666667
216,0.666667
217,0.666667
218,0.666667
219,0.666667
220,0.666667
221,0.666667
222,0.666667
223,0.666667
224,0.666667
227,0.666667
228,0.666667
235,0.666667
236,0.666667
237,0.666667
240,0.666667
241,0.666667
243,0.666667
250,0.666667
251,0.666667
252,0.666667
253,0.666667
254,0.666667
255,0.666667
256,0.666667
257,0.666667
258,0.666667
259,0.666667
260,0.666667
261,0.666667
262,0.666667
264,0.666667
265,0.666667
266,0.666667
267,0.666667
278,0.666667
279,0.666667
280,0.666667
281,0.666667
282,0.666667
283,0.666667
284,0.666667
285,0.666667
286,0.666667
287,0.666667
288,0.666667
289,0.666667
290,0.666667
296,0.666667
297,0.666667
298,0.666667
303,0.666667
304,0.666667
305,0.666667
311,0.666667
312,0.666667
318,0.666667
319,0.666667
320,0.666667
325,0.666667
326,0.666667
327,0.666667
328,0.666667
329,0.666667
330,0.666667
331,0.666667
332,0.666667
333,0.666667
334,0.666667
335,0.666667
336,0.666667
337,0.666667
338,0.666667
339,0.666667
340,0.666667
341,0.666667
342,0.666667
353,0.666667
354,0.666667
355,0.666667
356,0.666667
357,0.666667
358,0.666667
359,0.666667
360,0.666667
361,0.666667
362,0.666667
363,0.666667
378,0.666667
379,0.666667
380,0.666667
381,0.666667
382,0.666667
383,0.666667
384,0.666667
385,0.666667
386,0.666667
387,0.666667
388,0.666667
389,0.666667
400,0.666667
401,0.666667
402,0.666667
403,0.666667
404,0.666667
405,0.666667
406,0.666667
407,0.666667
408,0.666667
413,0.666667
414,0.666667
415,0.666667
416,0.666667
417,0.666667
418,0.666667
419,0.666667
420,0.666667
421,0.666667
422,0.666667
423,0.666667
424,0.666667
426,0.666667
434,0.666667
435,0.666667
436,0.666667
437,0.666667
442,0.666667
453,0.666683
454,0.666667
455,0.666667
456,0.666667
457,0.666667
458,0.666667
459,0.666667
460,0.666667
461,0.666667
462,0.666683
