10,0.900439
20,0.850659
30,0.8653
40,0.856515
50,0.866764
60,0.866764
70,0.862372
80,0.869693
90,0.884334
100,0.885798
110,0.893119
120,0.893119
130,0.891654
140,0.888726
150,0.891654
160,0.893119
170,0.896047
180,0.903367
190,0.906296
200,0.912152
210,0.913616
220,0.913616
230,0.916545
240,0.916545
250,0.916545
260,0.931186
270,0.931186
280,0.93265
290,0.931186
300,0.931186
310,0.937042
320,0.938507
330,0.939971
340,0.938507
350,0.938507
360,0.941435
370,0.941435
380,0.941435
390,0.941435
400,0.941435
410,0.941435
420,0.941435
430,0.944363
440,0.944363
450,0.944363
460,0.944363
470,0.938507
480,0.443631
490,0.84041
500,0.860908
510,0.349927
520,0.805271
530,0.31918
540,0.565154
550,0.786237
560,0.544656
570,0.594436
580,0.594436
590,0.777452
600,0.682284
610,0.349927
620,0.650073
630,0.549048
640,0.650073
650,0.349927
660,0.27672
670,0.650073
680,0.650073
690,0.265007
