10,0.9
20,0.9
30,0.9
40,0.9
50,0.9
60,0.8
70,1
80,0.7
90,0.9
100,0.9
110,0.9
120,0.9
130,0.8
140,1
150,0.8
160,1
170,1
180,0.9
190,0.8
200,0.9
210,1
220,0.9
230,0.9
240,1
250,1
260,0.8
270,0.9
280,1
290,0.9
300,0.8
310,0.7
320,0.9
330,0.9
340,1
350,0.9
360,0.9
370,1
380,1
390,1
400,1
410,0.8
420,1
430,1
440,1
450,1
460,1
470,0.7
480,0.3
490,0.8
500,0.8
510,0.4
520,0.8
530,0.4
540,0.6
550,0.9
560,0.3
570,0.7
580,0.4
590,0.7
600,0.9
610,0.2
620,0.8
630,0.1
640,0.7
650,0.4
660,0.4
670,0.5
680,0.6
690,0.2
