10,[[ 0, 0, 0, 0, 0, 0, 0, 0, 0, 1, 0.210833, 0.2926, 0.506095, 0.484405, 0.522022, 0.535969, 0.540685, 0.530063, 0.53082, 0.542803, 0.544078, 0.548339],
[ 0, 0, 0, 0, 0, 0, 0, 0, 0, 1, 0.334695, 0.649349, 0.478391, 0.375523, 0.462063, 0.545201, 0.558785, 0.475803, 0.510418, 0.524098, 0.509714, 0.510265],
[ 0, 0, 0, 0, 0, 0, 0, 1, 0, 0, 0.960187, 0.400478, 0.434755, 0.412706, 0.65474, 0.383876, 0.475036, 0.519712, 0.678404, 0.362362, 0.458995, 0.316755],
[ 0, 0, 0, 0, 1, 0, 0, 0, 0, 0, 0.228423, 0.16033, 0.495127, 0.488852, 0.507801, 0.508922, 0.503009, 0.500824, 0.490918, 0.4953, 0.491784, 0.461104],
[ 0, 0, 0, 0, 1, 0, 0, 0, 0, 0, 0.734057, 0.163109, 0.51116, 0.467003, 0.506441, 0.471497, 0.478425, 0.575019, 0.476359, 0.433058, 0.472952, 0.517874],
[ 1, 0, 0, 0, 0, 0, 0, 0, 0, 0, 0.547331, 0.155853, 0.52311, 0.453745, 0.513548, 0.532698, 0.448773, 0.49729, 0.504717, 0.502636, 0.514088, 0.462605],
[ 0, 0, 0, 0, 1, 0, 0, 0, 0, 0, 0.0810666, 0.153575, 0.495131, 0.497494, 0.500796, 0.503053, 0.49571, 0.50437, 0.492331, 0.500941, 0.506235, 0.498323],
[ 0, 0, 0, 1, 0, 0, 0, 0, 0, 0, 0.763067, 0.269018, 0.472904, 0.511053, 0.436552, 0.489066, 0.44547, 0.422996, 0.613504, 0.408406, 0.476185, 0.568268],
[ 0, 0, 0, 1, 0, 0, 0, 0, 0, 0, 0.174474, 0.151568, 0.509016, 0.50479, 0.507197, 0.492704, 0.479135, 0.478613, 0.516073, 0.469012, 0.491401, 0.511101],
[ 0, 0, 0, 0, 0, 0, 0, 0, 1, 0, 0.0782945, 0.153382, 0.517662, 0.519035, 0.502003, 0.493761, 0.472839, 0.487581, 0.505431, 0.476935, 0.502524, 0.516261]]
20,[[ 0, 0, 0, 0, 0, 0, 0, 0, 1, 0, 0.224681, 0.14466, 0.512606, 0.505451, 0.489023, 0.470713, 0.50051, 0.518781, 0.508999, 0.515235, 0.520372, 0.511327],
[ 0, 1, 0, 0, 0, 0, 0, 0, 0, 0, 0.96064, 0.239839, 0.453091, 0.420723, 0.624814, 0.490684, 0.471029, 0.472564, 0.447343, 0.492344, 0.596523, 0.439677],
[ 0, 0, 1, 0, 0, 0, 0, 0, 0, 0, 0.597078, 0.231733, 0.535082, 0.573741, 0.465088, 0.484621, 0.523735, 0.492343, 0.510518, 0.519559, 0.509865, 0.441921],
[ 0, 0, 0, 0, 0, 0, 0, 0, 0, 1, 0.847918, 0.49944, 0.591489, 0.316323, 0.450654, 0.569955, 0.625092, 0.453728, 0.555602, 0.472545, 0.477404, 0.513559],
[ 0, 0, 0, 0, 1, 0, 0, 0, 0, 0, 0.542192, 0.992936, 0.454063, 0.398599, 0.433416, 0.461195, 0.563275, 0.70654, 0.452254, 0.421758, 0.642785, 0.715807],
[ 0, 0, 0, 0, 0, 0, 0, 0, 1, 0, 0.544549, 0.150102, 0.480952, 0.508483, 0.520773, 0.463968, 0.516617, 0.537555, 0.496232, 0.491345, 0.500886, 0.501112],
[ 0, 0, 0, 0, 0, 0, 0, 0, 1, 0, 0.164956, 0.150603, 0.492166, 0.517551, 0.497721, 0.490665, 0.472138, 0.4997, 0.502026, 0.513671, 0.504708, 0.505488],
[ 0, 0, 0, 0, 0, 0, 0, 1, 0, 0, 0.130426, 0.156856, 0.479648, 0.488282, 0.516006, 0.509283, 0.509444, 0.50609, 0.510943, 0.494749, 0.471893, 0.502056],
[ 0, 0, 0, 0, 0, 0, 0, 0, 1, 0, 0.733117, 0.259601, 0.531748, 0.594787, 0.504428, 0.443295, 0.457674, 0.557327, 0.491318, 0.567472, 0.511179, 0.502931],
[ 0, 0, 0, 0, 1, 0, 0, 0, 0, 0, 0.525363, 0.153382, 0.501595, 0.495039, 0.500785, 0.499736, 0.510841, 0.516251, 0.517618, 0.473783, 0.515885, 0.530961]]
30,[[ 0, 0, 0, 0, 0, 0, 0, 0, 1, 0, 0.227447, 0.229263, 0.471054, 0.483361, 0.489096, 0.468392, 0.422389, 0.483572, 0.481633, 0.464553, 0.435832, 0.477098],
[ 0, 0, 0, 0, 0, 0, 0, 0, 0, 1, 0.542941, 0.166737, 0.482917, 0.501488, 0.447736, 0.518135, 0.540006, 0.501016, 0.488173, 0.504073, 0.501689, 0.507115],
[ 0, 0, 0, 0, 1, 0, 0, 0, 0, 0, 0.319435, 0.644911, 0.512391, 0.482453, 0.381538, 0.493856, 0.539607, 0.560863, 0.505232, 0.498568, 0.532109, 0.563699],
[ 0, 0, 0, 0, 0, 0, 0, 1, 0, 0, 0.276129, 0.230422, 0.525492, 0.523902, 0.526299, 0.517482, 0.500075, 0.454237, 0.519372, 0.52064, 0.515137, 0.517387],
[ 0, 0, 0, 0, 0, 0, 0, 1, 0, 0, 0.531443, 0.16114, 0.495873, 0.521495, 0.509436, 0.495569, 0.450575, 0.504018, 0.525991, 0.434901, 0.463602, 0.460092],
[ 0, 0, 0, 0, 0, 0, 0, 1, 0, 0, 0.330087, 0.636999, 0.588804, 0.587334, 0.526888, 0.419179, 0.470867, 0.444409, 0.616858, 0.567713, 0.578269, 0.562951],
[ 0, 0, 0, 0, 0, 0, 0, 1, 0, 0, 0.195822, 0.789725, 0.508812, 0.485512, 0.51294, 0.491416, 0.486873, 0.500432, 0.470789, 0.372066, 0.56122, 0.565261],
[ 0, 0, 0, 0, 0, 0, 0, 0, 0, 1, 0.35083, 0.746999, 0.550078, 0.48078, 0.485561, 0.480602, 0.381854, 0.457642, 0.528705, 0.534045, 0.463952, 0.350899],
[ 0, 0, 0, 0, 0, 0, 0, 0, 1, 0, 0.357725, 0.911112, 0.319278, 0.545518, 0.441291, 0.32296, 0.507702, 0.617276, 0.505272, 0.453896, 0.351278, 0.502807],
[ 1, 0, 0, 0, 0, 0, 0, 0, 0, 0, 0.239872, 0.481106, 0.520853, 0.467366, 0.567603, 0.577237, 0.512275, 0.507408, 0.517772, 0.513854, 0.431795, 0.390645]]
40,[[ 0, 0, 0, 0, 0, 1, 0, 0, 0, 0, 0.292522, 0.221853, 0.522952, 0.519666, 0.513099, 0.522121, 0.527001, 0.510133, 0.505837, 0.51436, 0.524015, 0.50762],
[ 0, 1, 0, 0, 0, 0, 0, 0, 0, 0, 0.4024, 0.718977, 0.477476, 0.367062, 0.597327, 0.559347, 0.56542, 0.581114, 0.528519, 0.484263, 0.413978, 0.493642],
[ 1, 0, 0, 0, 0, 0, 0, 0, 0, 0, 0.221275, 0.383958, 0.503522, 0.469246, 0.423113, 0.535935, 0.524204, 0.49072, 0.503515, 0.523846, 0.527412, 0.513336],
[ 1, 0, 0, 0, 0, 0, 0, 0, 0, 0, 0.686583, 0.20105, 0.467637, 0.443368, 0.551355, 0.517695, 0.469005, 0.503995, 0.445465, 0.425787, 0.494545, 0.602849],
[ 0, 0, 0, 0, 0, 0, 0, 1, 0, 0, 0.497452, 0.23818, 0.52185, 0.534451, 0.556833, 0.524316, 0.479543, 0.46764, 0.551028, 0.491975, 0.481292, 0.514862],
[ 0, 0, 0, 0, 0, 1, 0, 0, 0, 0, 0.506974, 0.952178, 0.499612, 0.530681, 0.540439, 0.474739, 0.454922, 0.38088, 0.454272, 0.60623, 0.712231, 0.476085],
[ 0, 1, 0, 0, 0, 0, 0, 0, 0, 0, 0.372782, 0.142343, 0.467074, 0.500573, 0.525937, 0.500693, 0.500947, 0.499063, 0.468549, 0.504184, 0.524021, 0.499886],
[ 0, 0, 1, 0, 0, 0, 0, 0, 0, 0, 0.433189, 0.105214, 0.477611, 0.479064, 0.479791, 0.468072, 0.474712, 0.456336, 0.430006, 0.459469, 0.455898, 0.430721],
[ 0, 0, 0, 1, 0, 0, 0, 0, 0, 0, 0.456227, 0.649851, 0.613614, 0.511148, 0.501, 0.532259, 0.523963, 0.463951, 0.440248, 0.478955, 0.513418, 0.564949],
[ 0, 0, 0, 0, 0, 0, 0, 1, 0, 0, 0.668307, 0.412173, 0.438737, 0.52035, 0.615332, 0.416521, 0.388297, 0.46353, 0.531245, 0.436126, 0.552295, 0.537786]]
50,[[ 0, 0, 0, 0, 0, 0, 0, 1, 0, 0, 0.822088, 0.489212, 0.408378, 0.424151, 0.630657, 0.427751, 0.397225, 0.591027, 0.620576, 0.442089, 0.550324, 0.495189],
[ 0, 0, 0, 0, 0, 1, 0, 0, 0, 0, 0.353157, 0.123702, 0.503131, 0.510327, 0.502373, 0.507407, 0.509321, 0.497618, 0.502412, 0.506252, 0.501864, 0.468865],
[ 0, 0, 0, 0, 0, 0, 0, 0, 0, 1, 0.609001, 0.225288, 0.573188, 0.485575, 0.44387, 0.530184, 0.567202, 0.424666, 0.459937, 0.465765, 0.445831, 0.500616],
[ 0, 0, 0, 0, 1, 0, 0, 0, 0, 0, 0.550924, 0.922343, 0.462507, 0.458331, 0.546243, 0.511295, 0.531205, 0.663941, 0.414394, 0.384101, 0.597616, 0.712242],
[ 0, 0, 0, 0, 0, 0, 0, 0, 1, 0, 0.0874997, 0.16195, 0.491522, 0.511919, 0.50083, 0.503935, 0.510093, 0.498638, 0.505892, 0.505098, 0.503674, 0.502463],
[ 0, 0, 0, 0, 0, 0, 0, 0, 1, 0, 0.329503, 0.129298, 0.510222, 0.520362, 0.487553, 0.46331, 0.500374, 0.522685, 0.503242, 0.50369, 0.507224, 0.495762],
[ 0, 1, 0, 0, 0, 0, 0, 0, 0, 0, 0.325871, 0.132772, 0.492635, 0.463451, 0.517875, 0.515685, 0.50551, 0.511933, 0.503051, 0.516245, 0.515039, 0.498345],
[ 0, 0, 0, 0, 0, 0, 1, 0, 0, 0, 0.947105, 0.459029, 0.52467, 0.475462, 0.486619, 0.728243, 0.337959, 0.459471, 0.494089, 0.745503, 0.224755, 0.58291],
[ 0, 1, 0, 0, 0, 0, 0, 0, 0, 0, 0.941942, 0.821722, 0.409327, 0.39855, 0.750323, 0.35048, 0.501356, 0.496728, 0.437345, 0.45787, 0.624701, 0.222045],
[ 0, 0, 0, 0, 0, 0, 1, 0, 0, 0, 0.376415, 0.130804, 0.510506, 0.492183, 0.469111, 0.515272, 0.508113, 0.500534, 0.507549, 0.517669, 0.496216, 0.50147]]
60,[[ 0, 0, 0, 0, 0, 0, 0, 0, 0, 1, 0.772771, 0.254351, 0.601156, 0.452978, 0.428552, 0.54845, 0.560726, 0.451032, 0.548455, 0.496934, 0.480006, 0.503045],
[ 0, 0, 0, 0, 0, 0, 0, 1, 0, 0, 0.335548, 0.147787, 0.505882, 0.51339, 0.517312, 0.501273, 0.50565, 0.51523, 0.523713, 0.499988, 0.505282, 0.515362],
[ 1, 0, 0, 0, 0, 0, 0, 0, 0, 0, 0.566675, 0.196108, 0.518887, 0.453125, 0.5447, 0.546933, 0.496874, 0.489869, 0.518918, 0.504505, 0.529843, 0.521429],
[ 0, 0, 0, 1, 0, 0, 0, 0, 0, 0, 0.279888, 0.357906, 0.51319, 0.518083, 0.480765, 0.427881, 0.505502, 0.534952, 0.525132, 0.51177, 0.507332, 0.526675],
[ 0, 0, 0, 0, 0, 1, 0, 0, 0, 0, 0.0814284, 0.162646, 0.503352, 0.470586, 0.500225, 0.505262, 0.510651, 0.495372, 0.507466, 0.504616, 0.465143, 0.494963],
[ 0, 0, 0, 0, 0, 0, 0, 0, 1, 0, 0.296415, 0.482457, 0.519526, 0.519879, 0.491911, 0.459531, 0.380188, 0.50921, 0.508828, 0.504727, 0.500301, 0.494014],
[ 1, 0, 0, 0, 0, 0, 0, 0, 0, 0, 0.324091, 0.763827, 0.572943, 0.542261, 0.577661, 0.622722, 0.556986, 0.568763, 0.585716, 0.562314, 0.546198, 0.568616],
[ 1, 0, 0, 0, 0, 0, 0, 0, 0, 0, 0.621273, 0.578602, 0.427048, 0.382766, 0.607547, 0.614845, 0.333063, 0.505624, 0.552263, 0.431486, 0.467532, 0.647483],
[ 0, 0, 0, 0, 0, 0, 0, 1, 0, 0, 0.100514, 0.149098, 0.507487, 0.494921, 0.501721, 0.49021, 0.496449, 0.501136, 0.469706, 0.498552, 0.505718, 0.509616],
[ 0, 0, 0, 0, 0, 0, 0, 0, 0, 1, 0.754385, 0.196263, 0.57412, 0.46782, 0.446723, 0.536181, 0.505327, 0.512593, 0.520713, 0.494481, 0.458259, 0.505349]]
70,[[ 0, 0, 0, 0, 1, 0, 0, 0, 0, 0, 0.978727, 0.336794, 0.483334, 0.485745, 0.504349, 0.497103, 0.470701, 0.69998, 0.286394, 0.509347, 0.437063, 0.62604],
[ 0, 0, 0, 1, 0, 0, 0, 0, 0, 0, 0.572983, 0.935351, 0.670845, 0.349054, 0.461665, 0.558051, 0.482288, 0.493603, 0.514018, 0.397374, 0.254011, 0.619414],
[ 0, 1, 0, 0, 0, 0, 0, 0, 0, 0, 0.246825, 0.517888, 0.510972, 0.527252, 0.502527, 0.39509, 0.505001, 0.538386, 0.523278, 0.522348, 0.535616, 0.479433],
[ 0, 0, 0, 0, 0, 1, 0, 0, 0, 0, 0.496131, 0.153228, 0.498423, 0.502794, 0.499023, 0.503149, 0.514482, 0.493758, 0.473985, 0.507503, 0.535291, 0.494585],
[ 0, 0, 0, 0, 1, 0, 0, 0, 0, 0, 0.554731, 0.16195, 0.499607, 0.492901, 0.504874, 0.500231, 0.516409, 0.513086, 0.512054, 0.458166, 0.513699, 0.488984],
[ 0, 0, 0, 0, 0, 1, 0, 0, 0, 0, 0.355883, 0.178316, 0.504481, 0.510711, 0.490793, 0.456548, 0.502746, 0.504009, 0.497542, 0.512121, 0.523875, 0.494828],
[ 0, 0, 0, 0, 0, 0, 0, 0, 1, 0, 0.531998, 0.605967, 0.47875, 0.31792, 0.300921, 0.293671, 0.515417, 0.664202, 0.5038, 0.492527, 0.520088, 0.504001],
[ 0, 0, 0, 0, 1, 0, 0, 0, 0, 0, 0.193182, 0.469065, 0.511097, 0.526814, 0.53083, 0.514113, 0.514713, 0.491063, 0.417372, 0.496144, 0.520064, 0.52138],
[ 0, 0, 0, 0, 0, 0, 0, 1, 0, 0, 0.19109, 0.151916, 0.511982, 0.522694, 0.511605, 0.498882, 0.511775, 0.507004, 0.505456, 0.500097, 0.490761, 0.503463],
[ 0, 0, 1, 0, 0, 0, 0, 0, 0, 0, 0.740285, 0.946427, 0.667387, 0.550623, 0.368367, 0.224288, 0.516543, 0.320278, 0.627211, 0.827603, 0.330565, 0.465075]]
80,[[ 0, 0, 0, 1, 0, 0, 0, 0, 0, 0, 0.533133, 0.150603, 0.536654, 0.493186, 0.490492, 0.506917, 0.506029, 0.515408, 0.481533, 0.496578, 0.457361, 0.517124],
[ 0, 0, 0, 0, 0, 0, 0, 0, 0, 1, 0.245062, 0.210313, 0.478781, 0.458098, 0.467109, 0.454231, 0.422895, 0.455409, 0.481079, 0.482558, 0.484204, 0.49113],
[ 1, 0, 0, 0, 0, 0, 0, 0, 0, 0, 0.309373, 0.177968, 0.51204, 0.502124, 0.507777, 0.522262, 0.501766, 0.503674, 0.512639, 0.50989, 0.510738, 0.510727],
[ 0, 0, 0, 0, 0, 0, 1, 0, 0, 0, 0.375355, 0.129954, 0.509815, 0.499566, 0.496775, 0.478049, 0.497579, 0.505882, 0.507318, 0.522535, 0.498163, 0.499729],
[ 0, 1, 0, 0, 0, 0, 0, 0, 0, 0, 0.190914, 0.152881, 0.47263, 0.491213, 0.515983, 0.506993, 0.504801, 0.506351, 0.503159, 0.507429, 0.501735, 0.505633],
[ 0, 0, 1, 0, 0, 0, 0, 0, 0, 0, 0.595948, 0.229611, 0.431677, 0.556699, 0.459056, 0.480583, 0.504629, 0.503281, 0.51594, 0.583577, 0.496212, 0.458792],
[ 0, 0, 0, 1, 0, 0, 0, 0, 0, 0, 0.0967017, 0.150411, 0.502625, 0.508409, 0.505213, 0.502866, 0.502653, 0.508705, 0.511697, 0.507355, 0.502191, 0.506148],
[ 0, 0, 0, 0, 0, 0, 0, 0, 1, 0, 0.587729, 0.260103, 0.447685, 0.521956, 0.516606, 0.46062, 0.549218, 0.589017, 0.469702, 0.479813, 0.516105, 0.503503],
[ 0, 0, 0, 1, 0, 0, 0, 0, 0, 0, 0.21162, 0.159983, 0.507175, 0.465977, 0.490706, 0.512584, 0.514313, 0.503819, 0.51992, 0.505274, 0.494386, 0.506957],
[ 0, 1, 0, 0, 0, 0, 0, 0, 0, 0, 0.478548, 0.931413, 0.414502, 0.505876, 0.385077, 0.45751, 0.518135, 0.531558, 0.525715, 0.522358, 0.617124, 0.438964]]
90,[[ 0, 0, 0, 0, 0, 0, 0, 0, 1, 0, 0.231591, 0.153073, 0.523126, 0.52216, 0.501531, 0.5136, 0.513347, 0.514932, 0.497416, 0.507074, 0.517089, 0.506124],
[ 0, 1, 0, 0, 0, 0, 0, 0, 0, 0, 0.0777918, 0.168397, 0.507373, 0.513279, 0.504422, 0.503133, 0.469439, 0.500505, 0.520266, 0.498086, 0.516682, 0.50179],
[ 0, 0, 0, 1, 0, 0, 0, 0, 0, 0, 0.47496, 0.924967, 0.668526, 0.490338, 0.397512, 0.343594, 0.483263, 0.548018, 0.669266, 0.349759, 0.315633, 0.505931],
[ 0, 0, 0, 0, 0, 0, 0, 0, 0, 1, 0.551398, 0.158015, 0.508895, 0.511695, 0.465043, 0.517999, 0.542266, 0.500114, 0.4907, 0.482108, 0.467894, 0.508081],
[ 0, 1, 0, 0, 0, 0, 0, 0, 0, 0, 0.0783038, 0.152727, 0.473964, 0.502891, 0.50571, 0.51345, 0.472066, 0.493456, 0.515216, 0.509171, 0.515455, 0.504239],
[ 0, 0, 0, 0, 0, 0, 0, 1, 0, 0, 0.325546, 0.129298, 0.508124, 0.502281, 0.474419, 0.496827, 0.507314, 0.508707, 0.515602, 0.497943, 0.505099, 0.510001],
[ 1, 0, 0, 0, 0, 0, 0, 0, 0, 0, 0.563009, 0.885213, 0.427431, 0.388827, 0.571175, 0.483057, 0.395064, 0.427559, 0.453729, 0.490098, 0.560159, 0.695304],
[ 1, 0, 0, 0, 0, 0, 0, 0, 0, 0, 0.500746, 0.584198, 0.477527, 0.493165, 0.575324, 0.630481, 0.523059, 0.502841, 0.535148, 0.534281, 0.564669, 0.603843],
[ 0, 0, 0, 0, 0, 0, 0, 0, 1, 0, 0.0999004, 0.149098, 0.494944, 0.506075, 0.473121, 0.494694, 0.507808, 0.49907, 0.503103, 0.500071, 0.474757, 0.501889],
[ 0, 0, 0, 0, 0, 0, 0, 0, 0, 1, 0.175443, 0.153073, 0.495868, 0.478091, 0.498391, 0.513402, 0.499621, 0.508201, 0.501373, 0.505564, 0.499089, 0.477206]]
100,[[ 0, 0, 1, 0, 0, 0, 0, 0, 0, 0, 0.220682, 0.142343, 0.500687, 0.476038, 0.492691, 0.505596, 0.506617, 0.514573, 0.511568, 0.50965, 0.491639, 0.50169],
[ 0, 0, 0, 0, 0, 0, 0, 0, 1, 0, 0.338372, 0.128835, 0.515125, 0.519875, 0.498507, 0.500586, 0.515523, 0.522756, 0.497997, 0.50402, 0.513493, 0.50577],
[ 0, 0, 0, 0, 0, 1, 0, 0, 0, 0, 0.371079, 0.145818, 0.499459, 0.508909, 0.499523, 0.468282, 0.514513, 0.506101, 0.490145, 0.467643, 0.507088, 0.504743],
[ 0, 1, 0, 0, 0, 0, 0, 0, 0, 0, 0.971023, 0.241961, 0.489351, 0.492551, 0.605033, 0.505682, 0.475741, 0.531608, 0.467552, 0.47641, 0.662163, 0.403403],
[ 0, 0, 1, 0, 0, 0, 0, 0, 0, 0, 0.344361, 0.701494, 0.537664, 0.571071, 0.474518, 0.447033, 0.373229, 0.491492, 0.546795, 0.581363, 0.493084, 0.487691],
[ 1, 0, 0, 0, 0, 0, 0, 0, 0, 0, 0.529104, 0.828477, 0.446725, 0.427561, 0.581742, 0.672125, 0.448972, 0.473538, 0.534898, 0.511074, 0.546621, 0.6183],
[ 0, 0, 0, 0, 0, 0, 0, 1, 0, 0, 0.356771, 0.127021, 0.503052, 0.508774, 0.498802, 0.475931, 0.489957, 0.514038, 0.526227, 0.499375, 0.50142, 0.509927],
[ 0, 0, 0, 0, 1, 0, 0, 0, 0, 0, 0.771918, 0.253, 0.509775, 0.449631, 0.536654, 0.476598, 0.505957, 0.634463, 0.449297, 0.446431, 0.541524, 0.523123],
[ 1, 0, 0, 0, 0, 0, 0, 0, 0, 0, 0.209805, 0.58057, 0.489469, 0.475952, 0.496957, 0.512498, 0.487358, 0.498473, 0.507315, 0.511864, 0.4586, 0.424992],
[ 0, 0, 0, 0, 0, 1, 0, 0, 0, 0, 0.3253, 0.135898, 0.507792, 0.52431, 0.512022, 0.515096, 0.506797, 0.491931, 0.498471, 0.510386, 0.517599, 0.500702]]
110,[[ 0, 0, 0, 0, 0, 0, 0, 1, 0, 0, 0.305101, 0.139025, 0.505959, 0.511105, 0.51874, 0.503243, 0.501966, 0.509799, 0.518187, 0.501449, 0.50754, 0.495469],
[ 0, 0, 0, 0, 0, 0, 0, 0, 1, 0, 0.709808, 0.17847, 0.498537, 0.566597, 0.475193, 0.462731, 0.520868, 0.455721, 0.473288, 0.553396, 0.492903, 0.47478],
[ 0, 0, 0, 1, 0, 0, 0, 0, 0, 0, 0.195336, 0.147941, 0.508836, 0.490732, 0.473923, 0.49603, 0.498363, 0.511475, 0.478164, 0.495391, 0.492008, 0.50482],
[ 0, 0, 0, 0, 0, 0, 0, 0, 0, 1, 0.329496, 0.564398, 0.524136, 0.484294, 0.443735, 0.363507, 0.519003, 0.490054, 0.460628, 0.381868, 0.47988, 0.521057],
[ 0, 0, 0, 0, 0, 0, 1, 0, 0, 0, 0.221305, 0.454397, 0.421999, 0.528775, 0.532558, 0.50047, 0.489423, 0.513042, 0.495313, 0.433708, 0.523359, 0.54012],
[ 1, 0, 0, 0, 0, 0, 0, 0, 0, 0, 0.692876, 0.198926, 0.429177, 0.454714, 0.499077, 0.489563, 0.487472, 0.484247, 0.518414, 0.490068, 0.49068, 0.580947],
[ 0, 0, 0, 0, 0, 1, 0, 0, 0, 0, 0.241445, 0.215253, 0.466027, 0.477203, 0.468561, 0.469963, 0.489557, 0.48057, 0.471723, 0.474398, 0.430047, 0.462946],
[ 1, 0, 0, 0, 0, 0, 0, 0, 0, 0, 0.251234, 0.144158, 0.488728, 0.507617, 0.513525, 0.509116, 0.495141, 0.492361, 0.496288, 0.499356, 0.504487, 0.502742],
[ 0, 1, 0, 0, 0, 0, 0, 0, 0, 0, 0.927641, 0.885058, 0.379595, 0.532747, 0.589957, 0.264471, 0.598928, 0.503308, 0.510743, 0.539194, 0.877214, 0.294789],
[ 0, 0, 0, 0, 1, 0, 0, 0, 0, 0, 0.182886, 0.150758, 0.486606, 0.485852, 0.498143, 0.470964, 0.49798, 0.510144, 0.496263, 0.494262, 0.507735, 0.51538]]
120,[[ 0, 0, 0, 1, 0, 0, 0, 0, 0, 0, 0.0730718, 0.180786, 0.494089, 0.503784, 0.496287, 0.508075, 0.506925, 0.501551, 0.506761, 0.466657, 0.489243, 0.514243],
[ 0, 0, 0, 1, 0, 0, 0, 0, 0, 0, 0.0640511, 0.165116, 0.495586, 0.507369, 0.504058, 0.49212, 0.472163, 0.492632, 0.509313, 0.503437, 0.506302, 0.511459],
[ 0, 0, 1, 0, 0, 0, 0, 0, 0, 0, 0.611574, 0.938978, 0.666558, 0.624332, 0.320119, 0.449454, 0.454588, 0.34383, 0.544421, 0.78624, 0.32153, 0.310762],
[ 0, 0, 0, 0, 0, 0, 0, 1, 0, 0, 0.339325, 0.126172, 0.504424, 0.51122, 0.511921, 0.483874, 0.471006, 0.509639, 0.519784, 0.501361, 0.509534, 0.50194],
[ 0, 0, 0, 0, 0, 0, 1, 0, 0, 0, 0.178449, 0.150758, 0.474283, 0.492717, 0.512157, 0.505738, 0.502981, 0.510251, 0.51524, 0.518134, 0.504385, 0.506732],
[ 0, 0, 0, 0, 0, 0, 0, 0, 0, 1, 0.880508, 0.525493, 0.612947, 0.298754, 0.439581, 0.555275, 0.675096, 0.333154, 0.53644, 0.382439, 0.536194, 0.470962],
[ 0, 0, 1, 0, 0, 0, 0, 0, 0, 0, 0.522391, 0.155197, 0.499724, 0.484045, 0.503035, 0.487739, 0.473581, 0.495457, 0.515666, 0.521403, 0.508655, 0.479864],
[ 0, 0, 0, 0, 0, 0, 1, 0, 0, 0, 0.293303, 0.690107, 0.566606, 0.522133, 0.427112, 0.556945, 0.578056, 0.553063, 0.570531, 0.591185, 0.559186, 0.566265],
[ 0, 0, 0, 0, 0, 0, 0, 1, 0, 0, 0.193425, 0.151762, 0.512962, 0.514127, 0.52357, 0.504642, 0.500518, 0.503754, 0.482723, 0.499949, 0.505502, 0.478457],
[ 0, 0, 0, 0, 0, 0, 1, 0, 0, 0, 0.304505, 0.330541, 0.46536, 0.490646, 0.487815, 0.494485, 0.465512, 0.4728, 0.478972, 0.45695, 0.387699, 0.470139]]
130,[[ 0, 0, 0, 0, 0, 0, 1, 0, 0, 0, 0.270729, 0.724574, 0.56261, 0.55198, 0.584492, 0.613837, 0.574491, 0.567635, 0.547252, 0.432523, 0.548237, 0.594796],
[ 0, 0, 0, 0, 0, 1, 0, 0, 0, 0, 0.604699, 0.926434, 0.552885, 0.646418, 0.531355, 0.516675, 0.731854, 0.416389, 0.371507, 0.668087, 0.757427, 0.329028],
[ 0, 0, 0, 0, 0, 0, 0, 0, 0, 1, 0.0782568, 0.151916, 0.494792, 0.50195, 0.504296, 0.479289, 0.493468, 0.503177, 0.505317, 0.475891, 0.505999, 0.514234],
[ 0, 0, 0, 0, 0, 0, 0, 1, 0, 0, 0.491993, 0.173183, 0.519807, 0.514843, 0.53301, 0.510814, 0.481138, 0.519109, 0.544885, 0.509671, 0.484568, 0.467695],
[ 1, 0, 0, 0, 0, 0, 0, 0, 0, 0, 0.204269, 0.191979, 0.505416, 0.505671, 0.459129, 0.510264, 0.507046, 0.491366, 0.465295, 0.505157, 0.519584, 0.51252],
[ 0, 0, 1, 0, 0, 0, 0, 0, 0, 0, 0.66652, 0.415145, 0.560872, 0.604967, 0.39521, 0.522975, 0.489238, 0.494804, 0.577532, 0.649032, 0.450403, 0.454897],
[ 0, 0, 0, 0, 0, 0, 0, 0, 1, 0, 0.381092, 0.613571, 0.529957, 0.569451, 0.493373, 0.480682, 0.527457, 0.507104, 0.368433, 0.475556, 0.545198, 0.517835],
[ 0, 0, 1, 0, 0, 0, 0, 0, 0, 0, 0.747772, 0.92134, 0.626958, 0.669088, 0.231861, 0.557613, 0.313902, 0.538113, 0.562156, 0.530789, 0.480566, 0.0963513],
[ 0, 0, 0, 0, 0, 0, 1, 0, 0, 0, 0.328972, 0.123702, 0.505479, 0.50144, 0.503144, 0.505448, 0.494411, 0.492118, 0.505999, 0.514285, 0.495555, 0.498344],
[ 0, 0, 1, 0, 0, 0, 0, 0, 0, 0, 0.580307, 0.93454, 0.67686, 0.81502, 0.414574, 0.489712, 0.597453, 0.532057, 0.547392, 0.544119, 0.392425, 0.273487]]
140,[[ 0, 0, 1, 0, 0, 0, 0, 0, 0, 0, 0.770284, 0.252537, 0.599227, 0.438996, 0.513908, 0.455991, 0.523616, 0.476344, 0.500558, 0.638081, 0.440997, 0.451461],
[ 0, 0, 0, 0, 0, 0, 1, 0, 0, 0, 0.522898, 0.153382, 0.505187, 0.487052, 0.463363, 0.517006, 0.51543, 0.480853, 0.521149, 0.5381, 0.497205, 0.490646],
[ 0, 0, 0, 0, 0, 0, 0, 0, 1, 0, 0.718647, 0.16446, 0.494607, 0.572379, 0.475829, 0.453764, 0.527842, 0.454789, 0.502397, 0.477063, 0.50158, 0.491332],
[ 0, 0, 0, 0, 0, 0, 0, 0, 0, 1, 0.343531, 0.685824, 0.537579, 0.477479, 0.492541, 0.526639, 0.559249, 0.406193, 0.36507, 0.486107, 0.521707, 0.520515],
[ 1, 0, 0, 0, 0, 0, 0, 0, 0, 0, 0.3733, 0.919024, 0.501034, 0.505298, 0.522991, 0.376657, 0.472398, 0.554258, 0.563453, 0.526349, 0.541921, 0.585923],
[ 1, 0, 0, 0, 0, 0, 0, 0, 0, 0, 0.0723495, 0.185572, 0.497914, 0.507818, 0.518349, 0.508327, 0.510601, 0.498018, 0.47014, 0.509155, 0.517289, 0.521147],
[ 1, 0, 0, 0, 0, 0, 0, 0, 0, 0, 0.0794229, 0.155389, 0.496259, 0.494147, 0.503156, 0.501994, 0.501602, 0.506512, 0.498072, 0.504326, 0.49789, 0.513346],
[ 0, 0, 0, 0, 1, 0, 0, 0, 0, 0, 0.356279, 0.649349, 0.468923, 0.497619, 0.521165, 0.505516, 0.508347, 0.534943, 0.419275, 0.340868, 0.490737, 0.56295],
[ 0, 0, 0, 0, 1, 0, 0, 0, 0, 0, 0.211609, 0.328727, 0.540388, 0.53834, 0.552933, 0.555061, 0.55415, 0.548608, 0.539252, 0.540112, 0.543581, 0.545312],
[ 0, 1, 0, 0, 0, 0, 0, 0, 0, 0, 0.0845682, 0.146976, 0.498558, 0.476558, 0.488782, 0.504539, 0.500817, 0.50155, 0.504521, 0.470463, 0.501945, 0.500942]]
150,[[ 0, 0, 0, 0, 0, 1, 0, 0, 0, 0, 0.596505, 0.231733, 0.494133, 0.522879, 0.489088, 0.522006, 0.511282, 0.509064, 0.441671, 0.530297, 0.520664, 0.390463],
[ 0, 0, 0, 0, 0, 0, 1, 0, 0, 0, 0.195686, 0.150603, 0.509027, 0.498799, 0.507733, 0.507168, 0.496932, 0.505042, 0.490642, 0.499184, 0.500577, 0.502906],
[ 0, 0, 0, 0, 0, 1, 0, 0, 0, 0, 0.0814754, 0.153575, 0.506221, 0.504095, 0.508613, 0.498235, 0.508282, 0.498543, 0.502768, 0.505645, 0.499949, 0.503573],
[ 1, 0, 0, 0, 0, 0, 0, 0, 0, 0, 0.429849, 0.635493, 0.491554, 0.484721, 0.506594, 0.567292, 0.401443, 0.368877, 0.445328, 0.330033, 0.322227, 0.566353],
[ 0, 0, 0, 1, 0, 0, 0, 0, 0, 0, 0.509266, 0.935351, 0.704631, 0.512629, 0.528408, 0.5249, 0.518768, 0.540093, 0.686129, 0.325317, 0.294468, 0.507521],
[ 1, 0, 0, 0, 0, 0, 0, 0, 0, 0, 0.627664, 0.942104, 0.378513, 0.380188, 0.667391, 0.439436, 0.248981, 0.59291, 0.488347, 0.504765, 0.636324, 0.499826],
[ 0, 0, 0, 0, 0, 0, 0, 1, 0, 0, 0.369046, 0.610444, 0.501533, 0.520178, 0.549456, 0.482759, 0.455592, 0.366265, 0.546914, 0.506078, 0.521839, 0.525212],
[ 0, 0, 0, 0, 0, 0, 0, 0, 1, 0, 0.643567, 0.304951, 0.502016, 0.641734, 0.494494, 0.445599, 0.603017, 0.58134, 0.418832, 0.525652, 0.519783, 0.492115],
[ 0, 0, 0, 0, 0, 0, 0, 0, 0, 1, 0.411613, 0.786405, 0.597905, 0.490589, 0.4821, 0.538166, 0.598926, 0.488493, 0.509389, 0.535786, 0.523026, 0.477861],
[ 0, 0, 0, 0, 0, 0, 1, 0, 0, 0, 0.544113, 0.154232, 0.51376, 0.494672, 0.52154, 0.511791, 0.519358, 0.45887, 0.516675, 0.542041, 0.503791, 0.490242]]
160,[[ 0, 0, 0, 0, 0, 0, 0, 0, 1, 0, 0.894043, 0.904859, 0.43244, 0.734664, 0.199266, 0.430953, 0.596556, 0.831503, 0.356017, 0.557821, 0.378668, 0.427458],
[ 0, 0, 0, 0, 0, 1, 0, 0, 0, 0, 0.374736, 0.126327, 0.499273, 0.50669, 0.497542, 0.503924, 0.514268, 0.503536, 0.498192, 0.503899, 0.517744, 0.489438],
[ 0, 0, 0, 0, 1, 0, 0, 0, 0, 0, 0.20825, 0.169053, 0.505658, 0.507083, 0.50655, 0.517364, 0.521035, 0.514691, 0.504578, 0.49436, 0.460134, 0.501837],
[ 0, 0, 0, 0, 1, 0, 0, 0, 0, 0, 0.552228, 0.162453, 0.499596, 0.499058, 0.508786, 0.492966, 0.503549, 0.471194, 0.514079, 0.475292, 0.522564, 0.543178],
[ 0, 0, 0, 0, 0, 1, 0, 0, 0, 0, 0.675866, 0.893975, 0.548068, 0.545996, 0.421763, 0.544135, 0.706494, 0.202394, 0.37586, 0.492619, 0.70931, 0.439752],
[ 0, 0, 0, 0, 0, 0, 0, 0, 0, 1, 0.219693, 0.136747, 0.497326, 0.5032, 0.497166, 0.503824, 0.502618, 0.468346, 0.492963, 0.50366, 0.471867, 0.500633],
[ 0, 0, 0, 0, 0, 1, 0, 0, 0, 0, 0.91274, 0.518738, 0.501929, 0.562187, 0.475057, 0.504949, 0.64672, 0.288389, 0.486194, 0.553076, 0.712277, 0.405256],
[ 0, 0, 0, 0, 0, 0, 0, 1, 0, 0, 0.229353, 0.341425, 0.501176, 0.500252, 0.49787, 0.480849, 0.481093, 0.486442, 0.500201, 0.461927, 0.403178, 0.463928],
[ 1, 0, 0, 0, 0, 0, 0, 0, 0, 0, 0.312265, 0.177466, 0.498234, 0.499253, 0.506496, 0.515369, 0.494335, 0.50198, 0.504667, 0.499557, 0.506088, 0.508632],
[ 1, 0, 0, 0, 0, 0, 0, 0, 0, 0, 0.0687936, 0.163109, 0.495781, 0.509382, 0.51957, 0.51128, 0.505642, 0.475914, 0.504218, 0.518595, 0.517537, 0.512984]]
170,[[ 0, 0, 0, 1, 0, 0, 0, 0, 0, 0, 0.555787, 0.162144, 0.541769, 0.494556, 0.489508, 0.50547, 0.500746, 0.518698, 0.514899, 0.514457, 0.456728, 0.510348],
[ 0, 0, 0, 0, 0, 1, 0, 0, 0, 0, 0.69223, 0.198078, 0.539104, 0.503292, 0.474256, 0.504796, 0.578327, 0.472224, 0.445302, 0.542136, 0.444119, 0.468767],
[ 0, 0, 0, 0, 0, 0, 1, 0, 0, 0, 0.0745633, 0.150102, 0.509565, 0.51302, 0.500385, 0.501354, 0.474041, 0.49417, 0.51524, 0.50965, 0.510585, 0.507224],
[ 0, 1, 0, 0, 0, 0, 0, 0, 0, 0, 0.772311, 0.253, 0.452943, 0.544287, 0.560523, 0.445905, 0.557514, 0.487545, 0.474836, 0.513805, 0.601156, 0.452978],
[ 0, 0, 0, 1, 0, 0, 0, 0, 0, 0, 0.506196, 0.184067, 0.541529, 0.480422, 0.469769, 0.500264, 0.49854, 0.46522, 0.538237, 0.523381, 0.48583, 0.519257],
[ 0, 0, 0, 0, 0, 0, 1, 0, 0, 0, 0.249698, 0.508008, 0.516763, 0.51011, 0.515253, 0.511369, 0.492448, 0.479092, 0.494697, 0.50432, 0.44519, 0.390042],
[ 0, 0, 0, 0, 0, 0, 0, 0, 1, 0, 0.722319, 0.1958, 0.516745, 0.570482, 0.472416, 0.45026, 0.550225, 0.530146, 0.418999, 0.51478, 0.432759, 0.480267],
[ 0, 0, 0, 0, 0, 0, 1, 0, 0, 0, 0.69445, 0.523331, 0.472216, 0.437611, 0.477649, 0.533624, 0.358108, 0.441456, 0.576149, 0.509621, 0.418612, 0.47314],
[ 0, 0, 0, 0, 0, 0, 0, 0, 1, 0, 0.146863, 0.304797, 0.499661, 0.519128, 0.500742, 0.507616, 0.506957, 0.514966, 0.500358, 0.483336, 0.439852, 0.506288],
[ 0, 0, 0, 0, 0, 0, 0, 1, 0, 0, 0.336656, 0.706936, 0.522877, 0.506786, 0.538551, 0.488222, 0.480939, 0.51778, 0.559296, 0.467051, 0.505175, 0.515991]]
180,[[ 1, 0, 0, 0, 0, 0, 0, 0, 0, 0, 0.326272, 0.130147, 0.496827, 0.507314, 0.508707, 0.515602, 0.497943, 0.505099, 0.510001, 0.499961, 0.511513, 0.516482],
[ 0, 1, 0, 0, 0, 0, 0, 0, 0, 0, 0.379741, 0.605967, 0.49322, 0.532358, 0.566266, 0.474016, 0.49692, 0.517437, 0.500342, 0.511714, 0.545273, 0.482664],
[ 0, 0, 0, 0, 0, 0, 0, 1, 0, 0, 0.366433, 0.126018, 0.503949, 0.510538, 0.495351, 0.477947, 0.494289, 0.51021, 0.521227, 0.49617, 0.500222, 0.509074],
[ 1, 0, 0, 0, 0, 0, 0, 0, 0, 0, 0.370258, 0.144815, 0.470068, 0.485119, 0.518322, 0.521728, 0.49653, 0.501926, 0.512158, 0.496251, 0.467194, 0.519709],
[ 0, 1, 0, 0, 0, 0, 0, 0, 0, 0, 0.222341, 0.214095, 0.48661, 0.465625, 0.447692, 0.46199, 0.477913, 0.463722, 0.500607, 0.51122, 0.500537, 0.477608],
[ 0, 0, 0, 0, 0, 0, 0, 0, 1, 0, 0.594551, 0.257131, 0.529088, 0.522903, 0.506101, 0.453346, 0.541228, 0.582694, 0.464254, 0.492116, 0.532756, 0.491914],
[ 1, 0, 0, 0, 0, 0, 0, 0, 0, 0, 0.184524, 0.150912, 0.4982, 0.497776, 0.50404, 0.510395, 0.497174, 0.502014, 0.499831, 0.494206, 0.507727, 0.509049],
[ 0, 0, 1, 0, 0, 0, 0, 0, 0, 0, 0.525653, 0.155699, 0.524642, 0.536293, 0.49819, 0.493569, 0.505707, 0.498216, 0.516238, 0.487404, 0.497005, 0.465048],
[ 0, 0, 0, 0, 0, 0, 0, 1, 0, 0, 0.195048, 0.144004, 0.499991, 0.509664, 0.488522, 0.475479, 0.503454, 0.507771, 0.506784, 0.498369, 0.503427, 0.506705],
[ 0, 0, 0, 0, 1, 0, 0, 0, 0, 0, 0.341892, 0.540507, 0.491684, 0.517855, 0.525824, 0.502059, 0.507651, 0.536182, 0.487923, 0.486113, 0.51258, 0.50019]]
190,[[ 0, 0, 0, 0, 0, 0, 0, 0, 0, 1, 0.504842, 0.952178, 0.633895, 0.448696, 0.400555, 0.541622, 0.4138, 0.441568, 0.518546, 0.560253, 0.537782, 0.562161],
[ 0, 0, 1, 0, 0, 0, 0, 0, 0, 0, 0.207394, 0.276275, 0.53789, 0.542363, 0.525845, 0.512245, 0.46742, 0.520512, 0.540777, 0.534374, 0.524941, 0.529344],
[ 0, 0, 0, 1, 0, 0, 0, 0, 0, 0, 0.962084, 0.380677, 0.561971, 0.562919, 0.386728, 0.639275, 0.432632, 0.583875, 0.522145, 0.512275, 0.293751, 0.558164],
[ 1, 0, 0, 0, 0, 0, 0, 0, 0, 0, 0.566033, 0.935351, 0.397374, 0.254011, 0.619414, 0.764226, 0.354804, 0.408028, 0.537947, 0.490198, 0.514913, 0.720867],
[ 0, 0, 0, 0, 0, 1, 0, 0, 0, 0, 0.981336, 0.326566, 0.411593, 0.517272, 0.40246, 0.535998, 0.705611, 0.383152, 0.491684, 0.476304, 0.707903, 0.413837],
[ 0, 0, 0, 1, 0, 0, 0, 0, 0, 0, 0.580696, 0.164112, 0.543527, 0.482413, 0.489009, 0.501117, 0.498583, 0.518872, 0.473631, 0.504159, 0.43886, 0.52185],
[ 0, 1, 0, 0, 0, 0, 0, 0, 0, 0, 0.296376, 0.1892, 0.442323, 0.505238, 0.521884, 0.500699, 0.502477, 0.507695, 0.505254, 0.510956, 0.512973, 0.508764],
[ 0, 1, 0, 0, 0, 0, 0, 0, 0, 0, 0.233565, 0.283183, 0.494004, 0.482925, 0.447769, 0.507781, 0.51951, 0.506115, 0.50461, 0.51921, 0.526697, 0.507746],
[ 0, 0, 0, 0, 0, 0, 0, 0, 0, 1, 0.0821705, 0.154386, 0.512706, 0.471214, 0.493316, 0.51425, 0.506133, 0.508213, 0.505081, 0.506707, 0.506775, 0.499018],
[ 0, 0, 0, 0, 1, 0, 0, 0, 0, 0, 0.525326, 0.153884, 0.506447, 0.497476, 0.50225, 0.506089, 0.514254, 0.513809, 0.51319, 0.47185, 0.50951, 0.484029]]
200,[[ 0, 0, 0, 0, 0, 1, 0, 0, 0, 0, 0.187235, 0.149098, 0.508116, 0.501735, 0.505757, 0.478096, 0.500258, 0.499337, 0.505205, 0.507431, 0.514191, 0.493048],
[ 1, 0, 0, 0, 0, 0, 0, 0, 0, 0, 0.896854, 0.891157, 0.262345, 0.335802, 0.392307, 0.673053, 0.363055, 0.440856, 0.575123, 0.511246, 0.556174, 0.83699],
[ 0, 0, 1, 0, 0, 0, 0, 0, 0, 0, 0.751347, 0.306765, 0.451078, 0.433564, 0.478945, 0.568528, 0.5182, 0.494894, 0.514143, 0.625045, 0.375232, 0.441058],
[ 0, 1, 0, 0, 0, 0, 0, 0, 0, 0, 0.30855, 0.174996, 0.507557, 0.512405, 0.520376, 0.498928, 0.507392, 0.50834, 0.502794, 0.510397, 0.500546, 0.444063],
[ 0, 0, 0, 1, 0, 0, 0, 0, 0, 0, 0.299757, 0.123547, 0.470696, 0.485838, 0.503456, 0.503953, 0.497579, 0.507547, 0.496322, 0.465038, 0.486193, 0.513288],
[ 0, 0, 0, 1, 0, 0, 0, 0, 0, 0, 0.21311, 0.140684, 0.505433, 0.496042, 0.500643, 0.509159, 0.501792, 0.502797, 0.501724, 0.502752, 0.516134, 0.508174],
[ 0, 0, 0, 0, 0, 0, 0, 0, 0, 1, 0.221326, 0.484272, 0.525956, 0.480513, 0.40996, 0.522702, 0.542601, 0.515709, 0.519353, 0.527238, 0.517183, 0.523516],
[ 0, 0, 0, 1, 0, 0, 0, 0, 0, 0, 0.368648, 0.718977, 0.58667, 0.501009, 0.515119, 0.519203, 0.504966, 0.522969, 0.482922, 0.357919, 0.451784, 0.546145],
[ 0, 0, 0, 0, 0, 1, 0, 0, 0, 0, 0.841867, 0.911266, 0.525018, 0.520221, 0.455096, 0.54717, 0.635899, 0.469721, 0.0943157, 0.796577, 0.600938, 0.609749],
[ 0, 0, 0, 0, 0, 0, 0, 0, 1, 0, 0.96547, 0.38778, 0.586577, 0.546685, 0.514923, 0.287574, 0.585091, 0.649964, 0.527386, 0.385462, 0.533362, 0.424771]]
210,[[ 0, 0, 0, 0, 0, 0, 1, 0, 0, 0, 0.0892406, 0.164923, 0.505506, 0.517124, 0.485581, 0.476986, 0.493367, 0.506215, 0.511021, 0.497631, 0.505091, 0.504021],
[ 0, 0, 0, 0, 0, 0, 0, 0, 0, 1, 0.325606, 0.869234, 0.57772, 0.513644, 0.509075, 0.566442, 0.524512, 0.346333, 0.515047, 0.58042, 0.492565, 0.346893],
[ 0, 0, 0, 0, 0, 0, 0, 1, 0, 0, 0.893156, 0.889498, 0.493678, 0.518073, 0.877518, 0.27676, 0.348278, 0.608093, 0.817772, 0.363419, 0.561352, 0.494686],
[ 0, 0, 0, 0, 0, 0, 0, 1, 0, 0, 0.317071, 0.13887, 0.506298, 0.516917, 0.518608, 0.504047, 0.495947, 0.469096, 0.521372, 0.513374, 0.506953, 0.511304],
[ 0, 0, 0, 0, 0, 0, 1, 0, 0, 0, 0.224439, 0.155042, 0.513854, 0.498014, 0.507729, 0.513432, 0.495538, 0.495047, 0.472569, 0.513929, 0.499019, 0.504087],
[ 0, 0, 0, 0, 0, 1, 0, 0, 0, 0, 0.170785, 0.153073, 0.498913, 0.507332, 0.502408, 0.478501, 0.503218, 0.504448, 0.50683, 0.505953, 0.511269, 0.513338],
[ 0, 0, 0, 0, 0, 0, 1, 0, 0, 0, 0.678952, 0.434444, 0.554232, 0.459044, 0.5422, 0.66358, 0.435388, 0.4294, 0.630148, 0.572843, 0.436392, 0.581516],
[ 0, 0, 0, 1, 0, 0, 0, 0, 0, 0, 0.24456, 0.226948, 0.48532, 0.4683, 0.477869, 0.46866, 0.471002, 0.48382, 0.481845, 0.422001, 0.470456, 0.486516],
[ 1, 0, 0, 0, 0, 0, 0, 0, 0, 0, 0.375961, 0.142189, 0.485921, 0.465151, 0.503472, 0.52524, 0.500305, 0.502511, 0.511078, 0.496357, 0.458755, 0.470614],
[ 0, 0, 0, 1, 0, 0, 0, 0, 0, 0, 0.659158, 0.605967, 0.578156, 0.372565, 0.5726, 0.550437, 0.427422, 0.541127, 0.679928, 0.380493, 0.369748, 0.465798]]
220,[[ 0, 0, 0, 0, 1, 0, 0, 0, 0, 0, 0.858193, 0.490023, 0.442589, 0.537499, 0.486198, 0.464512, 0.513418, 0.706252, 0.371742, 0.382697, 0.569576, 0.618819],
[ 0, 0, 0, 0, 0, 1, 0, 0, 0, 0, 0.776553, 0.930255, 0.614367, 0.595141, 0.469173, 0.568968, 0.765889, 0.282162, 0.372471, 0.600062, 0.708916, 0.428126],
[ 0, 0, 0, 0, 0, 0, 0, 0, 0, 1, 0.809248, 0.923964, 0.803273, 0.34624, 0.365616, 0.618811, 0.493076, 0.415374, 0.633027, 0.461543, 0.416094, 0.438935],
[ 0, 0, 0, 0, 0, 1, 0, 0, 0, 0, 0.567795, 0.892624, 0.457666, 0.565138, 0.516963, 0.517264, 0.644129, 0.406129, 0.365984, 0.575227, 0.447226, 0.364265],
[ 0, 0, 0, 0, 0, 1, 0, 0, 0, 0, 0.535433, 0.14547, 0.491458, 0.503419, 0.500335, 0.51393, 0.480807, 0.502779, 0.45517, 0.521877, 0.531341, 0.501874],
[ 0, 0, 0, 0, 0, 0, 1, 0, 0, 0, 0.212346, 0.222818, 0.528921, 0.526836, 0.529926, 0.528235, 0.522734, 0.525469, 0.522124, 0.531056, 0.521339, 0.520369],
[ 0, 0, 0, 0, 0, 0, 0, 0, 1, 0, 0.721186, 0.194643, 0.521184, 0.580547, 0.479121, 0.454642, 0.546947, 0.473232, 0.503602, 0.481405, 0.512774, 0.488877],
[ 0, 0, 0, 0, 1, 0, 0, 0, 0, 0, 0.385902, 0.125362, 0.415932, 0.404974, 0.41138, 0.407422, 0.407026, 0.423679, 0.411296, 0.406863, 0.379703, 0.419089],
[ 0, 0, 0, 0, 0, 0, 1, 0, 0, 0, 0.245458, 0.143154, 0.502715, 0.494076, 0.500565, 0.504851, 0.494882, 0.490231, 0.46341, 0.497851, 0.498302, 0.499707],
[ 0, 0, 0, 0, 0, 0, 0, 1, 0, 0, 0.151698, 0.150758, 0.509634, 0.482725, 0.523343, 0.500217, 0.501291, 0.496006, 0.506518, 0.497477, 0.4737, 0.496194]]
230,[[ 0, 1, 0, 0, 0, 0, 0, 0, 0, 0, 0.180425, 0.194295, 0.494315, 0.461709, 0.49646, 0.469129, 0.505262, 0.526033, 0.522535, 0.523877, 0.51415, 0.485038],
[ 0, 1, 0, 0, 0, 0, 0, 0, 0, 0, 0.529658, 0.176309, 0.480188, 0.512578, 0.540022, 0.47308, 0.474475, 0.498304, 0.491043, 0.471065, 0.522044, 0.530027],
[ 0, 0, 0, 0, 0, 1, 0, 0, 0, 0, 0.692553, 0.207495, 0.543375, 0.509357, 0.47603, 0.502725, 0.543611, 0.462145, 0.45622, 0.57837, 0.526791, 0.472397],
[ 0, 0, 1, 0, 0, 0, 0, 0, 0, 0, 0.305617, 0.18538, 0.514209, 0.517732, 0.50249, 0.501556, 0.505277, 0.502163, 0.511481, 0.508475, 0.497325, 0.485679],
[ 0, 1, 0, 0, 0, 0, 0, 0, 0, 0, 0.152038, 0.150603, 0.499204, 0.504343, 0.509386, 0.503449, 0.50747, 0.470229, 0.503416, 0.494998, 0.514593, 0.497503],
[ 0, 0, 0, 0, 0, 1, 0, 0, 0, 0, 0.221802, 0.142189, 0.504777, 0.506845, 0.468519, 0.49495, 0.514214, 0.496517, 0.504574, 0.504022, 0.516422, 0.495856],
[ 1, 0, 0, 0, 0, 0, 0, 0, 0, 0, 0.25199, 0.422092, 0.514512, 0.491342, 0.53013, 0.53837, 0.501754, 0.48592, 0.496427, 0.494633, 0.460858, 0.414535],
[ 0, 1, 0, 0, 0, 0, 0, 0, 0, 0, 0.308967, 0.15126, 0.423135, 0.436488, 0.43428, 0.421011, 0.417701, 0.403038, 0.424693, 0.443676, 0.450086, 0.43789],
[ 0, 0, 0, 1, 0, 0, 0, 0, 0, 0, 0.229126, 0.423404, 0.512263, 0.472059, 0.445777, 0.405941, 0.519404, 0.538416, 0.518517, 0.504526, 0.533355, 0.541121],
[ 0, 0, 0, 0, 0, 0, 0, 1, 0, 0, 0.540287, 0.602686, 0.451414, 0.461427, 0.464482, 0.376666, 0.281089, 0.512813, 0.60252, 0.420893, 0.432087, 0.476863]]
240,[[ 0, 1, 0, 0, 0, 0, 0, 0, 0, 0, 0.717864, 0.191168, 0.439209, 0.541214, 0.490084, 0.471422, 0.493641, 0.45621, 0.447374, 0.467598, 0.589895, 0.429914],
[ 0, 0, 0, 0, 0, 0, 1, 0, 0, 0, 0.30808, 0.186228, 0.506152, 0.502668, 0.511713, 0.507005, 0.496628, 0.496599, 0.508325, 0.5158, 0.494194, 0.501086],
[ 0, 0, 0, 0, 0, 1, 0, 0, 0, 0, 0.527743, 0.163301, 0.497991, 0.503251, 0.504602, 0.521164, 0.514949, 0.517324, 0.463681, 0.465305, 0.540737, 0.514927],
[ 0, 0, 1, 0, 0, 0, 0, 0, 0, 0, 0.343087, 0.670152, 0.541092, 0.578505, 0.497128, 0.516742, 0.524801, 0.508563, 0.518233, 0.544921, 0.493416, 0.484941],
[ 0, 0, 0, 0, 0, 0, 1, 0, 0, 0, 0.0614238, 0.192635, 0.501509, 0.50262, 0.494822, 0.501078, 0.492137, 0.487092, 0.458512, 0.485272, 0.500114, 0.49991],
[ 0, 0, 0, 0, 0, 0, 0, 0, 0, 1, 0.980747, 0.333011, 0.707132, 0.39379, 0.471299, 0.501957, 0.566546, 0.506245, 0.376375, 0.583352, 0.461194, 0.518232],
[ 0, 0, 0, 0, 0, 0, 0, 1, 0, 0, 0.149443, 0.156856, 0.509528, 0.500718, 0.516906, 0.50435, 0.503349, 0.51238, 0.509203, 0.495848, 0.470094, 0.489976],
[ 1, 0, 0, 0, 0, 0, 0, 0, 0, 0, 0.371913, 0.146474, 0.476739, 0.490161, 0.518043, 0.519164, 0.499429, 0.503641, 0.510181, 0.5014, 0.509608, 0.517715],
[ 0, 1, 0, 0, 0, 0, 0, 0, 0, 0, 0.413523, 0.0189887, 0.466824, 0.472837, 0.479484, 0.463905, 0.46535, 0.469016, 0.473907, 0.466311, 0.474354, 0.473734],
[ 0, 0, 1, 0, 0, 0, 0, 0, 0, 0, 0.174233, 0.292948, 0.508205, 0.517778, 0.505629, 0.507238, 0.507176, 0.509043, 0.507634, 0.511149, 0.500317, 0.505278]]
250,[[ 0, 0, 0, 0, 0, 0, 0, 0, 0, 1, 0.741131, 0.910301, 0.504743, 0.464737, 0.121029, 0.782339, 0.605316, 0.308834, 0.59406, 0.289473, 0.599375, 0.514292],
[ 0, 0, 0, 0, 1, 0, 0, 0, 0, 0, 0.0904888, 0.16195, 0.503406, 0.466636, 0.491113, 0.514966, 0.506602, 0.511386, 0.468658, 0.491472, 0.516736, 0.497707],
[ 0, 0, 0, 0, 0, 0, 0, 1, 0, 0, 0.22706, 0.427032, 0.522221, 0.530276, 0.534463, 0.519767, 0.514396, 0.515133, 0.517275, 0.488422, 0.494094, 0.486921],
[ 0, 0, 0, 0, 0, 0, 0, 0, 1, 0, 0.679731, 0.898567, 0.55045, 0.733354, 0.319056, 0.377224, 0.607876, 0.342669, 0.380017, 0.566796, 0.534464, 0.449437],
[ 0, 0, 1, 0, 0, 0, 0, 0, 0, 0, 0.375028, 0.1298, 0.506442, 0.531213, 0.497744, 0.501831, 0.509918, 0.503043, 0.507739, 0.515466, 0.497792, 0.500749],
[ 0, 0, 0, 0, 0, 1, 0, 0, 0, 0, 0.0031921, 0.32425, 0.500463, 0.489531, 0.466627, 0.497079, 0.50732, 0.509677, 0.512285, 0.502186, 0.490348, 0.50733],
[ 0, 1, 0, 0, 0, 0, 0, 0, 0, 0, 0.115703, 0.193793, 0.490759, 0.462551, 0.485693, 0.507285, 0.50312, 0.497418, 0.464592, 0.48996, 0.515866, 0.508054],
[ 0, 1, 0, 0, 0, 0, 0, 0, 0, 0, 0.709141, 0.181249, 0.401241, 0.555839, 0.528463, 0.469071, 0.542554, 0.486503, 0.48558, 0.494427, 0.586357, 0.469921],
[ 0, 0, 0, 0, 0, 0, 0, 1, 0, 0, 0.352915, 0.255818, 0.475203, 0.481153, 0.507806, 0.46869, 0.45269, 0.399133, 0.500407, 0.484496, 0.493046, 0.489965],
[ 0, 0, 1, 0, 0, 0, 0, 0, 0, 0, 0.0707885, 0.184067, 0.507087, 0.499178, 0.507001, 0.507245, 0.502205, 0.505079, 0.495601, 0.501019, 0.496569, 0.496229]]
260,[[ 0, 0, 0, 0, 0, 0, 0, 1, 0, 0, 0.494086, 0.882897, 0.532491, 0.562771, 0.546199, 0.383681, 0.358541, 0.601075, 0.68742, 0.515399, 0.505507, 0.535806],
[ 0, 0, 0, 0, 0, 0, 0, 0, 0, 1, 0.728093, 0.931413, 0.688422, 0.412762, 0.37619, 0.650275, 0.633437, 0.421391, 0.576511, 0.506347, 0.365526, 0.374548],
[ 0, 1, 0, 0, 0, 0, 0, 0, 0, 0, 0.67624, 0.564746, 0.3935, 0.622535, 0.547785, 0.387454, 0.548367, 0.522803, 0.426715, 0.532536, 0.645198, 0.384343],
[ 0, 0, 0, 0, 1, 0, 0, 0, 0, 0, 0.157141, 0.150603, 0.498371, 0.49929, 0.496299, 0.510186, 0.496124, 0.519659, 0.5067, 0.492761, 0.491631, 0.479158],
[ 0, 0, 0, 0, 0, 0, 1, 0, 0, 0, 0.300984, 0.189509, 0.463082, 0.503399, 0.526334, 0.525268, 0.509457, 0.507425, 0.512463, 0.521334, 0.491235, 0.462318],
[ 0, 0, 0, 0, 0, 0, 1, 0, 0, 0, 0.249008, 0.354123, 0.523911, 0.489255, 0.428132, 0.527874, 0.529311, 0.493171, 0.495084, 0.522478, 0.505839, 0.504703],
[ 0, 0, 0, 0, 0, 0, 0, 0, 0, 1, 0.388606, 0.756725, 0.595207, 0.513161, 0.503659, 0.5452, 0.596615, 0.496971, 0.522738, 0.560966, 0.513283, 0.525499],
[ 1, 0, 0, 0, 0, 0, 0, 0, 0, 0, 0.151975, 0.163803, 0.502937, 0.497723, 0.497349, 0.49981, 0.501461, 0.502912, 0.503093, 0.507561, 0.492824, 0.505757],
[ 0, 0, 0, 1, 0, 0, 0, 0, 0, 0, 0.310049, 0.178316, 0.510817, 0.497161, 0.506935, 0.507048, 0.501282, 0.506488, 0.508874, 0.500019, 0.496671, 0.491467],
[ 0, 1, 0, 0, 0, 0, 0, 0, 0, 0, 0.326384, 0.138214, 0.502579, 0.508523, 0.52345, 0.497949, 0.507518, 0.512586, 0.506124, 0.512746, 0.514939, 0.502229]]
270,[[ 0, 0, 0, 0, 1, 0, 0, 0, 0, 0, 0.983871, 0.326566, 0.524249, 0.411593, 0.517272, 0.40246, 0.535998, 0.705611, 0.383152, 0.491684, 0.476304, 0.707903],
[ 0, 1, 0, 0, 0, 0, 0, 0, 0, 0, 0.0775001, 0.14053, 0.500533, 0.504579, 0.50009, 0.499989, 0.50681, 0.505868, 0.498132, 0.498221, 0.506817, 0.492614],
[ 0, 1, 0, 0, 0, 0, 0, 0, 0, 0, 0.0887671, 0.152727, 0.510029, 0.479537, 0.490052, 0.477996, 0.502961, 0.511787, 0.510394, 0.49913, 0.508902, 0.478438],
[ 0, 0, 0, 0, 0, 0, 0, 1, 0, 0, 0.372131, 0.127021, 0.50327, 0.509424, 0.513014, 0.496089, 0.486519, 0.468317, 0.517779, 0.503422, 0.501369, 0.510458],
[ 0, 0, 0, 1, 0, 0, 0, 0, 0, 0, 0.308513, 0.177466, 0.523486, 0.511199, 0.510858, 0.515066, 0.511386, 0.514537, 0.51716, 0.503543, 0.509778, 0.514685],
[ 0, 0, 0, 0, 0, 0, 0, 0, 0, 1, 0.0868489, 0.155197, 0.50963, 0.502149, 0.506047, 0.479112, 0.491976, 0.479385, 0.501113, 0.508451, 0.517176, 0.512289],
[ 0, 0, 1, 0, 0, 0, 0, 0, 0, 0, 0.257196, 0.240496, 0.482109, 0.492215, 0.477361, 0.483893, 0.472766, 0.471448, 0.48061, 0.488739, 0.46599, 0.467099],
[ 0, 0, 0, 0, 0, 1, 0, 0, 0, 0, 0.281285, 0.610251, 0.545144, 0.539447, 0.528567, 0.534833, 0.550237, 0.52678, 0.511592, 0.541018, 0.517856, 0.388257],
[ 0, 0, 0, 0, 0, 0, 0, 0, 0, 1, 0.952118, 0.792852, 0.679266, 0.397791, 0.145858, 0.582216, 0.877726, 0.360724, 0.509, 0.433139, 0.456336, 0.319283],
[ 0, 0, 0, 0, 0, 0, 0, 1, 0, 0, 0.724302, 0.39519, 0.407964, 0.546879, 0.61732, 0.437214, 0.450991, 0.570846, 0.540446, 0.468768, 0.543528, 0.508491]]
280,[[ 1, 0, 0, 0, 0, 0, 0, 0, 0, 0, 0.375877, 0.134431, 0.495444, 0.499255, 0.505817, 0.522906, 0.496665, 0.502937, 0.511287, 0.504316, 0.508606, 0.497947],
[ 0, 1, 0, 0, 0, 0, 0, 0, 0, 0, 0.402365, 0.775715, 0.475647, 0.521004, 0.503357, 0.332168, 0.463418, 0.539287, 0.515045, 0.516717, 0.571721, 0.467897],
[ 0, 0, 0, 0, 0, 0, 1, 0, 0, 0, 0.226791, 0.180438, 0.506644, 0.491692, 0.492611, 0.492722, 0.473519, 0.456898, 0.50907, 0.521055, 0.502077, 0.502921],
[ 0, 0, 0, 0, 0, 1, 0, 0, 0, 0, 0.252629, 0.229263, 0.465289, 0.497193, 0.47166, 0.473928, 0.48293, 0.470548, 0.473453, 0.487104, 0.487745, 0.477364],
[ 0, 0, 0, 0, 0, 1, 0, 0, 0, 0, 0.52424, 0.155699, 0.497481, 0.501763, 0.49193, 0.467671, 0.520434, 0.5184, 0.476427, 0.514845, 0.543497, 0.494274],
[ 1, 0, 0, 0, 0, 0, 0, 0, 0, 0, 0.190166, 0.152225, 0.496884, 0.496236, 0.517743, 0.507452, 0.512359, 0.511935, 0.50322, 0.500818, 0.513481, 0.509834],
[ 0, 0, 0, 0, 0, 0, 0, 0, 0, 1, 0.0689874, 0.181443, 0.500434, 0.506524, 0.502154, 0.499438, 0.453862, 0.489015, 0.506498, 0.50578, 0.509695, 0.493841],
[ 0, 0, 0, 0, 0, 1, 0, 0, 0, 0, 0.347684, 0.712532, 0.50652, 0.473914, 0.352925, 0.494994, 0.56912, 0.499776, 0.496468, 0.528553, 0.570321, 0.415519],
[ 0, 0, 1, 0, 0, 0, 0, 0, 0, 0, 0.387282, 0.125516, 0.50518, 0.519093, 0.490982, 0.496887, 0.50376, 0.498029, 0.504573, 0.5138, 0.485347, 0.463838],
[ 0, 0, 0, 0, 0, 0, 1, 0, 0, 0, 0.422454, 0.78247, 0.547889, 0.523796, 0.530453, 0.613389, 0.500816, 0.49197, 0.547786, 0.602741, 0.400077, 0.291578]]
290,[[ 0, 0, 1, 0, 0, 0, 0, 0, 0, 0, 0.167214, 0.147941, 0.500933, 0.501589, 0.503383, 0.512087, 0.51711, 0.505691, 0.506199, 0.500392, 0.497031, 0.498669],
[ 0, 0, 0, 0, 0, 0, 1, 0, 0, 0, 0.308527, 0.178316, 0.499725, 0.515679, 0.519111, 0.518626, 0.49946, 0.50726, 0.511998, 0.518027, 0.498648, 0.510667],
[ 0, 0, 0, 1, 0, 0, 0, 0, 0, 0, 0.644495, 0.597553, 0.593616, 0.362371, 0.547819, 0.551207, 0.435716, 0.47414, 0.544158, 0.357281, 0.416769, 0.681718],
[ 0, 0, 0, 0, 0, 0, 0, 0, 0, 1, 0.800185, 0.938824, 0.624042, 0.397321, 0.150662, 0.811767, 0.645938, 0.522129, 0.630151, 0.519222, 0.482388, 0.4302],
[ 0, 0, 0, 0, 0, 0, 0, 0, 1, 0, 0.725898, 0.926628, 0.552934, 0.736814, 0.20384, 0.379173, 0.44999, 0.731783, 0.421404, 0.588729, 0.573641, 0.427864],
[ 0, 0, 0, 0, 0, 0, 0, 0, 1, 0, 0.259418, 0.142691, 0.416525, 0.452155, 0.459252, 0.455585, 0.453619, 0.463974, 0.455077, 0.4488, 0.423575, 0.454812],
[ 0, 0, 0, 0, 0, 0, 1, 0, 0, 0, 0.533354, 0.177622, 0.506909, 0.502483, 0.517428, 0.517042, 0.52109, 0.479875, 0.522365, 0.526693, 0.452372, 0.497093],
[ 0, 0, 0, 0, 0, 0, 0, 0, 0, 1, 0.55306, 0.164614, 0.527802, 0.513504, 0.46532, 0.523082, 0.536964, 0.498474, 0.48454, 0.510986, 0.508087, 0.519744],
[ 0, 0, 0, 0, 0, 0, 0, 0, 1, 0, 0.0514626, 0.212281, 0.511577, 0.51502, 0.513872, 0.505886, 0.507053, 0.502935, 0.511582, 0.499843, 0.458877, 0.503244],
[ 0, 0, 0, 0, 0, 0, 1, 0, 0, 0, 0.0840655, 0.152572, 0.503032, 0.4761, 0.494242, 0.514021, 0.506748, 0.500627, 0.477715, 0.49528, 0.514862, 0.504919]]
300,[[ 0, 0, 0, 0, 0, 1, 0, 0, 0, 0, 0.620957, 0.559458, 0.500355, 0.580555, 0.455346, 0.483742, 0.554176, 0.417049, 0.303425, 0.606987, 0.688456, 0.374356],
[ 0, 0, 0, 0, 0, 0, 0, 0, 0, 1, 0.351386, 0.630552, 0.543574, 0.494751, 0.450314, 0.370701, 0.556539, 0.510819, 0.522737, 0.52647, 0.466006, 0.365884],
[ 0, 0, 0, 0, 0, 0, 1, 0, 0, 0, 0.536529, 0.884402, 0.447469, 0.541319, 0.567658, 0.494634, 0.402376, 0.409504, 0.63105, 0.736377, 0.446534, 0.507108],
[ 0, 0, 0, 1, 0, 0, 0, 0, 0, 0, 0.211084, 0.141842, 0.477961, 0.491918, 0.493532, 0.502238, 0.507108, 0.5057, 0.474278, 0.492108, 0.50861, 0.506468],
[ 0, 0, 0, 0, 0, 0, 0, 0, 0, 1, 0.255406, 0.469913, 0.538473, 0.526108, 0.553483, 0.574003, 0.558469, 0.505398, 0.499102, 0.505129, 0.490199, 0.479647],
[ 0, 0, 1, 0, 0, 0, 0, 0, 0, 0, 0.542758, 0.152881, 0.515038, 0.540319, 0.478527, 0.471009, 0.486457, 0.501151, 0.520416, 0.511704, 0.522969, 0.461218],
[ 0, 0, 0, 0, 0, 0, 0, 0, 0, 1, 0.297032, 0.187386, 0.523231, 0.494064, 0.457324, 0.502315, 0.52864, 0.510932, 0.514429, 0.520573, 0.514349, 0.52008],
[ 1, 0, 0, 0, 0, 0, 0, 0, 0, 0, 0.677754, 0.549576, 0.3837, 0.398558, 0.623198, 0.55843, 0.391399, 0.554492, 0.515397, 0.435502, 0.533624, 0.534088],
[ 0, 0, 0, 0, 0, 0, 0, 0, 0, 1, 0.925318, 0.249719, 0.562546, 0.461046, 0.376398, 0.554408, 0.419546, 0.564046, 0.359348, 0.563885, 0.400546, 0.551857],
[ 0, 0, 0, 0, 0, 0, 0, 0, 0, 1, 0.150023, 0.153382, 0.505841, 0.494727, 0.513295, 0.513722, 0.510347, 0.503589, 0.503014, 0.506223, 0.509833, 0.494326]]
310,[[ 0, 0, 0, 0, 0, 1, 0, 0, 0, 0, 0.211268, 0.157358, 0.503931, 0.502695, 0.503292, 0.512384, 0.516213, 0.49774, 0.504851, 0.508281, 0.509413, 0.493686],
[ 0, 1, 0, 0, 0, 0, 0, 0, 0, 0, 0.336287, 0.670963, 0.480013, 0.513005, 0.553856, 0.469562, 0.445176, 0.365584, 0.477504, 0.53055, 0.550333, 0.489457],
[ 1, 0, 0, 0, 0, 0, 0, 0, 0, 0, 0.292585, 0.162453, 0.512237, 0.505505, 0.51403, 0.521491, 0.513653, 0.499756, 0.471778, 0.51041, 0.528956, 0.5199],
[ 0, 0, 0, 0, 0, 0, 0, 1, 0, 0, 0.633701, 0.932881, 0.355742, 0.435013, 0.495174, 0.337933, 0.332629, 0.421503, 0.509238, 0.39039, 0.279745, 0.224756],
[ 0, 0, 0, 0, 0, 0, 0, 0, 1, 0, 0.174897, 0.152881, 0.519453, 0.495868, 0.478091, 0.498391, 0.513402, 0.499621, 0.508201, 0.501373, 0.505564, 0.499089],
[ 0, 1, 0, 0, 0, 0, 0, 0, 0, 0, 0.22028, 0.161295, 0.488062, 0.4577, 0.496463, 0.494334, 0.495347, 0.504586, 0.465496, 0.502804, 0.506494, 0.47297],
[ 0, 1, 0, 0, 0, 0, 0, 0, 0, 0, 0.335935, 0.126828, 0.491148, 0.464741, 0.513458, 0.505855, 0.505547, 0.509136, 0.504428, 0.516838, 0.51256, 0.49967],
[ 0, 0, 1, 0, 0, 0, 0, 0, 0, 0, 0.367442, 0.616195, 0.489873, 0.404963, 0.473756, 0.540621, 0.55549, 0.530056, 0.524586, 0.544839, 0.49696, 0.492461],
[ 0, 0, 0, 0, 0, 0, 1, 0, 0, 0, 0.159819, 0.174842, 0.508414, 0.501972, 0.492503, 0.462359, 0.481105, 0.469813, 0.506591, 0.512992, 0.50101, 0.504256],
[ 0, 0, 0, 0, 0, 0, 0, 1, 0, 0, 0.223955, 0.463815, 0.510364, 0.531686, 0.535573, 0.501837, 0.475148, 0.489765, 0.513679, 0.475087, 0.476887, 0.483092]]
320,[[ 0, 1, 0, 0, 0, 0, 0, 0, 0, 0, 0.20021, 0.146126, 0.505703, 0.502357, 0.506598, 0.500196, 0.469759, 0.495463, 0.50752, 0.508664, 0.507465, 0.49241],
[ 0, 0, 0, 0, 0, 1, 0, 0, 0, 0, 0.271971, 0.290439, 0.454121, 0.471276, 0.392787, 0.468333, 0.511475, 0.479965, 0.476198, 0.485325, 0.499891, 0.488385],
[ 0, 0, 0, 0, 1, 0, 0, 0, 0, 0, 0.338988, 0.754602, 0.493242, 0.513023, 0.472834, 0.351056, 0.492567, 0.574189, 0.515676, 0.508024, 0.542792, 0.572247],
[ 0, 0, 1, 0, 0, 0, 0, 0, 0, 0, 0.0759556, 0.147787, 0.509183, 0.497622, 0.497966, 0.497376, 0.476028, 0.50229, 0.501689, 0.51018, 0.504705, 0.497196],
[ 0, 0, 0, 0, 0, 0, 0, 0, 0, 1, 0.742455, 0.321471, 0.602202, 0.444417, 0.428369, 0.550822, 0.545599, 0.464785, 0.539937, 0.475268, 0.490601, 0.499831],
[ 0, 0, 0, 0, 0, 0, 0, 0, 0, 1, 0.357592, 0.749623, 0.571508, 0.516385, 0.51192, 0.543379, 0.586876, 0.487187, 0.525512, 0.552502, 0.515538, 0.530673],
[ 0, 0, 0, 0, 0, 0, 0, 1, 0, 0, 0.731764, 0.949361, 0.462737, 0.580415, 0.669158, 0.371747, 0.343226, 0.395609, 0.616868, 0.463273, 0.529001, 0.435081],
[ 0, 0, 0, 0, 0, 0, 0, 1, 0, 0, 0.552203, 0.942954, 0.541319, 0.570003, 0.630225, 0.228622, 0.263941, 0.515321, 0.757545, 0.518868, 0.507997, 0.509749],
[ 0, 0, 0, 0, 0, 0, 0, 1, 0, 0, 0.250642, 0.516925, 0.542636, 0.515217, 0.521372, 0.526841, 0.523742, 0.536142, 0.530532, 0.458722, 0.409578, 0.539154],
[ 0, 0, 1, 0, 0, 0, 0, 0, 0, 0, 0.176279, 0.154038, 0.510954, 0.520566, 0.50363, 0.467521, 0.491552, 0.512607, 0.512184, 0.509181, 0.497774, 0.495302]]
330,[[ 0, 0, 1, 0, 0, 0, 0, 0, 0, 0, 0.398261, 0.50519, 0.487573, 0.394478, 0.445841, 0.506959, 0.515875, 0.483903, 0.440274, 0.391145, 0.442035, 0.491312],
[ 0, 0, 0, 0, 0, 0, 0, 0, 1, 0, 0.322943, 0.134933, 0.471609, 0.499931, 0.468024, 0.457838, 0.509772, 0.526077, 0.499471, 0.505246, 0.5116, 0.511075],
[ 0, 0, 0, 0, 0, 0, 0, 0, 1, 0, 0.922491, 0.511637, 0.407622, 0.802177, 0.245994, 0.460055, 0.482919, 0.601297, 0.376406, 0.49156, 0.492418, 0.419037],
[ 0, 0, 1, 0, 0, 0, 0, 0, 0, 0, 0.0809998, 0.155543, 0.511037, 0.498183, 0.498136, 0.50051, 0.506455, 0.514778, 0.498906, 0.505957, 0.500952, 0.498731],
[ 0, 1, 0, 0, 0, 0, 0, 0, 0, 0, 0.77388, 0.267358, 0.437852, 0.532412, 0.536567, 0.511403, 0.51896, 0.486138, 0.446456, 0.444456, 0.581995, 0.466537],
[ 0, 0, 0, 0, 1, 0, 0, 0, 0, 0, 0.960156, 0.380022, 0.333084, 0.554612, 0.499145, 0.460031, 0.499829, 0.700965, 0.360721, 0.413209, 0.526838, 0.659681],
[ 1, 0, 0, 0, 0, 0, 0, 0, 0, 0, 0.45656, 0.214095, 0.52399, 0.504934, 0.532283, 0.554981, 0.511849, 0.518207, 0.529994, 0.521607, 0.512599, 0.549659],
[ 0, 1, 0, 0, 0, 0, 0, 0, 0, 0, 0.985575, 0.340422, 0.455594, 0.517212, 0.641778, 0.491034, 0.483314, 0.509776, 0.491294, 0.476761, 0.72457, 0.355616],
[ 0, 0, 1, 0, 0, 0, 0, 0, 0, 0, 0.285015, 0.447643, 0.500698, 0.507451, 0.488425, 0.493693, 0.495934, 0.492938, 0.498642, 0.511423, 0.487207, 0.458856],
[ 0, 0, 0, 0, 1, 0, 0, 0, 0, 0, 0.776523, 0.301825, 0.447363, 0.578742, 0.506333, 0.488186, 0.529843, 0.636753, 0.462217, 0.45499, 0.580007, 0.563987]]
340,[[ 0, 0, 0, 0, 0, 0, 0, 1, 0, 0, 0.240228, 0.221351, 0.457898, 0.46294, 0.426787, 0.460189, 0.490862, 0.485771, 0.489857, 0.476011, 0.480181, 0.490288],
[ 0, 0, 0, 0, 1, 0, 0, 0, 0, 0, 0.308726, 0.184221, 0.511576, 0.509268, 0.513432, 0.516993, 0.525247, 0.520685, 0.505957, 0.501999, 0.499134, 0.44563],
[ 0, 0, 0, 0, 0, 0, 0, 0, 0, 1, 0.802387, 0.938477, 0.768795, 0.302638, 0.336272, 0.37139, 0.701064, 0.504632, 0.638719, 0.549544, 0.504646, 0.508516],
[ 0, 0, 0, 0, 0, 0, 0, 0, 1, 0, 0.517266, 0.888687, 0.484376, 0.456842, 0.418339, 0.469162, 0.635276, 0.706033, 0.490601, 0.48095, 0.519077, 0.52121],
[ 0, 0, 0, 0, 0, 1, 0, 0, 0, 0, 0.599777, 0.230266, 0.463175, 0.493016, 0.484704, 0.50231, 0.591926, 0.454793, 0.434017, 0.493696, 0.488787, 0.483545],
[ 0, 0, 0, 0, 0, 0, 0, 1, 0, 0, 0.0755766, 0.198078, 0.46391, 0.505938, 0.510609, 0.467132, 0.502942, 0.524279, 0.505903, 0.476557, 0.516712, 0.532833],
[ 0, 0, 0, 0, 0, 0, 0, 1, 0, 0, 0.0779638, 0.154386, 0.508157, 0.501591, 0.508941, 0.501338, 0.470957, 0.496458, 0.498339, 0.510209, 0.510512, 0.507326],
[ 0, 0, 0, 0, 0, 0, 0, 1, 0, 0, 0.237491, 0.207147, 0.468561, 0.469963, 0.489557, 0.48057, 0.471723, 0.474398, 0.430047, 0.462946, 0.469916, 0.475037],
[ 0, 0, 0, 0, 1, 0, 0, 0, 0, 0, 0.128303, 0.160137, 0.505369, 0.495456, 0.503847, 0.517003, 0.499211, 0.510225, 0.513354, 0.499718, 0.501402, 0.506522],
[ 0, 0, 0, 1, 0, 0, 0, 0, 0, 0, 0.11443, 0.160137, 0.499064, 0.496097, 0.476319, 0.505312, 0.525306, 0.497084, 0.478766, 0.495718, 0.512986, 0.519661]]
350,[[ 0, 0, 0, 0, 1, 0, 0, 0, 0, 0, 0.709785, 0.198424, 0.474362, 0.549075, 0.467204, 0.444083, 0.485004, 0.595483, 0.483882, 0.457727, 0.549588, 0.525294],
[ 0, 0, 0, 0, 0, 1, 0, 0, 0, 0, 0.359168, 0.75576, 0.536662, 0.552327, 0.534763, 0.54158, 0.578641, 0.520044, 0.460558, 0.349557, 0.555475, 0.513297],
[ 0, 0, 0, 0, 0, 1, 0, 0, 0, 0, 0.190259, 0.150102, 0.495921, 0.506329, 0.472651, 0.50217, 0.516001, 0.501931, 0.500927, 0.513468, 0.506758, 0.488921],
[ 0, 0, 0, 0, 0, 0, 0, 0, 1, 0, 0.560986, 0.776873, 0.556555, 0.636658, 0.445492, 0.407696, 0.608058, 0.680695, 0.426728, 0.466625, 0.543299, 0.509811],
[ 0, 0, 0, 0, 0, 0, 0, 0, 0, 1, 0.649045, 0.944613, 0.564736, 0.372356, 0.279365, 0.449485, 0.48294, 0.343574, 0.250743, 0.344891, 0.396876, 0.379883],
[ 0, 0, 0, 0, 0, 0, 0, 0, 1, 0, 0.0690423, 0.196919, 0.50695, 0.512474, 0.510206, 0.51056, 0.517881, 0.50577, 0.511697, 0.520002, 0.508895, 0.512974],
[ 0, 1, 0, 0, 0, 0, 0, 0, 0, 0, 0.338624, 0.70709, 0.516751, 0.545704, 0.577381, 0.499164, 0.53695, 0.546988, 0.53817, 0.52997, 0.562627, 0.447676],
[ 1, 0, 0, 0, 0, 0, 0, 0, 0, 0, 0.190359, 0.196765, 0.487198, 0.465636, 0.499298, 0.517043, 0.51178, 0.51139, 0.523904, 0.528124, 0.513601, 0.465051],
[ 0, 0, 0, 0, 1, 0, 0, 0, 0, 0, 0.552268, 0.976919, 0.420173, 0.474988, 0.570716, 0.466365, 0.342034, 0.606904, 0.421586, 0.408642, 0.659469, 0.750631],
[ 0, 0, 0, 0, 0, 0, 0, 0, 1, 0, 0.147968, 0.301169, 0.503941, 0.526124, 0.516202, 0.518812, 0.513139, 0.522808, 0.508143, 0.511468, 0.511677, 0.513572]]
360,[[ 0, 0, 0, 0, 1, 0, 0, 0, 0, 0, 0.30258, 0.181945, 0.497719, 0.517516, 0.517525, 0.509239, 0.51574, 0.517436, 0.514709, 0.509382, 0.514736, 0.505404],
[ 0, 0, 1, 0, 0, 0, 0, 0, 0, 0, 0.671182, 0.940793, 0.659784, 0.593268, 0.37747, 0.569397, 0.542822, 0.458352, 0.599151, 0.740962, 0.334367, 0.370097],
[ 0, 0, 0, 1, 0, 0, 0, 0, 0, 0, 0.963669, 0.25879, 0.621483, 0.427, 0.478251, 0.452694, 0.463595, 0.496764, 0.622382, 0.439092, 0.43327, 0.500243],
[ 0, 0, 0, 0, 1, 0, 0, 0, 0, 0, 0.0451194, 0.207649, 0.465192, 0.495865, 0.502185, 0.50053, 0.460167, 0.501323, 0.508621, 0.504372, 0.511381, 0.511957],
[ 1, 0, 0, 0, 0, 0, 0, 0, 0, 0, 0.816381, 0.518545, 0.420167, 0.385731, 0.39731, 0.356877, 0.488257, 0.411717, 0.629771, 0.461907, 0.633644, 0.717525],
[ 0, 0, 0, 0, 0, 0, 0, 1, 0, 0, 0.310224, 0.12567, 0.479631, 0.464455, 0.503182, 0.495617, 0.488813, 0.497573, 0.496131, 0.487259, 0.487843, 0.501724],
[ 0, 1, 0, 0, 0, 0, 0, 0, 0, 0, 0.505, 0.608938, 0.326418, 0.485597, 0.607848, 0.498482, 0.478556, 0.493147, 0.491123, 0.520976, 0.554153, 0.469534],
[ 0, 0, 0, 0, 0, 0, 0, 1, 0, 0, 0.651155, 0.473387, 0.481988, 0.54883, 0.66319, 0.447145, 0.427625, 0.650591, 0.61339, 0.387296, 0.563085, 0.569188],
[ 0, 0, 0, 1, 0, 0, 0, 0, 0, 0, 0.63341, 0.953336, 0.676403, 0.408036, 0.53826, 0.588581, 0.450778, 0.544008, 0.719878, 0.388373, 0.344538, 0.667237],
[ 1, 0, 0, 0, 0, 0, 0, 0, 0, 0, 0.217388, 0.140375, 0.488024, 0.50053, 0.505158, 0.478167, 0.490256, 0.504303, 0.508153, 0.517357, 0.511131, 0.506996]]
370,[[ 1, 0, 0, 0, 0, 0, 0, 0, 0, 0, 0.194339, 0.194449, 0.47841, 0.490222, 0.487298, 0.494268, 0.479085, 0.494119, 0.511468, 0.4985, 0.502774, 0.500677],
[ 0, 0, 0, 0, 0, 0, 0, 0, 1, 0, 0.707096, 0.187386, 0.491344, 0.590214, 0.4732, 0.434402, 0.482607, 0.522032, 0.493528, 0.541186, 0.494017, 0.492078],
[ 0, 0, 0, 0, 0, 0, 0, 0, 1, 0, 0.188144, 0.433285, 0.417644, 0.535674, 0.520027, 0.516852, 0.541587, 0.53833, 0.509219, 0.499464, 0.495133, 0.499892],
[ 1, 0, 0, 0, 0, 0, 0, 0, 0, 0, 0.317182, 0.589641, 0.506017, 0.463967, 0.378398, 0.524765, 0.503301, 0.525841, 0.519709, 0.468991, 0.381242, 0.520302],
[ 0, 0, 0, 0, 0, 0, 0, 0, 0, 1, 0.311472, 0.178123, 0.509565, 0.502762, 0.500502, 0.511978, 0.513245, 0.496295, 0.487374, 0.443671, 0.448679, 0.507365],
[ 0, 0, 0, 0, 0, 0, 0, 0, 1, 0, 0.347204, 0.126327, 0.512698, 0.49757, 0.47144, 0.490537, 0.516913, 0.52185, 0.495275, 0.50544, 0.513923, 0.506732],
[ 0, 0, 0, 0, 1, 0, 0, 0, 0, 0, 0.885388, 0.52171, 0.416493, 0.537196, 0.456031, 0.472832, 0.439511, 0.612947, 0.298754, 0.439581, 0.555275, 0.675096],
[ 0, 0, 0, 0, 1, 0, 0, 0, 0, 0, 0.0835787, 0.165772, 0.496168, 0.510333, 0.506657, 0.512359, 0.499713, 0.513771, 0.500065, 0.50133, 0.505978, 0.508988],
[ 0, 0, 0, 0, 0, 0, 0, 1, 0, 0, 0.080296, 0.153575, 0.503053, 0.49571, 0.50437, 0.492331, 0.500941, 0.506235, 0.498323, 0.500039, 0.503846, 0.504576],
[ 0, 0, 0, 0, 1, 0, 0, 0, 0, 0, 0.308172, 0.177814, 0.505776, 0.509487, 0.507418, 0.506139, 0.520053, 0.513531, 0.497308, 0.503338, 0.513724, 0.503915]]
380,[[ 0, 0, 0, 0, 0, 0, 1, 0, 0, 0, 0.715215, 0.509012, 0.506412, 0.419583, 0.360124, 0.374164, 0.412158, 0.32836, 0.679918, 0.595955, 0.444433, 0.609316],
[ 0, 1, 0, 0, 0, 0, 0, 0, 0, 0, 0.344105, 0.124705, 0.502325, 0.503716, 0.507179, 0.467672, 0.495747, 0.51638, 0.505812, 0.5124, 0.512446, 0.500627],
[ 1, 0, 0, 0, 0, 0, 0, 0, 0, 0, 0.16958, 0.147285, 0.491826, 0.501029, 0.492137, 0.511632, 0.509871, 0.506934, 0.50194, 0.5041, 0.476036, 0.4961],
[ 0, 0, 0, 0, 0, 1, 0, 0, 0, 0, 0.950981, 0.858156, 0.421081, 0.458668, 0.401285, 0.436703, 0.755111, 0.246381, 0.26099, 0.505748, 0.519076, 0.268004],
[ 0, 0, 0, 0, 0, 0, 0, 0, 0, 1, 0.203537, 0.143, 0.509607, 0.497379, 0.502135, 0.514957, 0.502369, 0.468475, 0.479238, 0.50324, 0.499729, 0.503397],
[ 0, 0, 0, 0, 1, 0, 0, 0, 0, 0, 0.255818, 0.382994, 0.587695, 0.592515, 0.577212, 0.574685, 0.582592, 0.581092, 0.562047, 0.554449, 0.569878, 0.58551],
[ 0, 0, 0, 0, 0, 0, 0, 0, 1, 0, 0.582771, 0.166428, 0.494688, 0.520605, 0.519752, 0.467114, 0.514468, 0.487011, 0.488058, 0.506837, 0.490274, 0.468622],
[ 0, 0, 0, 1, 0, 0, 0, 0, 0, 0, 0.0693942, 0.176811, 0.498198, 0.516191, 0.507871, 0.505292, 0.511935, 0.50233, 0.502245, 0.461628, 0.494277, 0.522943],
[ 0, 0, 0, 0, 0, 1, 0, 0, 0, 0, 0.315884, 0.11907, 0.497792, 0.504346, 0.496995, 0.498132, 0.50558, 0.499219, 0.483993, 0.476258, 0.502179, 0.461656],
[ 0, 0, 0, 0, 0, 0, 0, 0, 0, 1, 0.163951, 0.150912, 0.515343, 0.499119, 0.493449, 0.496286, 0.508825, 0.50606, 0.508037, 0.517658, 0.512577, 0.489685]]
