1.0131
0.93189
0.96496
1.0438
0.91667
0.99943
0.90538
1.0166
1.0707
1.1214
1.0478
1.0047
1.0663
1.0174
1.1528
0.96629
0.99554
0.99762
0.95936
1.0481
0.83954
0.94481
1.0003
1.1074
0.96935
0.97375
1.0471
0.99219
1.1466
1.0272
0.98209
0.98101
1.0283
0.84808
0.94137
0.95292
1.0414
0.92307
0.98701
1.0094
0.99099
0.95101
0.8727
1.0469
0.93389
0.88437
1.0141
0.93872
1.1477
0.91607
0.81144
0.94396
1.0809
0.95207
0.91944
1.004
0.92316
0.97867
1.0308
1.028
0.99937
1.0736
1.0077
0.94115
1.0517
1.0128
0.99163
1.0824
1.0944
0.97677
1.1284
0.9995
1.144
1.0272
1.1324
1.0405
0.9892
0.92775
0.9682
1.1199
0.99951
1.072
1.0297
1.2929
1.008
0.89578
1.018
0.99074
0.83551
1.0185
0.93057
1.0101
1.0615
0.88714
0.93774
0.97226
1.0882
0.97509
0.96267
1.1822
0.9682
0.91054
0.92042
0.95305
1.064
0.87066
1.1287
0.90305
0.94569
0.90166
1.3298
1.1612
0.96944
1.0587
0.88707
1.0189
0.92013
0.90981
1.0729
1.1421
0.97688
0.9091
1.0496
0.99776
1.206
0.95242
1.0297
1.0263
0.90374
0.83536
1.0088
1.0419
0.9861
1.0545
0.89734
0.97803
1.1095
0.86533
0.98454
0.9215
0.86434
1.0824
1.0259
1.1203
0.91611
1.0343
1.1057
0.9268
0.87169
1.0296
1.1721
0.91643
1.1467
1.0205
1.1127
1.0845
0.97394
1.0717
0.95215
1.0447
0.89813
0.8207
1.121
1.0599
0.97589
0.93082
1.0109
0.93717
1.0107
1.0223
1.1511
1.0653
1.0046
1.1991
0.92374
0.9527
0.93383
0.96475
1.0214
1.1623
1.0059
1.0927
1.2153
0.89393
1.0087
0.92835
0.8459
0.98907
0.95436
0.93885
1.0499
0.9069
0.95171
0.96244
0.94446
1.2045
0.83207
1.0013
0.93661
1.0125
0.88339
1.0986
1.044
0.97167
0.88943
1.1647
0.94309
1.042
0.90916
0.93444
0.92432
1.0586
0.96907
0.95522
0.85602
1.0823
1.0712
0.87595
0.99477
1.0674
0.94293
1.0484
1.0111
0.95071
0.97492
0.9494
1.175
0.98941
1.0466
1.0566
1.0943
0.90937
0.92192
1.0754
0.94932
1.017
1.1515
1.0645
0.89159
1.0733
0.97341
1.0868
1.0129
1.0399
0.94376
1.0471
1.0006
0.963
0.87994
1.1793
1.0923
1.0722
1.098
0.92545
1.025
0.95729
0.9171
1.1253
0.98949
0.9992
1.0074
1.0433
1.0237
1.0561
0.97055
0.96831
0.92017
0.97607
0.85987
0.82208
1.1324
0.91464
1.0232
0.93181
1.1329
1.1148
1.1859
1.0155
0.99669
0.97154
1.2958
0.89583
0.9507
1.1448
1.0034
1.0649
1.0133
1.0701
1.0845
0.98896
0.82467
1.048
1.0619
1.0833
1.0469
0.84936
1.0219
1.0413
0.98639
0.98741
1.0313
0.9825
0.95712
0.87721
0.87444
0.98459
1.1104
0.85293
1.0636
1.0054
1.0233
0.98365
1.0803
0.97075
1.0118
0.98778
0.88584
0.9326
0.9629
0.77378
0.94284
1.0225
1.0697
1.0177
1.0866
0.92723
1.0586
0.85971
0.98882
1.0075
0.99822
1.1576
0.95091
1.0976
0.96124
1.1227
1.1236
1.0337
0.91508
1.0344
0.95445
1.0166
0.86765
1.1556
1.287
1.0977
0.98337
1.1103
1.079
0.92356
1.1009
1.0204
1.1349
1.0276
0.85406
1.0268
0.96854
1.009
0.99608
1.0306
0.98728
1.0174
1.0958
0.97755
1.0004
0.84901
0.86043
0.9114
1.028
0.90649
0.9832
0.94121
0.9756
1.187
0.81491
0.82731
1.2047
0.9382
0.98438
0.91623
1.0376
1.1776
1.0171
0.9869
0.99394
1.1043
0.91518
0.95865
1.0377
1.0027
1.1309
1.0496
0.95307
1.0203
1.1052
0.94297
1.0153
1.0311
0.81823
1.1065
1.0721
0.91842
1.0312
0.98237
1.0372
0.98508
1.0437
1.1122
0.97028
1.0173
0.94901
0.95578
1.1012
1.0562
0.88266
0.90695
1.144
0.84412
1.0911
1.1542
0.91515
1.216
0.98439
0.81422
1.053
0.99531
0.97157
0.88432
1.0281
0.93833
0.95934
0.8945
1.0613
1.1903
1.0442
0.97636
1.0906
1.1361
0.99827
0.9862
1.0175
0.99001
0.92133
1.0827
1.0059
0.92969
0.93238
0.80269
0.97654
0.97939
1.0022
1.1437
1.0124
0.82402
0.92877
0.96911
0.80727
1.1878
0.99219
1.0254
1.0204
0.9658
0.9962
0.90998
0.9202
0.77568
1.0389
0.91111
0.91454
1.0566
0.97704
1.0621
0.93941
1.1014
1.0534
1.0638
0.9905
0.92692
0.92972
0.99293
0.93227
1.0079
0.99812
1.1572
0.91277
0.92744
1.0373
0.89937
0.99899
0.98737
0.89629
1.1958
0.9779
1.0974
1.0123
0.9036
1.0132
1.118
1.2066
0.98608
1.0072
1.0068
0.96792
0.93604
1.1278
1.0544
1.0623
0.90609
0.97993
1.1564
1.0545
0.91751
1.0505
1.1902
0.96294
0.91206
0.83508
1.0149
1.0941
1.0191
1.0096
1.0083
0.86958
1.0187
0.94481
1.019
0.95845
1.049
1.1387
1.0817
1.0424
0.95271
1.0467
1.0622
1.0201
1.1226
0.93225
1.0296
0.94307
1.1207
0.95279
1.0933
1.0388
1.0474
0.92469
0.93146
1.062
1.0738
0.96958
0.946
1.1616
1.0394
0.96306
0.97921
1.0162
1.0227
1.1136
0.82716
0.97434
0.96901
0.98678
0.95987
0.95654
1.1643
0.99926
1.2085
0.96278
1.0625
0.85134
0.96189
1.1574
1.0837
0.96582
1.1362
1.0747
0.97724
0.95549
0.93065
1.071
0.98635
0.8907
0.91228
0.97385
0.98862
0.93118
1.2269
0.95692
1.1187
0.91373
0.94883
0.91007
0.84445
1.0906
0.97281
0.87399
1.0431
0.80428
1.0567
1.1114
0.96825
0.98359
1.0087
0.94791
1.0188
0.96982
0.96579
0.86455
1.1546
1.1893
1.0333
1.036
1.0634
0.94578
0.99237
1.0199
1.0158
1.0178
1.0882
0.97845
0.9291
0.94058
0.98575
1.216
1.0033
1.1305
0.93726
1.1213
0.89061
1.0375
1.2023
0.96119
1.06
1.0149
1.1474
1.0534
1.0555
1.0803
0.93578
1.0083
0.98385
1.0501
1.0501
0.96996
1.0567
0.88662
0.96618
1.0169
1.0399
0.85214
1.0256
1.0712
1.0399
0.97579
1.1572
0.88752
0.78813
1.0578
1.0028
1.0488
1.1748
0.91267
0.89695
1.0725
1.0613
1.0606
0.8852
0.91661
1.0981
0.96863
1.0158
0.83689
1.052
0.86628
0.94752
0.96807
0.97956
0.98777
1.036
1.1122
1.1677
1.0172
1.0461
0.99013
0.97253
1.0917
1.1064
0.98801
0.87571
1.0027
0.98536
0.96349
1.1226
0.94657
1.0387
0.90641
1.025
1.0293
1.0425
0.89859
1.0626
1.0332
1.1824
0.863
0.89185
0.98843
0.97845
1.03
0.93243
1.1333
0.98187
0.91655
0.95909
1.0805
0.96245
0.82808
0.93057
0.99929
0.99315
0.83857
1.0502
1.0201
1.1362
0.96471
0.9899
1.0294
0.96313
1.0352
1.0357
1.0512
0.95504
0.98329
1.0838
1.2372
0.94819
1.1401
1.0626
1.0116
1.0843
1.0323
0.84381
1.052
0.99101
1.0327
0.92775
0.95326
0.90905
0.91623
1.0922
1.1405
1.0829
1.034
0.97496
0.98771
0.94318
0.86697
0.99298
0.91612
0.90708
0.91324
1.0082
0.91145
0.92906
0.87009
0.9509
1.0374
0.87131
1.0354
1.0264
1.0317
0.91177
0.82476
1.2451
0.97748
0.85514
0.93915
1.1614
1.0343
0.99486
1.1516
0.89651
1.0382
1.0752
0.91941
0.95999
0.98798
1.2066
1.1965
1.1143
1.1255
0.95655
0.99508
0.93985
0.96444
0.97651
1.1552
1.1168
0.9429
1.056
1.0209
0.82289
0.94054
0.92791
0.93821
1.1475
1.0326
0.99961
0.96175
1.1035
0.91558
0.96381
1.0726
0.89622
0.96211
1.1755
0.95151
1.0764
0.96246
0.85619
1.0706
1.0677
0.94557
1.0133
0.88862
1.1199
0.98934
0.86688
0.87238
0.91896
0.94939
1.0147
0.93999
1.0567
1.107
1.2806
1.0284
0.92313
0.95987
1.0075
1.088
1.0317
0.9363
0.95494
1.0483
1.0714
0.86659
0.97428
1.0777
0.93367
1.064
1.0731
1.098
0.89631
0.83318
0.99615
0.93509
0.86879
0.94751
1.0242
1.0017
1.0018
0.9928
1.0815
1.0647
1.0418
0.91911
0.91548
0.97018
1.0572
0.88533
0.99087
1.0638
0.8821
0.97483
0.90219
1.1173
1.2451
1.0611
1.0028
0.81867
0.99551
0.84097
0.96351
0.95807
0.9652
1.2632
1.0024
0.8613
1.1297
0.99381
1.1381
1.0613
1.1258
1.0219
0.99783
0.96325
1.0341
1.0046
1.0514
1.079
1.068
0.93565
0.95322
1.0295
0.96512
0.98024
1.0208
1.0806
0.89321
1.0259
1.0374
1.0427
1.0067
0.90968
0.93315
1.0339
0.89181
1.0567
0.93974
0.92259
1.0023
1.0914
0.99589
0.94368
0.95229
0.9347
0.99205
0.96362
1.1578
1.1005
0.99885
0.96916
1.0468
0.98426
0.86117
0.90493
1.0222
1.0147
1.095
0.98237
1.0363
1.1704
0.99345
1.0426
1.0441
0.92408
1.0056
1.0734
1.0674
0.88406
0.89192
0.93284
0.90206
0.89986
1.1122
1.1664
0.82764
1.049
1.0304
0.803
0.8712
0.91158
1.0467
1.099
1.035
1.0083
1.0667
0.96835
1.0029
0.96858
0.98274
0.95805
0.89776
0.97949
0.97831
0.93194
0.89829
1.0085
1.0247
1.0078
1.0532
0.88536
0.96665
1.1129
1.0027
1.0148
1.1486
1.0499
1.1341
0.9485
0.93533
0.91694
1.0055
0.91089
1.0254
0.91734
1.065
1.0516
1.1043
1.0331
0.94895
