1.0561 1.012 1.0198
1.1886 1.0611 1.0858
0.9839 1.1546 1.0827
1.0098 0.85135 0.93494
1.0448 0.99828 0.99925
0.96252 1.0076 0.94277
0.86655 0.98803 0.95058
0.83721 0.87148 0.91493
1.0964 0.83925 1.0544
0.99125 1.124 1.143
1.1635 0.98264 1.0651
0.76663 1.0038 0.95676
1.0843 1.0072 1.0001
1.1276 0.96461 1.0897
0.9787 0.92205 0.94092
0.96689 0.99644 1.0338
0.85053 0.87946 0.96955
1.0525 0.97727 1.0087
0.91911 0.93809 0.89036
0.92077 0.99286 1.0315
1.2204 1.0773 1.2231
1.0097 1.014 1.0207
1.0518 1.1658 0.9271
1.0536 1.194 1.0056
1.0224 1.0683 1.0128
1.1594 0.97137 0.94676
0.83497 1.054 0.98303
1.1063 0.94635 1.1106
0.93851 0.93934 1.0729
0.9887 0.94052 0.92547
0.98254 1.0595 1.1345
0.9147 1.0365 0.91688
1.138 1.0041 1.0336
0.98758 1.021 1.0628
1.0218 0.95332 0.98664
1.0009 1.0304 1.0913
0.89479 0.93394 0.88967
1.0116 1.0132 1.087
1.0628 0.94015 0.97029
0.95699 1.1274 1.0706
1.0567 0.91223 1.1616
0.98322 1.1378 0.92319
1.0054 1.1379 0.95063
0.8485 1.0277 0.85837
1.123 1.0929 1.0189
1.1265 1.0271 1.0558
1.1023 1.0274 1.0718
0.92994 1.0094 1.1147
0.97664 0.97604 1.109
1.0765 0.97054 0.92242
1.0885 0.92042 1.0257
1.0976 1.0568 1.0363
0.99974 0.92547 1.0421
0.92335 0.83572 0.96955
0.95678 1.0478 1.006
0.95079 1.1755 1.0105
1.0017 1.0313 1.0766
1.1561 0.9521 0.9983
0.9803 0.98126 1.0667
1.0862 1.1383 1.0257
0.99769 1.027 0.9926
1.098 0.97732 1.1031
1.0376 0.99983 1.0413
0.97762 0.98075 1.0438
1.1693 1.1059 1.2298
1.0572 1.0289 1.067
0.93829 0.89193 1.0065
0.88496 1.0127 1.0333
1.0128 1.096 0.89869
0.9412 0.9924 0.99808
0.97865 1.0637 0.93552
0.94982 0.98032 1.1116
1.0575 0.94753 1.1297
0.98112 0.9078 0.96342
1.0203 0.90584 1.0166
0.98206 0.95776 0.96605
1.0124 0.98018 1.0778
1.0214 0.9335 1.0359
1.1659 1.1044 1.0673
0.88153 0.97499 1.0128
0.98438 0.90646 0.93479
0.98098 0.9855 1.0673
0.94739 0.93522 0.95676
1.028 0.99946 0.98319
1.0484 1.0045 1.1537
1.0566 1.092 1.1392
1.0004 1.0762 1.0383
1.0002 1.0458 1.0775
0.97153 1.0352 0.97029
1.1194 1.0447 1.0394
0.90975 0.84815 0.91801
0.93968 1.2343 0.92975
0.97097 1.0342 1.1282
1.1809 1.2345 0.93815
0.97834 0.95006 0.91732
0.93555 1.1105 1.1004
1.0223 0.99639 0.92783
0.99776 0.91414 0.90948
0.99069 1.021 1.027
0.94147 1.0098 0.92595
1.0911 1.0871 1.0376
1.0007 1.1663 1.0803
0.99334 0.99319 0.94873
0.98172 1.1467 0.97138
1.0034 1.1004 1.0662
0.79876 0.95226 0.89228
0.93887 0.83189 0.91082
0.94846 0.92783 1.0515
1.1615 0.96052 0.95541
1.0758 0.93183 0.88792
0.89528 1.0327 0.97035
1.1395 1.0156 1.0162
0.99008 0.93649 0.92406
1.0194 0.97943 0.94436
0.93508 1.098 1.0603
1.0255 0.88401 0.93561
1.1674 1.132 0.92097
1.0313 1.1288 0.92341
0.87144 1.0138 0.95756
1.0441 1.0794 1.0166
1.0988 0.97111 0.9587
0.97138 0.9437 1.0398
1.0355 0.93685 1.0661
0.84873 1.0941 0.9195
0.98681 0.93362 0.96537
0.8611 0.95953 0.96714
1.056 1.1873 0.94732
0.96407 1.0587 0.93918
1.0254 0.88863 0.97787
0.8744 0.94683 1.0073
1.0212 0.93457 1.0197
1.004 1.0819 1.0872
0.95073 0.95378 0.91332
0.94426 0.99271 1.0467
1.0354 0.87454 0.95594
0.99994 1.0617 1.1304
1.0417 0.90607 0.97572
1.0025 1.088 1.0684
0.96329 1.0712 1.0017
1.1265 0.96441 1.084
0.98752 1.148 1.0519
0.98687 0.89311 1.0331
1.0655 0.95546 0.97889
0.83765 0.9807 0.87236
0.8237 0.98269 0.99336
1.0505 1.0669 0.93779
0.9548 0.98155 0.96615
1.0873 1.0341 0.95181
0.91362 0.91908 0.99758
0.76984 0.97096 0.91243
1.0745 1.078 0.97604
0.95054 0.99713 1.0322
0.90966 1.0231 0.96931
0.86785 0.96954 0.99983
0.98791 0.95586 0.93408
0.9036 1.0361 0.9908
1.0837 0.93073 0.96943
0.96939 1.0222 1.0351
1.0184 0.96549 0.8778
0.97565 0.95642 1.0104
0.9257 0.86636 1.0375
1.067 1.0877 0.90816
1.076 0.87396 1.0944
1.0882 1.1076 0.94356
0.92993 0.99664 1.0208
0.95978 1.007 1.0156
0.92983 1.0968 1.0991
0.88068 0.96988 1.1528
1.0962 0.98643 1.031
0.9493 0.85611 1.0329
0.93108 0.94983 0.91681
1.0655 1.1243 0.93141
0.97754 0.99137 0.9257
0.9863 0.88036 0.95455
0.9501 1.01 1.0266
0.93446 1.037 1.0062
1.0273 1.0707 0.99278
0.96373 1.0683 0.97461
1.0287 1.0041 1.0004
0.90374 1.05 0.9312
0.9596 0.88385 0.96308
0.94961 1.0417 1.0507
1.1292 0.92252 1.0972
1.0195 1.0936 0.98416
1.0405 0.95165 0.992
1.0644 0.88159 0.97952
1.0397 0.98445 0.98546
0.9675 0.97406 1.1851
1.0503 0.98957 0.98735
0.91187 0.94597 1.0527
1.2047 0.97023 0.90319
1.0579 1.0043 1.0495
1.0862 0.95745 1.0858
0.97898 1.0085 0.95119
1.0959 0.92451 0.9189
1.0873 0.98936 1.0533
0.95551 1.142 0.88301
0.99765 0.91813 0.90067
0.84394 0.92766 0.93102
1.0469 1.0341 0.99828
1.1106 0.9728 0.89572
0.95088 1.0039 1.0029
0.93583 1.0439 1.0451
0.96415 0.99458 0.96689
1.2525 1.0979 1.0587
0.961 0.99039 1.1026
1.1292 0.93229 0.93784
0.97014 0.90604 0.95639
0.97326 0.99867 1.0685
0.9887 0.91349 1.0165
0.99992 1.0141 1.0322
1.0091 0.96358 0.94289
0.99562 0.86286 0.94234
0.96638 0.93872 1.0965
0.99918 1.0452 1.0205
1.128 0.96848 1.0759
0.88353 0.98864 0.97936
0.99396 0.93938 0.929
0.98461 0.95107 0.98342
0.94566 1.0386 1.0716
1.0249 1.0035 1.0595
1.0389 1.1215 0.96895
0.86374 0.98196 0.93469
1.0877 0.95688 1.1006
0.85211 1.0293 1.0032
0.91456 0.93585 1.1307
0.98756 1.0083 1.1564
0.94978 0.97447 0.92725
1.1323 1.0219 0.90746
1.0215 1.0826 1.0129
0.91859 1.0722 0.9474
0.94662 1.0127 0.92152
1.038 1.1424 1.0914
0.89559 0.9909 1.0043
1.0768 1.0015 1.0059
0.89992 1.0209 1.0589
0.98465 1.0209 0.93575
1.0145 1.103 0.97865
0.99698 0.89265 0.99429
1.0204 0.94004 1.0529
1.0022 1.0421 0.96424
1.0647 1.0336 0.91333
1.0055 1.0879 1.0641
0.97704 0.89869 0.97967
1.0567 1.0151 1.0706
1.0062 0.96001 0.9721
0.93164 0.97562 0.87237
1.0032 0.94619 1.1341
0.93889 1.0298 1.0736
1.0919 1.0518 1.0063
1.0003 0.93914 1.058
0.98311 1.0031 1.0435
0.98914 0.88457 0.94436
1.0612 0.94527 1.0127
1.0654 1.0094 0.94082
0.9526 1.0214 0.98237
0.97994 0.96939 1.0276
1.0868 1.0625 0.93615
1.0356 1.2029 0.87819
1.05 1.1124 0.95188
1.0737 0.96061 0.91329
0.93936 1.0513 0.89093
1.1539 1.0202 1.1437
1.026 0.92486 0.93081
1.0446 0.99305 0.92732
1.0472 1.0123 1.0799
1.0742 0.97444 1.0318
0.99609 1.1744 0.90916
0.94754 0.91195 0.99241
0.90621 0.95888 0.98883
0.97715 0.87207 0.91438
1.0703 1.0067 1.1101
1.0197 0.9946 1.0047
1.1971 1.1578 1.0908
0.92634 0.99152 0.91614
1.0358 1.0337 1.0513
0.91345 1.0223 0.86258
1.1745 1.0285 1.204
0.88213 0.97934 1.0528
1.0173 0.91728 0.84534
0.99485 0.99589 1.1908
1.0186 0.99751 0.88934
1.1213 0.93832 1.0636
1.0786 1.0701 0.83325
0.92245 1.009 1.0699
1.0377 1.0203 1.0465
1.0202 1.0731 1.0054
0.87748 0.93944 0.99116
0.89075 0.9487 0.99396
0.90404 1.0258 0.94585
1.066 1.0129 1.0058
0.98223 0.95287 0.98982
1.0409 0.96256 0.90552
1.0518 0.98462 0.98904
1.0079 0.91274 0.99076
0.98805 0.96638 1.0455
1.0192 1.0448 1.0302
0.95383 0.92168 0.92121
1.0314 0.94853 1.0547
0.93853 0.95935 0.99486
1.0654 1.0028 0.98354
1.0063 1.052 0.98508
1.0127 1.0041 0.99883
1.0302 1.0026 1.0353
0.98654 0.99969 0.92065
1.0911 1.032 1.0064
0.81835 0.99807 0.92196
1.0147 0.94356 0.95584
0.9717 1.01 0.92146
0.99139 1.07 1.0776
1.0127 1.0402 0.95259
1.034 1.0925 0.99687
1.1071 0.9882 0.94829
1.0568 1.0401 1.051
1.0025 0.99848 0.92446
1.0486 1.1103 1.0727
0.88243 1.053 1.0237
0.93107 0.90933 0.96488
1.0496 0.9571 1.0789
0.98931 0.98864 0.95399
1.0891 1.0447 1.0179
0.89484 1.0006 1.0786
0.95099 0.93243 0.97403
0.94528 0.96296 0.87718
0.97908 1.0541 0.99663
0.97926 0.96105 0.90979
1.0724 1.0326 1.0418
1.0006 1.1402 0.98023
1.1088 0.95133 1.0271
0.98129 1.0028 0.91981
1.0964 1.0703 0.90919
0.944 1.0272 0.99327
0.95605 0.90147 1.0264
0.90329 1.0136 0.86783
1.0956 0.9467 1.0936
0.94158 1.159 1.0456
0.96385 1.0265 1.0319
1.0026 1.0219 0.9955
1.0347 0.97457 1.0349
0.98642 0.89741 1.0651
1.0347 0.94358 0.99249
1.083 1.037 0.98056
1.0441 1.1219 0.93498
0.96086 0.96214 1.0684
1.102 1.0176 1.0561
0.93536 0.91037 0.90137
1.0202 1.1357 0.93652
1.0426 1.008 0.95167
0.91312 0.93795 1.1864
1.0566 0.9434 0.95923
1.0061 1.0262 1.0452
0.85639 0.83472 0.90241
1.0531 1.0405 1.0193
0.87405 0.96363 1.1131
1.0906 1.0687 1.1967
0.95441 0.95343 1.0793
0.97047 1.0237 1.002
0.96818 0.95815 1.0141
1.0167 1.063 1.0302
1.0961 1.0142 1.0483
0.99215 1.1075 0.93838
1.0072 0.96389 1.0501
0.99652 0.95108 0.96293
1.0495 0.99851 0.99541
1.0955 1.0046 0.93773
0.94677 0.92397 0.99077
0.93934 1.1132 0.85475
1.0527 0.92424 1.0747
1.0629 0.92777 1.1851
0.94166 1.0386 1.0915
0.95973 0.98412 1.0454
1.0468 0.96828 0.91272
1.0289 0.99178 1.1076
0.94309 1.0628 0.935
1.1552 0.97894 1.1477
1.0116 1.0081 1.0536
1.1055 0.98074 0.93306
1.059 0.9412 1.012
0.91969 0.99142 1.0703
1.0653 0.88293 0.96212
1.0115 0.9214 0.99502
0.93745 0.93205 0.94229
0.91176 0.96874 0.95121
1.135 0.92375 1.0127
0.96537 0.98062 1.0537
0.91301 0.93617 0.94035
1.0172 1.1624 0.9745
0.93003 0.98818 1.0766
1.0355 1.0374 0.97168
0.94403 1.0085 0.89075
0.88218 0.94832 1.0165
0.9953 0.9535 1.0091
1.0924 1.0372 1.0612
0.98964 0.99294 0.95406
1.0363 0.98218 1.0306
1.0539 0.96476 0.99237
1.0255 0.9845 1.1018
0.98725 1.0186 1.0217
0.85257 0.99499 0.95739
1.0065 0.87052 0.97452
1.1094 1.0793 0.9896
1.053 0.88657 1.0044
0.93954 0.94871 0.96056
0.9384 1.0536 0.92119
0.85502 0.94265 1.0039
1.0499 1.058 1.0412
0.81356 0.95109 1.0326
0.93803 1.0671 0.93353
1.0478 0.80969 0.92011
0.99694 0.94777 1.0666
0.95655 1.0619 0.9624
0.99502 1.0207 1.1474
0.93434 1.2039 1.0373
0.95776 0.96458 1.1411
0.98751 0.94893 0.86894
0.92155 0.94952 0.87899
1.0131 0.96038 0.9944
0.84335 0.96439 0.96851
1.0445 0.98336 1.0661
1.0076 0.85211 0.93202
0.99048 1.1619 1.1359
1.0341 0.86838 1.0706
0.90775 0.9524 1.0363
1.0358 1.0494 0.92202
0.99761 0.90082 0.95908
1.064 1.0626 1.0179
1.0083 1.0073 0.96463
1.0523 1.0217 1.1007
0.92107 0.99069 0.90649
0.89367 0.89286 0.96637
1.0111 1.114 1.0535
0.95886 0.93715 0.94484
1.0741 0.98032 0.8873
0.97201 1.0086 1.0119
1.0375 1.1511 0.92196
0.96505 1.0632 0.89694
1.1796 1.0618 0.94301
1.042 1.0286 1.0903
0.99893 0.94058 1.0293
1.0021 0.9833 0.93787
1.1492 1.0327 0.99434
1.0215 1.0277 0.98839
0.9555 0.92223 0.92922
0.95513 1.0043 1.0277
1.0157 0.96175 1.2138
1.0809 0.89412 1.0376
1.0133 0.94577 0.86769
1.0729 1.1509 0.92896
1.1511 0.94804 0.9227
1.0416 0.97418 1.0929
0.9437 1.0942 1.0729
1.0194 0.98058 0.87602
1.1475 0.99648 0.9767
1.0762 1.0402 0.93866
1.0198 1.0392 1.0998
1.1764 0.95258 1.0387
1.0611 0.92381 0.96897
1.085 0.94922 0.93718
0.86714 0.97254 0.99091
0.9139 1.0119 1.1524
0.93298 0.95326 0.95833
1.066 0.83433 0.93405
0.9362 1.0395 0.90648
1.0028 1.0723 1.2489
0.93525 0.99857 1.0165
0.99144 1.0798 0.87969
0.93268 0.98823 1.0951
0.97316 1.1956 0.95267
0.98821 0.9549 0.9733
0.96921 1.0556 1.0337
0.97715 0.90289 1.0169
0.96952 0.90622 0.97006
0.99425 0.91672 0.93184
1.1291 0.92134 1.0539
0.97631 1.0196 0.99729
1.0923 0.96552 0.98171
1.1024 1.0019 0.95617
1.0057 1.105 1.084
0.97634 1.1436 0.96201
0.95304 1.1007 0.96919
1.0009 0.88664 1.0165
1.151 0.98005 0.93241
1.0039 1.0158 0.96065
0.93284 0.8947 0.95764
0.96273 0.87487 1.0309
0.94324 1.0182 1.1603
0.90245 0.92692 0.99561
1.0573 0.98927 1.0237
1.071 1.0352 0.94912
0.91621 0.98854 0.93164
1.0437 1.092 0.84869
0.98058 1.0095 1.1924
0.99147 0.85073 0.91677
1.0678 1.0773 1.156
1.0119 1.0009 1.0097
0.99698 0.89171 1.0114
1.0173 0.93263 0.88825
1.0852 1.1218 1.0569
1.0476 1.0692 0.94972
0.97501 0.96292 0.9293
0.97089 1.0567 0.84913
0.99091 1.017 0.88561
1.1099 0.94284 1.0801
0.97898 0.9891 0.8692
0.98244 0.92114 0.92442
1.1476 1.0897 1.0657
1.0722 1.0751 0.96766
1.0358 0.92435 0.93441
0.94329 0.98806 0.97567
0.99532 0.90643 1.0135
1.0384 1.0865 1.0553
1.1309 1.0618 1.0862
1.1073 1.0393 0.95528
0.9891 1.0268 1.0555
1.0545 0.90129 1.0473
1.0399 1.0554 1.0109
0.97369 0.99532 0.99029
1.0528 0.92605 1.0218
1.0166 1.1052 0.98696
0.95963 0.96874 0.94956
1.0861 0.98656 0.97479
0.94416 0.94554 1.0915
0.95465 0.95098 0.93255
0.98677 1.0446 0.94711
1.0877 1.0906 1.0304
1.0108 1.0805 0.9943
1.0534 0.94851 1.0266
1.0309 1.0809 1.0229
0.9212 1.073 1.0682
0.95832 0.92133 0.94072
1.0533 1.0987 1.006
1.0786 1.11 1.0992
0.99994 1.0405 1.2147
1.1084 0.99201 1.0833
1.0169 1.0726 1.1184
1.0294 1.0906 1.1118
1.1611 1.0226 1.0514
0.94621 1.017 0.93934
0.98229 0.95493 0.96151
1.0137 0.8914 0.98735
0.98875 1.0927 0.89374
0.97522 0.98073 1.0161
0.96114 1.2515 1.0756
1.0641 1.025 1.0797
1.0185 0.99136 0.98698
1.0799 1.0504 0.89314
0.92345 1.1495 0.94799
1.0251 1.0909 1.1182
1.0478 1.0823 0.99134
1.0239 1.0854 0.88435
1.0432 1.0487 0.94647
1.1454 1.0101 0.98134
0.9686 0.97681 1.0259
0.97405 0.99663 1.0109
0.90997 1.0389 1.0538
0.97506 0.93241 1.1459
0.99768 1.0458 0.95185
0.96404 1.006 0.96305
0.93924 0.92703 1.1092
1.005 1.1185 1.0602
0.98485 0.86794 0.9127
1.1138 1.1577 1.0467
1.0596 0.95042 0.95478
1.0371 0.86928 1.0572
1.2226 1.1158 1.0495
0.92885 0.99733 0.93917
0.88674 0.88924 1.0005
1.1442 0.91138 1.0788
0.98288 0.94827 1.0786
0.9461 1.0657 1.0431
1.0861 0.94083 1.04
0.9042 0.98566 0.9897
0.98751 0.96176 1.0886
0.90484 1.0243 1.0827
0.93371 0.95275 1.1222
1.0707 1.0089 0.96649
1.0092 0.9775 1.0135
0.93214 1.2032 1.0612
0.98208 0.98708 1.1109
0.95196 1.0258 0.99958
0.94321 1.0592 0.86435
0.90448 1.0544 0.92917
0.95795 1.0316 1.142
1.0105 1.0669 1.0396
0.98785 0.99941 0.95179
1.0396 0.96093 0.90875
0.96623 0.9736 0.9223
1.0672 0.96618 0.95643
1.064 1.088 0.98873
1.0379 0.96196 1.0215
0.96925 0.97501 0.9866
1.0428 0.96237 1.0458
1.0435 1.0755 1.014
1.1577 1.0909 1.0459
0.96127 1.0023 0.92806
1.0986 0.96935 0.86465
1.0399 0.93805 0.98358
1.046 0.98091 1.0242
1.1089 0.9348 0.93753
1.0555 1.049 0.91531
1.0106 0.86455 1.1063
1.1236 1.0388 0.94937
0.94161 0.97452 0.86819
1.0781 1.0191 0.94937
1.0464 1.0293 0.97078
1.0155 1.047 1.0122
1.0451 0.96485 0.98296
1.1149 0.85093 1.1117
0.93112 1.0807 1.032
0.86257 0.8173 1.0099
0.93924 1.0193 0.99165
1.0661 0.94723 0.84673
0.99425 1.0584 1.0495
0.98139 1.1755 1.0326
1.0923 0.9724 0.87961
0.86647 0.95985 1.0648
0.96587 1.0911 1.0597
1.073 1.044 1.096
0.94188 0.99782 0.9089
1.0243 1.103 1.0193
0.93888 0.88626 0.98569
1.0417 1.0138 0.94366
0.98807 1.0118 0.89912
1.0607 0.86316 1.122
0.85503 0.93477 0.85743
1.0918 1.0771 1.0195
0.94163 1.1018 1.0096
0.95184 1.0436 1.0113
1.0077 1.0424 0.85894
1.0064 0.97818 1.1115
1.0189 0.95665 1.1003
0.98331 1.1136 0.97474
1.0702 1.0456 0.96691
1.0183 0.93363 0.94134
1.0908 0.96496 1.0579
1.0901 0.99724 0.92329
0.95933 1.0122 0.96978
0.98016 1.0548 0.96811
1.0409 1.0608 1.2176
1.0417 1.1399 1.0609
1.0586 0.99013 1.1275
1.0075 1.0214 1.0335
1.0182 0.93162 0.87659
0.88595 0.84612 0.98194
1.1972 0.95539 1.0159
1.0988 0.88351 0.99467
1.0588 1.0502 1.0893
0.94624 0.97554 1.0926
1.0453 1.0217 1.0731
1.0987 1.0239 0.88783
0.97937 0.98485 0.9371
1.1085 0.97761 0.8287
1.029 1.1391 0.91278
0.9918 1.1476 0.98561
1.0938 1.1048 1.0655
1.0009 0.94958 0.98909
1.0361 1.0947 0.99775
0.94436 0.96215 0.86014
0.96967 0.9982 1.0197
1.018 0.96699 1.0193
0.89508 0.97941 0.93644
1.0175 0.97651 0.99146
0.91846 1.003 1.0447
0.9833 1.0177 1.001
1.0916 0.99378 0.9147
0.9914 1.1165 0.86257
1.1082 0.99856 1.0191
0.93507 1.0465 0.95256
1.0317 1.0593 0.98613
1.0264 1.028 0.91162
1.1539 1.0178 1.1115
1.1685 1.052 0.87747
0.92747 1.0822 0.97425
1.1985 1.0966 0.93714
0.97145 1.0293 0.99982
0.8895 1.0155 0.9957
1.0069 0.92502 0.96157
0.92454 1.0046 0.84934
0.95343 1.0451 1.0087
0.87279 0.97682 0.86764
1.0394 0.88846 1.0801
0.95641 1.0689 0.90894
1.0447 0.8237 0.97244
0.99694 0.94837 0.9505
1.0824 0.93554 0.94603
0.97929 1.0233 1.0463
0.94583 0.96211 1.0261
1.0398 1.1385 1.0772
1.0391 0.86552 0.92578
0.92295 1.0122 0.92724
0.98694 1.037 1.0525
1.0256 1.0689 1.1068
0.88563 1.0147 0.94491
1.0832 0.97896 1.0754
1.0185 1.1901 1.151
0.99532 0.92757 0.91784
0.90033 1.085 1.0567
0.98484 0.94571 1.0724
0.97278 1.0169 1.0027
0.94044 1.0274 1.0123
1.0219 0.86139 1.0073
1.0563 0.92976 0.9736
0.95358 0.88998 1.045
0.99805 1.0343 0.9907
0.84193 1.0087 1.0592
0.9316 0.99211 0.89413
1.0011 1.0609 0.9805
1.0739 0.98463 0.97758
1.0902 1.1149 1.0643
1.0831 0.8965 0.98451
0.95722 1.1055 1.0123
1.1172 0.93332 1.0729
0.93716 1.0562 0.91134
1.0092 0.99702 0.96514
1.0587 1.099 0.89595
1.0345 0.95716 0.9863
0.90107 0.91556 0.93339
0.89829 0.97441 0.88502
0.86449 0.97117 0.97516
1.0361 1.0334 0.97323
0.96903 0.91918 0.96162
1.0663 1.0335 0.90158
1.0757 0.95148 0.91761
0.99752 0.97775 1.1424
1.0387 0.99731 0.91623
0.99866 1.0039 1.0359
1.146 0.99634 1.0116
0.95634 0.94715 0.94532
1.0199 0.9775 1.0129
1.0163 1.0412 0.94541
1.081 0.8669 1.0838
0.96532 1.0176 1.0527
1.1174 1.0385 0.94974
1.0655 1.0518 1.1007
0.98778 0.90289 0.92819
1.0284 0.97886 1.0671
0.98868 0.98486 0.91495
1.0093 1.0358 1.073
1.0405 0.95335 0.94682
1.0129 1.1973 1.0613
1.053 1.0277 1.051
0.88711 0.96797 1.1286
1.0502 1.1168 0.94243
1.0324 0.99825 1.0629
0.8853 0.99607 0.91217
0.94969 1.0219 1.1538
1.0149 1.0991 0.89974
1.0561 1.0704 1.0813
0.95663 1.0207 0.98639
0.9251 0.9306 0.97019
0.93191 1.1267 1.011
0.83427 0.87971 0.95988
1.1279 1.103 1.0652
1.0853 1.0489 1.0105
1.0848 0.94414 0.8595
1.0901 0.93919 0.88945
0.93946 1.007 1.0653
1.1024 1.1892 1.0118
0.98518 1.0284 1.001
1.0687 1.0706 0.91856
1.1238 1.1973 1.0667
1.0218 1.0304 1.0106
0.99001 0.97879 1.0507
0.96663 0.93772 1.0076
1.0637 1.0297 1.0429
1.039 0.98077 1.1363
0.9537 1.1069 0.90623
0.94075 1.0346 1.0202
0.91643 0.87351 0.99078
0.89031 0.93181 1.0552
1.05 0.87748 1.0691
1.0304 1.0615 0.99983
0.95213 0.97031 1.0814
0.85914 1.0719 0.93577
0.93686 0.95832 1.0107
1.0571 1.0039 1.0086
1.0816 1.0731 0.97036
0.98113 0.91142 0.99176
1.0236 0.99793 0.94464
1.0047 0.89502 1.1026
1.0166 0.97746 0.96786
0.8522 1.0445 1.0112
0.89424 1.0962 0.94642
1.0214 1.0778 1.0194
0.93196 0.86688 0.97227
1.1003 0.99781 1.0232
0.95712 0.92442 0.98694
0.98366 1.1003 1.0858
1.0501 0.88354 0.99191
1.0418 1.0569 1.0065
0.9795 1.0226 1.0461
0.97896 0.94351 1.0547
1.0427 1.0536 0.97799
1.0275 1.1682 0.94655
0.97733 1.0795 1.0286
1.0347 0.9109 1.0661
1.0925 0.99503 1.0295
0.86975 0.80608 0.92994
1.0852 1.0215 1.0386
1.025 0.98243 0.93724
0.96318 1.0332 0.8712
1.0873 0.94717 0.97817
1.0194 1.0256 1.0258
1.0256 1.037 0.99444
1.0192 0.96808 0.9499
1.0101 0.98164 0.92979
1.0315 1.1049 1.0079
1.0107 1.0562 1.0388
0.85033 0.97921 0.90035
1.0075 1.0168 0.94127
1.1019 1.0159 0.98678
1.0556 0.99186 1.1079
1.0925 0.97311 1.1059
1.0703 1.2599 1.0385
1.0187 1.0009 1.1362
0.86958 0.88717 1.0712
0.9275 1.0001 0.88258
0.94006 1.1094 1.0603
1.0637 1.0263 0.96507
1.0074 0.92171 1.0328
0.86261 0.91588 1.0481
1.0254 1.054 0.97703
1.0571 0.98166 0.93145
1.034 1.0256 0.97809
1.1075 1.2343 0.94074
0.78997 0.91276 0.95731
0.95317 0.99705 1.0055
1.0388 1.0673 0.88496
1.1063 1.1127 0.96991
0.87959 1.0013 1.027
0.92797 0.98703 0.93914
0.95345 1.0422 0.98985
1.0195 1.0151 1.0471
1.1117 0.93317 1.1668
1.0284 1.0055 1.0537
0.97493 0.91655 0.99521
0.96726 0.93275 1.0533
1.0998 1.2065 1.0402
1.0208 0.98883 0.90041
1.0378 1.0446 0.95217
0.95543 0.91706 0.94849
0.87392 0.98383 1.0459
0.99897 1.1008 1.0313
0.93577 0.94386 1.0523
0.92773 1.1434 1.0016
1.0879 0.98312 1.0657
1.0573 0.91714 0.90588
1.0363 1.1028 1.0118
1.0613 1.0968 0.99469
0.88857 0.98344 0.88852
1.0251 0.98268 0.94245
0.99402 0.98768 1.037
1.009 0.94313 0.90903
1.1898 1.0619 1.0269
0.9944 1.1123 1.0018
1.0396 1.1039 0.9733
1.0621 0.9335 1.0314
0.93685 0.89281 0.95332
0.9027 1.0709 1.1025
1.0731 1.0759 1.1246
0.91899 1.0148 1.0259
0.94401 0.97955 0.8381
1.1174 1.0402 0.94991
1.0368 0.77935 0.82038
1.0365 1.0147 1.0267
1.0881 0.85726 1.0308
0.91391 1.0951 1.0629
0.90146 0.87574 0.97646
1.0255 1.0137 0.9619
0.91975 1.0264 1.1096
1.0146 1.0405 1.0686
0.93398 1.0646 0.94776
1.1007 1.0759 1.0746
1.0058 1.0556 1.0517
0.9392 1.0628 1.0379
1.0505 0.91106 1.0397
0.88346 0.99888 1.0265
0.98465 0.85493 1.1161
1.1164 1.058 1.0416
1.0239 1.0754 1.112
1.0371 0.87615 1.1014
1.0601 0.96014 0.97629
0.8935 0.89811 1.0975
1.0813 1.0342 0.99175
0.81917 1.0306 0.92782
0.95452 0.99839 0.97981
1.1259 1.191 1.117
0.90524 1.0826 0.94718
1.1146 0.9159 1.1527
1.0154 0.99779 0.9642
0.94563 1.0555 0.99478
1.0382 1.0239 1.1646
0.91538 0.97668 0.83947
0.98138 1.1058 1.0846
0.9077 1.0563 1.0434
1.0055 1.0479 0.9474
1.1898 1.0189 0.78609
0.93529 0.98149 1.0429
0.99457 1.0174 1.0449
1.004 0.91129 0.93058
0.93944 1.0259 1.0073
1.1152 0.98229 0.96592
0.98159 1.1138 1.0668
1.0292 1.008 1.1181
0.9636 1.0147 0.872
1.0475 1.1355 0.96062
1.0288 1.0304 0.99305
1.0442 1.0374 0.92672
0.95203 0.98234 1.0099
0.98893 1.0035 1.0554
0.95714 1.0962 1.0352
0.95637 1.0129 1.0082
0.98121 1.0284 0.99781
1.0912 1.1412 1.1258
1.2081 0.94229 1.0809
0.89689 0.91835 1.056
1.0022 1.0724 1.1975
1.0382 1.0093 1.183
0.92264 0.9211 1.0005
1.003 0.9478 1.0337
0.93705 0.9161 0.97587
0.944 1.0369 1.003
0.9177 1.0336 1.098
0.87246 0.99898 0.95357
1.0587 0.92066 0.89389
1.0732 1.0271 1.0364
1.0068 0.88636 0.98118
1.1102 1.047 1.0526
0.92619 0.8983 1.0242
1.086 1.0162 0.86142
0.95506 0.9559 0.8879
1.109 1.0644 0.9159
0.88647 0.93392 1.017
1.0547 0.9189 0.91416
0.97156 1.0226 0.85572
0.86564 0.8844 0.99768
1.0704 1.0616 1.0016
1.0478 0.98046 0.88601
0.96297 0.93283 0.85433
0.99628 1.032 0.98287
0.9864 0.87987 0.92078
1.0857 1.0994 1.0598
0.97972 0.95473 0.9922
0.9807 1.0419 0.977
1.0968 0.93679 1.0537
0.93858 1.061 0.95844
0.96736 1.0442 1.0316
1.0314 0.93708 1.0365
0.92037 1.0326 0.95621
1.0879 0.99971 0.96973
1.0397 0.89964 0.93606
0.91543 0.84771 1.0751
0.97047 1.0739 0.9931
0.83006 0.94588 1.1165
0.94898 0.95092 1.04
0.89456 1.0333 0.98548
1.0065 1.0621 0.96981
0.94892 0.88651 1.0618
1.0485 0.9997 0.97325
0.97591 0.8184 1.0224
1.0172 1.009 0.95996
0.99278 0.95788 1.0921
0.94688 1.1573 1.08
0.99637 1.0481 1.0137
0.99124 1.0571 0.87507
1.0412 0.88553 0.97105
1.0318 0.81123 0.95297
1.0421 0.9737 1.041
1.053 1.1503 0.86657
0.99082 0.9997 1.086
0.99488 0.98928 1.1035
1.0732 1.0332 1.0293
1.0117 0.89959 0.97015
1.0244 1.0622 0.91156
0.93702 0.94203 0.99021
1.0285 0.9753 0.99304
1.0589 1.0082 1.0516
0.94083 0.94333 0.99236
1.0015 1.0061 0.9532
1.0264 0.948 1.0073
1.0298 0.98567 0.97677
0.93378 0.91615 0.91763
0.96419 0.90522 0.97045
0.9945 1.0096 0.95012
1.0727 1.0965 1.0968
1.0745 0.91045 1.1721
0.86513 0.92154 0.9185
1.0602 1.0873 1.0055
0.85589 1.0161 1.0447
0.97602 1.0325 0.95632
1.0696 1.0845 1.0261
1.1372 0.99314 0.98049
0.91301 1.109 1.0016
1.0929 0.94056 0.97746
1.0574 0.99503 1.2236
1.1318 1.0551 0.97025
0.91719 0.99292 0.92403
0.97632 0.993 1.0479
1.0215 1.1207 0.98493
1.0738 1.077 0.89467
0.92314 0.91507 1.0888
0.88016 0.98505 1.0567
0.93113 0.99571 0.92099
1.0359 1.1028 1.0371
0.966 0.9056 0.92319
1.0054 1.0195 0.92183
1.053 1.0768 0.91124
0.99579 1.0585 0.93096
1.0271 1.0085 0.97195
1.0703 1.0296 1.0812
0.92097 0.94965 0.93694
0.73268 0.99049 0.97093
1.0477 1.0168 1.0745
1.0231 1.0465 0.9823
1.0804 1.1196 1.0784
1.0732 0.98339 0.88493
1.0206 0.99739 0.96284
0.97197 1.0267 1.0113
0.94651 0.89201 0.94479
1.1518 0.94948 1.0377
1.0618 0.92887 1.0061
1.2484 1.0614 1.04
0.97675 0.95715 0.96392
1.0831 0.90527 0.98287
1.0424 0.99095 1.0294
1.1041 1.0781 1.0984
1.1667 1.0498 0.98211
0.90691 0.93182 1.2165
1.0601 1.1444 0.95527
1.0857 0.85791 1.1047
1.0051 0.99229 0.93828
0.84549 0.93147 0.95557
0.9213 0.9267 0.97756
1.0361 0.96501 1.0187
1.1592 0.99898 1.0427
1.0388 0.97724 1.0147
1.0574 0.99952 1.0123
1.147 1.1147 1.0149
1.069 1.0089 0.90988
1.0013 0.97694 1.053
0.94816 0.98012 0.97344
0.99751 1.0821 0.93691
0.99914 1.0192 0.95199
1.0618 0.96034 1.0451
1.1473 0.98626 1.0003
0.89976 1.0195 0.93521
0.89115 0.9893 1.0734
1.1562 1.0081 1.1036
1.031 1.1356 1.0353
1.0058 0.93109 1.025
1.0142 1.003 0.99909
0.95215 1.0711 0.88485
1.0483 1.0126 0.98565
1.0744 1.0589 1.0373
0.95701 1.0135 1.0418
1.0115 0.99996 1.0721
1.0672 1.0489 1.0181
0.92066 0.97948 0.91795
0.97582 1.006 1.0021
0.92953 0.84543 1.0101
0.92896 1.0474 1.0943
1.0401 1.0807 0.92724
1.0503 1.098 1.0466
0.9114 1.0069 1.0504
1.0629 0.9418 0.95959
1.1752 1.0197 1.1168
0.96215 1.0474 0.96127
0.9581 1.0776 0.99625
0.91233 1.1321 0.97953
0.96287 1.023 1.0049
1.022 0.90601 0.99243
1.0654 1.1413 1.0709
1.0714 0.96899 1.0348
1.0409 0.98872 1.0298
1.0715 1.0703 1.1217
1.1372 1.0983 1.0096
1.0097 1.1084 1.0339
0.96707 1.0219 0.95175
0.95274 0.98248 0.95751
1.038 0.89762 1.0201
0.9635 0.96555 1.0498
1.0101 0.99329 1.0819
0.99265 1.0663 0.98865
1.0001 1.1125 1.0113
0.99452 1.013 1.0468
0.98899 0.94869 1.1009
0.94647 1.0567 0.86802
1.0857 1.041 0.99365
0.87828 0.97409 0.95046
0.88382 0.92996 0.99524
1.0165 0.84774 1.0421
0.96978 1.041 0.98597
1.2017 0.96776 1.0313
1.0266 1.0547 0.91889
1.019 0.99995 0.99977
1.086 0.94099 0.99138
0.90835 1.0375 0.90629
0.93905 0.9973 1.0734
1.0699 1.0398 0.89182
1.0969 0.90405 1.0037
1.1679 1.1245 1.0293
0.99563 0.86736 1.1089
0.99712 0.85764 1.0214
1.0646 0.99995 1.008
0.97883 0.90959 0.89303
1.1284 1.1037 1.053
1.0086 0.87138 1.0241
1.0578 0.83219 1.0014
0.94268 0.88697 0.99091
1.0776 1.086 1.0402
0.98511 1.0643 0.9202
0.95466 0.96518 0.95511
0.99037 1.0573 0.94485
1.1576 1.0509 1.0535
0.96182 0.99184 0.94685
1.1078 0.98922 1.032
1.1459 1.0028 1.0024
1.0034 1.0416 1.0971
1.0241 0.90439 1.008
1.0836 1.115 0.87976
1.1286 0.93177 0.95764
0.9945 1.0213 1.0037
0.97106 0.93527 0.93881
1.0577 1.1182 1.074
0.9835 0.99762 1.0758
0.95494 1.0841 1.0737
1.0335 1.0836 1.2106
1.0986 0.8958 1.012
1.0655 0.99596 0.93146
1.0239 0.97219 1.0891
1.0548 0.98482 1.089
0.89146 1.1327 1.0175
0.92298 0.92509 1.0437
0.99284 0.97035 0.95744
1.09 1.0073 1.0452
1.1105 1.0135 0.99821
1.0435 1.043 1.0047
1.0109 1.0135 1.0559
1.0479 1.0796 0.96728
1.0261 1.0345 1.1433
1.036 1.0791 0.96794
0.93683 1.0921 0.94736
1.1097 1.062 1.0429
0.93674 1.1214 1.0082
1.0943 0.97945 1.1066
1.0205 0.99333 0.95853
1.1356 1.0185 1.0419
0.9895 0.94184 0.88714
0.94892 0.96594 0.98679
0.85448 1.0421 1.1013
0.99496 1.0838 1.0756
1.0592 0.95177 0.91592
1.0535 0.9718 1.0475
1.0984 1.0095 1.0014
1.0497 0.89397 1.0074
0.95253 0.98427 1.0765
0.977 1.0775 0.99748
1.0488 0.99564 0.95429
1.0247 1.1119 1.1157
1.0367 1.0042 1.124
1.0717 1.0323 0.93008
0.96978 1.0663 1.0157
1.1554 1.1007 0.93835
1.1042 0.95494 0.95534
0.98804 1.0162 0.95496
0.86018 1.0377 1.1334
0.98121 0.9203 0.83841
1.0137 1.0801 1.0052
0.98092 1.0337 0.99406
0.98136 0.92237 0.8991
1.019 0.7832 1.1641
1.1104 1.0551 1.1699
0.93969 1.0275 1.1263
1.0377 0.8525 0.95995
0.98009 0.99028 0.96326
0.95738 0.91359 1.1667
0.98888 1.0654 1.0007
1.0333 1.0564 1.0096
0.97117 1.0495 1.0001
0.96843 0.96643 0.97462
0.99119 1.031 1.1745
1.1326 1.0861 1.0508
0.82005 0.97517 1.0222
0.97853 0.97321 1.0669
0.93798 0.99596 0.94374
0.99053 1.1185 0.91706
0.96706 1.0327 0.88461
1.0034 0.98105 1.0423
1.0044 1.1442 1.0754
1.0719 0.94755 0.9645
1.0017 1.0445 0.8596
1.0567 0.99362 0.97604
0.95333 0.99344 0.92375
0.94209 0.91789 0.90242
0.84733 0.93585 1.0183
0.95693 1.0247 0.98192
0.96775 0.93683 1.0018
1.0769 1.0767 1.0331
1.0239 0.89154 0.89116
1.0035 0.92092 1.0216
0.9921 1.078 1.1774
0.95097 0.94188 0.93283
0.95034 0.96454 1.1243
1.0128 0.90234 1.0009
1.0459 0.87916 0.95447
1.0107 0.9855 1.0632
0.98744 1.0066 1.0595
0.89293 0.97825 1.0019
0.96104 0.96122 0.91259
0.91598 0.99118 0.93751
1.0621 1.0019 0.98404
1.0005 0.95002 0.92886
1.0052 0.95399 0.93139
0.92754 0.91975 0.98264
1.0029 1.0613 0.96946
0.90251 1.0016 0.88505
0.97315 1.047 0.96917
1.0413 1.1038 1.0132
1.0231 0.86913 1.0466
1.1647 0.93101 1.0465
0.93857 1.0044 0.9401
0.99475 0.90701 1.0083
1.0598 1.0791 0.90225
1.0775 1.0206 1.0731
0.9988 0.98245 1.2251
1.0612 1.0513 1.0515
1.029 0.98348 1.0998
1.0701 0.92033 0.94033
1.0291 1.0536 1.0902
0.92995 1.0277 1.0727
0.95644 1.0407 0.94011
0.98862 1.0658 1.2135
0.9262 0.97748 0.95607
0.91006 0.94678 0.98547
1.0391 1.0735 1.0217
1.0986 0.96294 1.0132
1.067 0.96238 0.95102
1.0301 0.98634 1.0278
1.0628 0.91046 0.87072
1.0798 0.95368 0.91734
1.1048 0.98889 0.9526
1.0544 1.0344 0.90165
0.94726 0.988 1.0035
0.95623 1.0036 0.95589
0.97463 1.0377 1.0303
0.97025 1.0475 0.97471
1.0707 1.04 1.142
0.94008 0.81657 0.8774
0.917 0.89958 1.0202
0.94909 1.1074 1.0463
0.97866 1.0337 1.0574
1.0341 1.0713 0.97892
0.97413 0.95864 0.9794
1.0794 1.0489 1.0384
1.0064 0.98054 0.98357
1.1022 0.92583 1.0069
0.9297 0.97852 1.0601
0.99883 1.0669 0.97973
0.99128 1.0636 1.029
1.103 1.1176 1.0213
0.93517 0.9696 0.99237
1.0901 0.97243 0.99232
0.97944 0.97291 0.90025
0.94317 1.1162 1.084
1.0258 0.9875 1.0123
0.98615 1.013 1.103
0.97762 0.97064 1.1223
0.96015 0.96299 1.1773
1.0456 0.99536 1.2278
0.92342 0.97749 0.8552
1.0032 1.1089 1.0672
0.96745 1.0133 0.97292
0.97908 0.95558 0.91946
0.96279 1.0539 0.96401
0.95523 0.95414 0.96236
0.95952 0.9688 1.0512
1.0323 0.98528 1.0382
0.8748 0.97377 0.94855
0.96609 0.89155 0.90683
0.91475 0.95971 1.0445
0.99124 0.96469 0.91853
1.0255 0.96098 0.96234
1.0173 0.90613 0.98053
1.0218 1.1693 1.0621
0.8249 0.93815 0.91583
0.94275 0.92161 1.0634
0.80671 1.1399 1.0168
1.0363 1.0234 1.1668
1.0982 0.89525 1.0131
0.95753 0.981 0.9551
0.91243 1.1135 0.98002
0.96552 1.0463 1.0601
0.9747 0.9423 0.97497
1.0487 1.0123 0.99641
1.035 0.97719 0.99667
0.99932 1.0689 1.0595
1.0281 1.0403 1.014
1.1041 1.0657 0.9869
1.0698 0.87913 0.85677
0.8946 0.96494 0.87478
1.1273 1.0657 1.0747
0.98096 0.99397 0.86594
1.0675 0.9948 0.85963
0.98045 1.0406 1.1135
0.91249 0.90848 0.89698
0.83968 1.0159 0.83191
0.97777 0.97107 1.0057
1.0381 0.91084 1.0196
1.1215 1.0017 0.85656
0.99619 1.0617 1.0019
1.1772 1.1656 0.88952
1.1078 1.0371 1.1678
1.0115 0.99111 1.0363
1.0759 1.05 0.90124
0.96006 0.95015 0.97375
1.053 1.0537 1.0574
1.0071 0.98676 0.96603
1.0685 0.95276 1.2304
1.0999 0.82342 0.94722
1.0234 1.0343 0.87463
0.91085 1.1092 0.96788
1.0131 1.1254 0.97657
1.0579 1.1778 0.94855
0.92534 0.93586 0.88141
0.99939 1.0562 0.98367
1.0023 0.96322 1.0806
0.93619 0.8296 0.99141
1.1151 0.91211 1.0429
1.0886 0.95955 1.0126
1.0272 0.92425 1.0537
0.93631 0.90531 0.93254
1.0912 0.98015 0.99168
1.0509 0.95048 0.97415
1.0551 0.9945 0.93183
0.9965 0.97812 1.0016
0.90245 1.0937 1.0798
1.0953 1.0121 1.0668
1.0396 0.98225 1.0198
0.9935 0.97106 0.96076
0.97244 1.0458 0.94939
1.0921 0.93496 1.1151
0.91429 1.0487 1.0288
1.0452 1.0925 1.0441
0.98236 0.91267 0.97775
1.0216 0.92469 1.0532
1.0239 1.0426 1.0506
1.0371 0.9405 1.0608
0.92601 0.94323 1.0587
1.0101 0.91402 0.85787
0.91154 0.94481 1.0496
0.97106 1.1008 1.0033
0.98154 1.0442 0.97293
1.0893 1.1416 0.94591
1.1512 1.1998 1.054
1.1374 1.1289 1.0942
0.88254 0.92709 0.93905
1.157 1.0356 1.1018
1.077 1.0282 1.0635
1.0675 0.89113 0.96508
0.96232 1.1036 1.0392
0.99612 0.95602 1.1097
1.028 0.94603 0.89709
0.95416 1.1665 0.96383
1.1065 1.0573 1.0103
1.0017 0.96047 1.0021
1.0022 1.1133 0.9893
1.0753 1.0731 0.97972
0.85351 0.88243 0.9624
1.0065 0.99239 0.99858
1.0019 0.91046 0.9825
0.84446 1.1305 0.92672
1.0023 1.0414 0.96114
1.0997 0.92654 1.0767
1.1574 1.0627 0.97674
0.89287 1.0157 1.0902
0.94823 1.0735 1.0181
1.0383 1.0556 1.1756
1.0452 0.955 0.96177
1.0006 1.1818 1.0238
1.0185 0.93523 1.1762
0.99117 0.96371 0.94811
1.007 0.96207 0.93283
0.90148 0.92085 0.85173
0.9182 0.94826 0.96785
1.1055 1.0065 1.0178
0.94687 0.99349 0.95164
0.94544 1.0076 1.0555
1.0064 1.0729 1.1049
1.0602 0.90921 1.0334
1.0072 0.88264 0.99443
1.0401 0.96852 0.98638
1.0466 1.0974 1.0204
0.98626 0.92316 1.0374
0.88642 0.92526 1.0259
1.0424 1.0893 0.94152
1.0757 0.91935 0.9625
1.0171 1.0604 0.9009
0.95061 1.0081 0.97273
0.92808 0.92227 0.98617
1.116 1.1222 0.95348
1.0163 0.91917 0.98403
0.95738 0.929 0.94931
1.0433 1.0363 0.98554
0.96915 0.98334 1.0369
0.88344 1.0476 1.0605
1.1695 1.1107 0.98988
0.98177 0.95946 1.0102
1.0606 1.2156 1.0457
1.1031 1.0552 1.1286
1.0257 1.0142 1.0331
1.0543 0.92258 0.93349
0.91159 0.98741 1.0334
0.97368 1.0345 0.92707
0.99664 1.0709 1.0194
1.0994 0.95368 1.1239
1.047 0.86379 1.0986
0.94229 1.028 0.96191
0.99209 0.97195 0.95371
1.0837 1.047 0.976
0.94819 1.0625 0.95085
0.83066 1.0305 0.91324
0.94479 1.0601 0.98576
1.0358 0.89779 0.98634
0.99799 1.0533 0.96329
0.99198 1.0253 1.0222
0.91888 1.0025 1.0943
0.94203 1.0935 0.93716
1.0194 1.0386 0.91303
0.9413 1.0002 1.1382
1.1203 0.97332 1.0065
0.94864 0.92346 0.98675
1.0519 1.0851 0.969
0.97477 0.92637 1.0202
0.96874 1.019 0.98414
1.1044 0.99519 0.91585
0.96683 0.98346 0.95395
1.0443 0.99819 1.052
0.97532 0.95386 1.1013
1.1008 0.98402 1.0471
0.9282 1.0768 1.0965
0.9311 1.0237 0.99504
1.1057 0.87947 0.95935
1.054 0.92487 1.0283
1.1996 0.9223 0.95087
1.0124 0.98889 1.1053
1.0756 0.95007 1.1186
0.97357 0.95599 0.97295
0.8321 0.9974 0.96781
0.93438 1.1035 0.86244
0.99803 0.93781 1.0152
1.0174 1.0591 0.91667
1.1062 1.1042 1.0181
0.88017 0.99431 1.0201
1.0686 0.96534 1.0627
1.0342 0.99791 0.86194
0.98359 0.99425 0.98776
1.1398 1.0125 1.0939
1.0899 0.93224 1.0837
0.95116 0.94963 1.0697
1.0693 0.97093 1.1682
0.99016 1.0234 1.0423
1.0153 0.94761 1.0088
1.0785 0.98323 0.91519
0.94123 0.914 0.9699
1.2261 1.0645 1.0037
0.90603 0.92588 0.93041
1.0338 0.91109 1.0762
1.0245 0.98431 1.0601
1.0468 0.94095 1.0409
1.0187 0.95687 1.0312
1.12 1.0319 0.96628
0.89247 1.0908 1.0979
1.0045 0.93692 0.98124
1.0276 0.96793 0.94865
0.99065 0.99542 1.1782
0.95033 0.92869 0.99967
0.87486 1.0111 0.85632
0.98519 0.97533 0.87649
0.9129 1.0355 0.95993
1.1513 1.0557 1.0243
0.91206 1.1724 1.0057
0.92428 0.8818 0.87002
0.97944 1.0866 0.95032
1.0439 0.90488 1.0133
0.93785 0.9904 0.97667
0.97808 1.007 1.1532
0.86283 1.0211 0.93994
1.0114 0.95116 1.0301
0.88269 0.93891 1.0894
1.0327 0.93008 1.0552
1.0828 0.92312 0.91892
0.92282 0.96488 0.96276
1.0218 0.92705 0.8412
0.88121 0.92342 1.0397
1.0028 0.90841 1.0586
1.0247 1.1158 1.055
1.0479 1.0691 0.99222
0.93949 0.98672 0.88981
1.0844 1.1191 0.99245
0.86971 0.88254 0.88154
0.83906 1.0929 0.99024
0.86762 1.0611 1.0379
0.93921 0.897 1.015
0.97277 1.0298 1.0664
1.0229 0.98447 1.0786
0.95814 0.90398 1.1315
0.94189 0.96427 1.0434
0.95422 1.031 1.1697
0.91171 0.93967 0.8245
0.97471 1.0727 0.93351
1.031 0.95174 1.1665
0.96765 0.94835 0.97443
0.93601 1.116 0.96501
0.94511 1.1103 1.1968
1.0277 1.0573 1.0239
1.0117 0.99657 0.88831
1.0295 1.0776 1.0212
1.0167 0.97131 0.94331
1.0229 0.87963 1.1545
0.91399 0.99619 1.0884
0.92126 1.117 0.98685
1.0202 0.89159 0.96856
1.0688 1.0308 1.0908
0.82652 0.99554 0.97835
1.1515 0.9471 1.0033
0.98668 0.99995 1.0101
1.0149 0.86457 0.92956
0.97544 0.93691 0.96173
1.0821 0.99136 0.89663
1.1439 0.96628 0.90712
0.95412 0.97773 1.038
1.171 1.0112 0.97621
1.0003 0.98274 0.92828
0.99569 1.0447 1.1957
0.90939 1.0391 1.0288
1.0375 1.0524 1.0126
0.99319 1.1115 0.98732
1.0867 1.0467 1.0032
1.0156 0.95919 1.1054
1.0017 0.97857 1.0058
0.96345 0.95576 0.93785
0.93076 1.1763 0.94616
1.2177 1.0249 1.0727
1.0041 0.95059 0.9711
0.92887 1.0401 1.1057
0.9734 0.99633 0.94149
0.90888 1.0205 1.026
0.99235 0.97195 0.89995
0.93145 0.91631 0.95611
0.94998 0.99364 1.0069
0.9891 1.0142 1.0571
1.0831 0.96273 1.053
1.1347 0.92485 1.118
0.98414 0.94617 0.85501
1.0164 1.1452 0.8222
1.1127 0.86782 0.94467
1.0589 1.0084 1.0571
0.96702 1.0173 1.0058
0.99872 1.0478 1.0542
1.097 0.83508 1.2159
0.84423 1.0353 0.90393
1.1041 0.96254 1.092
1.0974 1.0427 0.99758
0.88948 1.0823 0.97079
0.90768 0.95008 1.0422
1.0559 1.1224 0.98764
0.89165 1.0822 0.9784
1.0771 1.0269 1.05
1.0285 0.95893 0.99774
0.91169 0.95855 0.89265
0.81844 0.99289 1.0143
1.0993 0.99804 0.89185
0.91858 1.0403 0.93836
0.96173 0.98177 0.95782
0.99788 0.88143 0.96796
1.0369 0.9937 0.94402
1.0506 1.0794 0.9187
1.0497 0.88293 0.93358
1.0324 1.0504 1.0274
0.91677 0.93254 0.95227
1.014 1.0494 1.0952
0.93963 1.028 1.0996
0.90409 0.98726 1.0627
0.93912 1.1387 1.0264
0.98292 0.97099 0.81401
0.98558 1.0361 0.98931
0.99807 1.0365 0.97211
1.0376 1.0035 0.95197
0.93392 1.1118 1.0033
0.96679 0.97654 0.90988
1.0057 0.95233 0.94095
0.9141 1.0062 1.0497
0.89011 1.015 1.0558
0.98945 1.2166 1.0846
1.0203 0.95541 1.1476
0.99912 1.0951 0.96798
1.0902 1.1034 0.93506
1.1299 1.018 1.089
0.97702 0.92167 0.93011
0.91957 0.98679 0.88885
0.94333 1.0215 1.035
1.126 1.0245 1.1489
1.048 0.9372 0.95533
0.96873 1.1007 0.97307
0.94568 1.0242 1.0564
1.0171 1.1107 1.1049
0.94986 0.97018 1.0856
0.95432 0.93815 0.97234
1.0603 1.0143 0.97456
0.94897 1.0474 0.96753
1.145 0.97233 1.0088
0.97356 0.91626 0.93151
1.0701 1.0928 0.94171
0.91676 1.0424 1.0078
1.0279 1.0287 0.92026
0.97066 1.0022 1.0341
1.1077 1.0708 0.97684
0.91624 1.1716 0.97957
1.0689 1.0026 1.0557
0.94836 0.96186 1.0894
1.0354 1.0537 1.0063
0.87442 0.97436 0.99342
0.95677 0.98679 1.0159
0.9509 1.1021 0.98422
1.0439 1.0611 0.91773
1.0842 1.0292 1.0036
0.94405 0.90428 1.0019
1.002 0.99677 1.089
1.0868 1.1494 0.94903
0.93401 0.99136 1.0468
1.0125 1.1681 0.98277
1.0729 1.0224 0.94179
1.0197 0.96624 0.90244
1.1743 1.1728 0.95376
1.0025 0.9327 0.97561
0.95773 1.03 0.94417
1.0331 1.0765 0.94771
1.0236 1.1783 1.0939
1.0622 1.0198 0.89015
0.9678 1.0309 1.1236
1.037 1.0653 0.98539
0.95327 0.92573 0.99965
0.89525 1.0084 0.95266
0.94701 0.99447 1.0174
1.0182 1.0314 1.067
1.187 1.1321 1.1111
1.1644 0.99777 0.94781
1.1031 0.9816 0.99074
1.0408 0.86679 1.0724
1.0908 0.98395 0.99597
0.97408 1.0141 0.93946
1.0064 1.0747 0.95522
0.98075 1.0474 1.0711
0.94248 0.89855 1.0934
0.98491 0.86348 1.097
1.1127 0.99962 1.0895
0.95309 1.0696 0.9855
1.0423 0.93252 0.9576
0.91506 0.97391 1.1006
0.99222 0.96322 1.0021
0.93528 0.93013 0.96212
1.0463 0.98894 1.0499
0.9626 1.0607 0.98826
0.90064 1.0292 0.99212
0.97978 0.98858 1.0097
1.0014 0.98656 1.0481
1.1671 1.0242 0.99553
0.99452 1.0511 0.93105
0.98993 1.187 1.007
0.95742 1.0049 0.92099
1.0041 0.96489 0.91509
1.0431 1.0699 0.9683
0.94276 1.0056 1.1241
1.1033 1.0369 0.9768
0.95938 1.1214 1.0809
0.93111 1.0149 1.1085
1.0493 0.97773 1.1047
1.0889 0.97494 1.0085
1.0313 0.82982 1.0228
1.0303 1.1062 1.0681
0.92294 1.0905 0.94275
1.0774 0.99976 1.0406
0.95462 1.051 1.1097
0.88318 0.85985 0.888
0.85528 0.99857 1.0003
0.94578 0.9031 0.8797
0.98906 0.92136 0.96217
0.99298 0.85709 1.0587
0.97555 1.0489 1.0594
1.0859 1.0491 0.92409
0.97215 0.9834 1.0853
1.0176 1.1768 0.89688
1.0165 0.92452 1.0148
1.1157 0.91283 0.98215
0.99532 1.041 0.91671
0.88243 0.84556 1.085
1.0907 1.0671 0.97501
0.99447 0.92551 1.033
1.0199 0.94668 1.0811
1.0243 1.1249 0.97716
1.1001 0.99607 0.91453
0.94339 0.99766 1.117
1.0428 1.0314 1.0203
0.99323 1.1209 1.1554
0.91322 0.98496 1.04
1.0168 0.85397 0.97975
1.0949 0.94969 0.99661
0.8913 0.9018 0.98017
1.0156 1.1191 1.0086
1.0037 0.86255 0.97549
0.99916 1.036 1.0862
0.96173 0.92914 1.0449
0.89172 0.80964 0.94899
0.93423 0.99847 1.0831
1.1097 1.0027 1.0118
0.95123 1.0364 0.85765
1.0957 0.93138 0.97285
1.0074 1.0049 1.0686
1.0647 1.1093 1.0955
1.0522 0.96896 1.0528
0.98205 0.94328 1.0139
1.0069 0.9764 1.0004
0.97622 1.0012 1.098
0.97998 1.0016 0.96789
1.1003 1.0751 1.1326
0.93414 0.94562 1.0153
0.86076 1.0092 1.0734
0.82817 0.95697 0.93099
1.0184 1.0627 1.134
1.0029 1.0866 0.90571
0.95286 0.88884 1.1065
0.99633 0.96903 0.96078
0.99352 1.0045 1.0631
1.025 0.99433 0.89904
1.0238 1.0644 1.0078
0.96087 1.1075 0.91674
1.1534 1.0486 0.97016
0.98813 0.88397 0.8473
1.0306 0.96264 1.1585
0.9393 1.0015 1.0047
1.1227 1.0308 0.96728
1.0695 0.98473 1.0221
1.0102 1.0214 0.9875
0.98926 1.0236 1.0561
1.0162 1.0003 0.99845
1.0043 0.92617 1.0497
0.85844 1.0821 0.9576
1.1159 0.89881 1.0385
1.0529 1.1098 0.99531
0.96314 0.93734 0.99322
1.1952 0.95056 0.9651
0.91098 0.92624 0.93231
1.0169 0.93153 1.023
0.94069 1.0416 1.0497
1.0323 1.0533 0.96339
1.0888 0.97418 0.88155
1.1152 0.92459 1.0519
1.0819 1.143 1.0237
0.94854 1.0212 1.0462
1.0093 1.0197 1.0552
1.2441 0.9845 1.006
0.98991 1.0924 0.8726
1.1385 0.96801 1.0753
0.96512 0.92996 1.008
0.94233 1.0759 1.027
1.1416 1.0429 0.99607
0.9864 1.0545 0.98564
1.0763 1.0357 1.0721
0.95268 0.917 0.93857
0.86272 0.91937 1.0947
1.0062 0.91337 0.92002
1.0483 0.98105 1.0066
0.87516 0.96474 0.97305
1.1173 0.95109 0.94191
1.0335 1.0327 0.90681
0.99966 1.0324 1.0612
0.96444 0.96245 0.97949
1.0131 1.0415 0.99803
1.0362 1.0114 1.0759
0.96998 0.98987 0.94531
0.86371 0.99451 0.95343
1.1071 1.2838 0.9874
1.137 1.089 1.0775
1.0089 0.9817 1.0995
0.88721 0.96143 1.1243
0.97902 0.98494 0.9255
1.0263 0.9535 1.1227
0.98932 1.0288 1.0991
0.95497 0.96124 0.99968
1.0089 1.0484 0.96762
1.0483 0.98885 0.94368
1.0233 0.92076 0.89325
1.0691 0.93978 0.98775
0.91361 0.94536 0.88403
0.90766 0.9649 1.0915
0.90356 0.91698 0.91062
0.92722 1.0386 0.87026
0.90298 1.0049 0.84621
1.0552 0.94895 1.0686
0.96054 1.0179 1.0346
1.0222 1.1161 0.91474
1.0225 0.90994 0.95553
1.144 1.1086 0.97269
1.0822 1.1071 1.2355
1.0209 1.1036 0.95966
1.0057 0.991 1.0448
1.0121 1.1448 0.99638
0.91862 0.92065 0.8779
1.0049 1.0284 1.0323
1.026 0.92 1.0425
0.94203 1.0717 1.0427
0.94002 0.98264 1.0617
0.99526 1.1238 0.89846
0.96545 1.0285 1.0381
0.82089 1.1433 0.98382
0.92857 1.0636 0.87528
0.98842 0.98717 0.96503
0.93518 1.0653 1.0186
1.0212 1.0719 1.0343
1.0765 1.0055 1.0892
0.98954 0.96574 1.0515
0.97076 1.0614 0.94396
1.0126 1.0225 0.97814
1.05 1.0724 1.0886
1.0938 1.1314 1.0191
0.989 0.98562 0.85057
0.95957 0.93296 1.0688
1.0897 0.91421 1.1104
1.0581 1.0374 1.117
0.99548 0.90465 0.99317
0.89506 0.98762 0.95867
1.1227 0.92229 0.90209
1.1768 1.0529 1.048
1.0241 1.0403 0.98558
1.0312 0.91107 1.0461
0.94115 0.96799 0.99806
1.0715 1.0647 1.1412
0.9447 1.1621 0.98999
0.91714 0.95847 0.95595
0.96755 0.97182 1.0019
0.90882 0.98732 0.96287
1.0915 0.98592 0.99837
0.96308 1.0226 0.90851
0.92144 0.9972 1.1117
1.0103 0.91044 0.97818
1.07 1.018 0.97974
0.92529 1.1353 0.94108
0.9342 0.93954 0.9304
0.94081 0.97662 0.92904
1.0398 0.93068 0.87809
1.0756 1.1382 0.99845
0.97161 0.94188 0.82814
0.90583 0.89932 0.88452
1.0117 1.06 0.95546
0.96145 1.0205 0.89632
0.90867 0.94455 1.0945
1.0147 0.93224 1.022
1.0498 0.89467 1.0183
0.99637 0.93782 1.0476
1.0478 0.94898 1.0981
0.93997 1.0201 1.0607
0.86361 0.9588 0.98042
0.92455 0.96035 0.99942
1.0085 0.99849 0.99133
0.92406 0.86835 0.97502
0.9668 0.9292 0.93837
1.06 0.93833 1.0132
0.99055 1.0402 1.0118
0.99947 0.9657 1.0639
0.95942 0.97752 0.99143
1.0605 1.0289 1.0835
1.0618 1.0877 1.078
1.0223 1.1303 1.0337
1.1071 1.0439 1.0858
1.0111 1.0386 1.062
1.1066 0.9901 1.126
0.97557 1.0485 1.0745
0.93852 1.0657 1.0946
1.0845 0.97613 1.1177
1.0166 0.9702 1.0235
1.0031 1.0707 1.0487
1.0368 0.91697 0.98775
1.1299 0.96601 1.046
1.031 0.93119 0.89036
0.97502 1.0409 0.96829
0.9137 0.94769 1.0133
0.99112 0.99069 1.0431
0.98688 1.0934 1.013
1.0653 1.1423 1.0246
1.1433 0.99692 0.96312
0.93501 1.075 0.88968
0.92614 1.0452 1.0267
1.0164 0.98903 0.99401
1.0114 0.98293 1.02
1.0062 1.1286 0.93169
0.9671 1.0913 0.98135
1.0137 1.0178 1.1084
1.0435 1.0571 1.1029
1.0231 1.1905 1.0598
0.90718 1.0891 0.94467
0.9952 1.0839 1.0403
1.0553 0.98167 0.94078
1.0221 1.0483 1.1682
0.98535 0.86106 0.98131
0.98682 1.0018 0.94003
1.0634 0.92576 1.033
0.95871 0.98807 0.90752
1.0195 1.0198 1.0108
0.88083 0.95537 1.1168
1.0994 1.0874 0.90697
0.97877 0.88965 0.96015
1.1123 1.0436 1.125
1.0215 0.86508 1.0207
0.96154 1.0322 0.98609
1.159 1.0973 0.99468
1.1807 1.0396 1.0243
0.99938 1.0384 1.0022
1.0099 0.99223 0.9048
0.96263 1.0401 1.1238
0.9549 0.93949 1.0686
0.93948 1.0569 0.97848
0.89904 1.0117 1.0286
0.99178 0.98703 0.99613
0.8869 1.0904 1.0166
0.94762 1.0906 0.97953
1.0529 1.0066 1.0056
1.0006 1.0376 0.94742
1.0177 0.85855 1.0097
1.0836 1.0574 0.95613
1.0857 1.124 0.84152
1.0761 1.1072 1.0664
1.0334 0.98264 1.0056
1.0522 1.0612 1.0266
1.0009 0.94522 0.96568
0.99322 1.0997 1.0171
1.0055 0.94061 1.0337
0.95942 1.0326 0.90624
0.90214 0.85712 0.88677
1.0152 1.0002 0.99304
0.96035 0.95145 0.90786
1.0376 0.92796 0.99837
0.97634 1.0159 0.99737
0.96964 0.9342 0.9829
1.1439 1.1079 1.0254
0.99385 0.95978 0.86294
1.0519 1.0318 1.0013
1.0536 0.99293 0.97443
0.89236 0.99904 0.9714
1.1129 0.96868 1.0393
1.0483 1.035 1.0482
1.1327 0.89378 1.0844
0.86732 0.8257 0.94317
0.97495 1.0318 0.93986
0.99451 1.095 1.0486
1.1364 1.1413 1.0784
0.84766 0.94419 1.024
0.84432 1.0146 0.94995
0.98763 1.0964 0.89145
0.9864 1.0085 1.0211
0.94354 1.0396 0.96852
0.91837 0.91551 0.98051
1.0574 1.0644 1.0164
1.0465 1.1541 1.1344
0.98219 0.96458 1.1386
1.0094 1.035 0.93166
0.99227 0.97547 0.96976
1.0137 0.99057 1.0464
0.90111 1.0169 0.97357
1.0213 0.97281 1.0583
0.95173 1.0485 0.99201
1.0646 0.95661 0.95363
0.9869 1.0554 0.97662
1.0647 0.92761 1.0464
0.99611 1.1259 1.0468
0.97073 0.81008 1.0026
0.94603 1.0839 1.0252
1.0004 0.93931 1.0185
0.97311 1.0273 0.96205
0.9393 0.92506 0.91728
1.0204 1.0468 1.0565
1.0738 1.0856 0.91652
0.98274 0.99207 0.96687
0.94626 0.90758 0.93745
0.99545 0.94343 0.95054
0.94015 0.99021 0.87982
1.0081 0.99403 0.89524
0.8804 1.1128 1.0141
0.9059 0.92697 0.93107
0.97439 0.99314 1.0515
0.99738 0.93175 1.032
1.004 0.99958 0.99995
0.99019 0.91728 1.1173
0.92932 0.96303 1.1121
0.98938 0.86994 0.92553
0.96559 1.0789 1.004
1.1548 1.0846 1.0596
0.85357 0.96152 1.035
1.0222 0.91764 0.97464
1.0738 1.0574 1.0604
1.087 1.0934 0.98654
0.884 0.91888 1.0027
1.0029 0.97068 0.90326
0.90583 1.0069 0.93865
0.96763 0.94984 1.0316
1.1143 0.99036 1.0181
0.90677 1.0564 1.001
1.0411 1.0624 0.95222
1.026 1.0175 1.013
0.9365 1.0848 0.89533
1.0791 0.95748 0.92275
1.0227 0.94559 1.1391
0.95088 1.0091 0.95251
0.93244 0.89693 0.97395
0.94094 0.95538 0.93973
1.0001 0.94731 1.1277
1.032 1.1151 1.1353
0.9839 0.92278 0.93096
0.9826 1.2179 1.0342
0.94122 0.92995 0.96971
1.0087 0.9691 0.91352
0.93444 0.95021 1.1176
0.99306 1.0154 1.0383
0.94081 0.91419 0.97036
1.0205 1.0432 0.91134
1.0034 1.0082 0.89415
0.84722 0.992 0.80525
0.89755 1.0367 0.97165
0.99934 1.0325 1.0309
0.9473 1.0662 0.99693
1.0648 0.97635 0.96545
1.1812 1.0067 1.0455
1.099 1.1006 1.09
0.95942 0.94456 1.0184
1.0803 1.0803 1.0084
0.97532 0.88149 0.99114
1.2208 1.0729 0.98433
0.96168 1.0421 1.0306
1.1158 1.0197 1.17
1.0213 1.0232 1.0222
1.1601 1.0596 1.1548
1.0982 0.87047 1.0835
1.0529 0.98708 0.97504
0.90636 0.96159 0.9512
0.99012 1.1383 1.0413
1.0849 1.0731 1.0948
0.90202 1.0079 1.1098
1.129 1.1326 1.0561
1.0598 0.96965 0.99335
0.89118 1.0306 0.99352
0.92483 1.0041 1.1312
1.097 1.0346 1.0516
1.0798 0.96126 0.95386
0.98787 1.0326 0.91873
0.94877 0.97767 0.95785
1.01 0.92144 1.0243
0.97011 0.96953 0.89572
1.015 1.04 0.97201
0.98704 0.98059 1.1187
1.0112 1.0597 0.96432
1.0289 0.95741 1.1809
1.0065 1.0555 1.0576
0.97572 1.0523 0.877
0.86922 1.0215 0.98249
0.99089 1.1114 0.97793
0.87896 0.95483 0.98471
1.0975 0.93369 0.93451
1.0658 0.96936 1.0382
1.1152 1.0876 0.96503
1.0811 1.0597 1.0127
1.0422 0.88936 0.99855
1.0763 0.96962 0.99491
1.0464 1.1587 0.97808
1.0361 0.91331 0.99409
0.98155 0.9542 0.9454
0.96309 1.0702 1.0063
0.98536 1.0923 1.0305
1.1054 1.1447 0.98819
1.1365 0.87529 1.0043
1.0388 1.053 0.85972
0.94787 1.1002 1.158
0.94269 0.87974 1.0061
0.91042 0.96337 0.90672
1.0948 0.98651 0.93666
1.0337 0.91124 1.0042
1.0283 0.9936 0.99427
0.96911 0.95475 1.0465
1.0996 1.0189 1.094
0.92938 1.108 0.87122
1.0226 1.0304 0.94923
1.0566 0.99824 0.89434
0.88643 0.95139 0.96428
1.1018 0.95931 0.97955
0.98127 0.98793 1.073
0.97799 1.0025 0.93905
0.92896 1.1043 0.99545
0.93993 0.88991 1.0867
0.90617 0.95651 0.94013
1.0782 1.1456 0.98521
0.96704 1.0768 1.06
0.99358 0.99117 0.96489
0.92623 0.97192 1.0227
0.97754 0.90691 0.85151
1.0121 0.9245 0.91968
1.0382 0.89661 1.1202
1.1212 0.96721 1.0421
0.95595 0.85877 0.90519
1.0588 0.92087 0.96567
1.0013 0.96584 0.99786
0.98949 1.005 1.0447
1.0217 1.037 1.139
0.93353 0.98375 1.0047
1.0617 1.0077 1.004
0.99492 1.0533 0.9976
1.0382 1.0138 1.1548
1.1056 1.0747 0.95038
0.95812 0.93793 1.0248
1.1155 1.0436 1.1006
1.0554 1.0671 0.9669
0.91048 0.85905 0.93968
0.9729 0.97726 0.90107
0.93832 1.1388 0.93507
1.0105 1.0224 0.94385
0.96788 1.0414 1.1756
0.95321 1.0523 1.0742
1.1098 1.1823 1.056
0.95151 0.88263 0.95831
1.0627 0.99691 0.98579
1.0004 1.1173 0.99523
1.0258 1.1211 0.94617
0.86153 1.0054 0.84728
0.87047 1.0193 1.0153
0.95317 0.99004 0.9669
0.94547 1.0595 1.0584
0.96074 0.94104 1.1006
0.98162 1.0166 1.0149
0.98135 0.97714 1.0547
1.0197 1.077 1.0567
1.1432 1.0819 1.0421
1.1137 0.92007 1.0305
1.0185 1.017 1.0317
0.91803 1.0502 0.91083
0.94614 1.0692 0.91943
1.1311 0.98709 1.0193
1.1537 1.0624 1.0965
1.0806 1.1022 1.1072
1.0419 0.99863 1.0377
0.95838 0.91268 0.94747
1.035 0.87961 0.93336
1.0745 0.95609 0.94976
0.93313 0.93972 0.88939
0.90497 1.0129 1.0025
1.0678 1.0519 1.1012
1.0759 1.0724 1.0413
0.99345 0.91295 0.97661
0.98136 1.0801 1.0178
0.99829 1.0684 1.0271
0.97536 0.98242 1.099
1.0079 0.98016 0.90345
1.0223 0.8467 0.98888
0.93079 1.0186 1.0378
0.98717 1.0686 0.96895
0.93838 1.0157 0.97567
1.0355 1.0402 1.0657
0.99145 0.95505 0.98225
1.2171 0.98985 1.1413
1.0182 1.0176 1.1035
0.95373 0.89387 1.0134
1.0851 1.0169 1.0479
0.98999 1.011 1.0776
0.91585 0.94438 0.84942
0.92437 0.979 0.94687
1.0019 0.92262 0.96254
1.0306 1.0409 0.98832
1.0663 1.1601 0.98317
1.0218 0.89843 0.95544
1.1369 1.0246 1.0167
1.0452 0.93271 0.95494
0.84148 0.99544 0.85098
1.0676 1.0336 1.0022
0.87561 0.80584 0.89578
1.0065 1.0299 1.0193
1.0196 0.93359 1.0191
1.0294 0.99064 0.96464
0.98701 1.0733 0.96057
0.88514 1.0405 1.0753
1.0497 1.0818 0.94526
0.90722 0.95746 1.0101
0.95623 1.111 1.0259
0.96679 1.045 1.0046
1.0666 0.97766 1.0206
1.1311 0.99751 1.18
0.93688 1.1829 0.9751
0.95568 1.1314 1.091
0.92392 1.0989 1.0556
1.0295 1.1248 0.96818
0.97734 1.0467 1.024
1.0773 0.9117 1.0914
1.0596 0.98298 1.0343
1.0334 0.8876 1.0087
1.0734 1.1143 1.1159
0.92288 1.0351 0.9866
0.99043 0.97621 1.0392
0.9537 1.0719 1.063
1.0781 1.0683 0.96805
0.9151 0.89342 1.0059
1.0872 0.8769 1.1283
0.99713 0.95874 1.0972
0.99662 1.0161 1.0601
1.0085 1.0769 1.1099
0.975 0.9229 1.1133
1.0013 0.8934 1.0631
1.0039 1.1192 1.1788
1.1174 1.0437 1.0893
1.0056 1.1557 1.0052
0.97133 0.8507 1.0598
1.1218 0.97561 0.89894
0.8573 0.95939 1.0444
0.9684 0.96557 1.0372
1.0329 0.97073 0.89613
0.95938 1.0404 0.92429
0.97893 1.0942 1.062
1.0411 1.0298 0.93519
0.95686 1.0121 0.94939
1.1787 0.94277 0.99461
1.0755 1.0534 1.1413
1.082 0.92986 1.0451
0.92986 1.0399 0.88047
0.98339 1.0148 0.88584
1.0082 1.0717 0.97364
0.99683 0.88425 1.2103
1.0209 1.114 0.93065
0.95007 1.0118 1.0117
1.086 0.98629 0.87056
1.117 1.0477 1.0608
1.0597 0.95433 0.94175
1.0021 1.0342 1.0396
1.0377 1.0014 0.89537
0.98909 0.9399 0.92874
0.99389 1.1329 1.0284
1.056 1.0261 1.094
1.0549 0.90707 1.0695
1.0518 0.96182 1.0205
0.8693 0.94915 0.97115
1.0288 1.0248 1.0238
1.0854 1.055 0.97987
1.1326 1.042 1.0672
1.1102 1.0731 0.96548
1.1328 0.99312 1.034
1.1241 0.86395 1.0146
1.0818 0.94102 0.89945
0.97841 1.0525 1.0425
1.0714 1.0827 1.0663
0.97712 1.0474 0.91227
0.9424 0.91984 0.93251
0.94111 1.0269 0.93132
0.96123 0.92651 0.96481
1.0522 1.2217 0.99247
0.98432 1.0698 0.95814
1.0264 1.1022 1.1045
1.0803 0.9301 0.8582
1.1076 1.019 1.1162
1.2116 0.93652 1.2365
1.0575 0.94313 0.93882
0.88662 1.0994 0.86767
1.1075 1.1225 1.0468
1.0907 0.96312 0.93312
1.1123 0.99438 0.99738
0.97217 0.94204 1.0845
0.94084 0.90253 0.99881
1.083 0.93207 0.98792
0.96605 1.0145 1.039
0.93699 0.9968 0.90548
1.2188 1.0967 1.0859
1.1269 1.0654 0.96616
0.97566 0.94571 0.89478
0.84756 0.87907 1.0168
0.96856 1.0185 1.0063
0.98525 0.9403 1.0224
0.99215 0.92823 1.0473
0.96314 1.1239 1.0927
0.9944 1.0718 1.0233
1.0083 1.0458 1.1041
1.05 1.1351 1.0714
1.0209 0.94635 0.97784
1.0088 1.0145 1.0871
1.0557 1.0147 1.0709
0.98283 1.0816 0.97677
0.94592 1.0635 1.0208
0.95621 0.97649 0.96812
1.0074 1.0162 1.0435
0.96353 1.0322 0.97173
1.1152 1.11 1.0186
0.98618 1.0214 0.9998
1.1339 0.9668 0.95183
0.98275 1.073 1.0118
0.90677 0.92505 0.99804
0.86783 0.96649 1.0582
1.0937 0.92119 0.92212
0.96433 0.98522 1.0459
1.1022 0.99253 0.97011
0.98703 0.97859 0.91977
1.0849 1.0639 1.0469
1.0131 0.85082 1.0472
1.0502 0.96627 1.0808
1.048 0.84159 0.94027
0.92143 1.0982 1.1183
0.95416 1.0147 0.91387
1.048 1.0434 1.1176
1.0232 0.92825 1.1754
1.0475 1.0452 1.0099
0.88365 1.0209 1.057
1.0103 1.0327 1.0202
1.0702 0.96268 1.0369
1.0106 1.0766 0.97958
0.92626 0.99241 0.97357
1.0805 0.99701 0.98123
1.0828 1.0103 0.84433
0.91152 0.90526 0.99523
0.96071 0.85954 0.93941
1.0181 1.0261 0.98931
0.98357 1.1138 1.0814
1.095 1.042 1.0464
0.88719 1.1028 1.0173
0.99045 0.96209 1.0456
1.0276 1.0403 0.98587
1.1185 0.97411 1.0588
1.0694 0.95779 0.8726
0.88433 0.97233 0.83211
1.0687 1.1428 0.9939
0.95527 1.0261 0.93156
0.93761 1.057 1.1975
0.96819 1.1335 1.0976
1.0542 1.1321 0.9451
1.0376 1.1 0.95012
1.0498 1.1327 0.97413
1.0617 0.94556 1.0144
1.1066 0.9986 0.92098
1.0423 1.0012 1.1277
1.0454 0.99859 0.97094
1.0289 1.0082 1.1096
0.84338 1.0348 1.0157
0.96579 0.91915 1.0824
1.0658 0.975 0.90242
1.0663 0.94305 0.98755
0.9124 0.88891 0.91182
1.0082 1.029 1.2424
0.94065 0.95685 0.96018
0.95639 1.1792 0.97956
0.91521 1.0011 1.0026
1.0655 1.1028 1.0445
0.91184 0.95334 1.149
0.96612 1.0446 0.91966
0.93912 0.87961 0.99132
1.0146 0.9423 1.1733
1.0588 0.94627 1.0104
0.93437 0.93484 1.0258
1.1898 0.80905 1.0623
0.96964 1.0863 0.97796
1.046 1.1321 1.0104
1.0218 0.95323 1.0968
0.89179 1.0232 0.9924
0.86186 1.009 0.93533
0.93433 0.98294 0.9914
1.0765 0.98383 1.1305
0.8822 1.0365 0.90841
0.97229 0.96464 0.94128
1.0429 1.0077 0.9899
0.90398 0.97793 1.125
0.87783 0.98726 0.98568
0.97607 0.95035 0.99777
1.0693 1.0437 1.0846
1.0356 0.977 0.99072
0.88972 1.0987 0.92492
0.98344 0.90687 0.98047
1.0473 0.94817 0.94288
0.97543 1.095 0.95395
0.93847 1.0624 0.90894
1.0557 1.0144 1.0732
0.8255 1.0183 0.97768
0.9766 1.098 0.89367
0.9966 1.0691 0.91867
1.0165 1.0541 1.1817
0.86031 1.0002 0.96254
1.0557 1.0918 0.98616
1.0653 1.1354 1.0059
1.0163 0.96726 0.98709
0.88683 1.0834 0.96006
1.0594 1.0017 1.0397
0.93416 1.1501 1.0281
1.0675 0.97037 1.0458
0.93135 1.0968 1.0175
1.0775 0.89996 0.95843
0.89445 0.9985 1.1277
1.0045 1.1049 0.95929
1.0288 0.95721 1.049
0.9214 1.0045 0.9517
0.93816 1.0868 1.1221
0.95479 1.0568 0.96199
0.98615 1.1235 1.025
0.97516 0.9472 1.0131
1.0139 1.009 1.0031
0.96888 0.9891 0.91041
1.0261 1.0823 0.88496
1.0708 1.0666 1.0428
1.0816 0.97667 1.0958
1.0477 1.1142 0.91154
1.0082 1.0646 0.94747
0.94456 1.0523 1.016
0.9272 1.0231 0.99667
0.91816 1.0298 0.93774
1.1755 1.0226 0.98865
1.0905 0.97644 1.2482
1.0478 0.97404 0.97748
0.94707 0.95361 0.92517
1.0842 0.99508 1.0584
0.94751 0.9419 1.0022
1.1655 1.003 1.0054
1.0599 1.1959 1.0382
0.9909 0.98689 1.0341
1.1268 1.1238 0.99786
1.0926 1.0143 0.94544
0.89197 0.97321 0.94054
1.0242 1.0398 0.98412
0.97647 0.88062 0.95988
0.91631 0.94759 0.99111
1.0393 0.94716 0.90465
0.88917 1.0496 1.0458
1.0161 0.98108 1.1174
1.1143 0.99136 1.0072
1.0139 1.1699 1.0457
1.0009 0.94227 0.9596
0.99958 0.98384 0.9791
1.0279 0.85728 0.96051
1.0905 0.97724 1.0982
0.83272 0.89498 1.0668
1.0882 0.93652 1.1105
0.9587 0.93676 1.0539
1.1192 1.0674 0.98769
0.96319 0.90956 1.0959
1.041 0.93849 0.93268
0.9645 0.91183 1.0054
0.90383 1.0364 0.98135
0.99917 0.92027 1.0773
0.96382 1.077 0.89006
1.1026 0.97932 1.1051
1.0717 1.0706 1.0884
0.99725 0.99188 1.0332
1.1458 1.0204 0.92841
0.88476 0.91786 1.0656
0.88945 0.97119 0.94398
1.0092 1.0216 0.96827
1.0015 0.91549 1.0329
0.94279 0.92119 0.94133
0.9777 1.0208 1.0563
0.96747 0.94742 0.92814
0.97279 1.0581 0.96035
0.94504 0.90984 0.97819
0.98347 0.97206 1.1081
1.0256 0.85352 1.0184
0.82091 0.96041 0.93192
1.0708 1.0359 1.0036
1.0126 1.0046 1.089
1.0088 1.0645 0.87933
0.98663 0.96103 0.99899
0.98891 1.1109 0.94855
0.93091 1.0536 0.91927
0.90305 0.94447 0.90264
0.98632 0.98986 1.0485
1.0286 1.1201 0.96427
1.049 0.93622 1.1455
1.0803 0.96996 1.2219
0.96546 0.8734 0.98912
0.94405 1.0179 0.98618
0.91965 1.0523 1.0972
1.0742 1.0776 0.93713
1.0387 1.0349 1.0122
1.1717 0.92657 1.0801
1.0839 1.1431 1.0369
1.076 0.93239 1.0051
1.032 1.1728 1.0847
0.98441 1.0404 0.87516
1.0091 0.95929 0.96299
0.92744 0.99347 0.90973
1.151 1.0288 1.0481
1.0745 1.0024 0.93165
1.1921 0.94772 1.0627
1.0644 1.0881 0.99592
0.89574 0.91633 0.96396
1.101 0.94472 0.99555
1.0717 0.95385 0.97295
1.1477 0.96853 1.0759
1.1565 0.8824 1.1115
0.97328 0.97893 0.895
1.0728 0.96417 0.95635
1.0563 1.1507 1.0231
1.0471 0.96543 0.92715
1.0618 1.012 0.90226
1.1029 0.99565 1.1412
1.0356 1.0939 1.0411
0.99129 1.1001 0.94319
1.0493 1.0177 0.87109
1.067 1.0243 1.0646
1.0248 1.0401 1.0846
1.0805 0.9172 1.0081
0.99541 1.0858 1.0256
1.0035 0.95955 1.0802
1.0465 1.0849 1.021
1.084 0.99427 1.1143
1.0369 0.94985 1.03
0.91213 0.86272 0.9569
0.93772 0.90119 1.0331
0.96347 0.95929 1.0142
0.93641 1.0166 0.96336
0.97299 0.94471 1.0982
1.1148 1.0596 1.0141
0.98464 0.95495 1.0208
0.92526 1.039 0.94346
1.088 1.1153 1.1075
0.95949 1.0448 1.0196
0.87685 1.0345 1.109
1.2756 0.93054 1.0376
1.0558 1.0277 1.0205
1.0038 1.0827 0.88593
1.0049 1.1802 0.94511
0.95014 1.0308 1.0782
1.0602 0.93334 1.0348
1.036 1.0904 0.90577
0.92086 1.0973 0.95829
1.0528 1.0414 0.87245
1.0011 0.92579 1.0224
1.0617 1.0633 0.9632
1.099 1.0026 1.0262
1.0833 1.055 1.0052
0.97386 1.0586 0.97333
0.95475 0.92225 1.0489
0.93547 1.0785 1.0584
0.98697 0.93889 0.98494
1.1501 1.0725 1.0089
0.97962 0.93585 0.97014
0.96152 1.0559 1.0998
0.98305 0.9416 1.0096
1.047 0.90624 1.0073
0.97173 0.90879 0.85029
1.1306 1.0568 0.93312
1.0743 1.1354 1.0443
0.94323 0.9989 0.98428
0.99649 1.1157 0.98124
0.98754 0.9624 0.79829
0.99407 0.88493 0.88846
0.87684 1.0208 1.1894
1.0622 1.0611 1.0333
1.0005 0.92374 1.0063
0.8553 0.9276 0.98302
0.98771 1.004 1.1041
0.97775 1.0305 0.91569
0.93546 0.95626 1.1188
0.8494 0.91003 1.0424
0.90078 0.94459 1.0398
1.0225 1.0662 1.0037
0.92774 0.93041 1.0201
0.93328 0.87997 0.97786
0.90545 0.98405 1.0087
1.023 1.0499 0.98914
0.88819 0.9927 1.0043
1.1668 0.95968 0.99603
1.077 0.99985 0.94369
0.96611 0.89836 0.95013
1.0126 0.85113 0.98297
1.0513 1.0265 0.92256
0.945 1.1161 0.95294
1.0365 0.95288 1.0784
0.9893 1.0689 1.0284
1.0326 0.96707 1.0251
1.0716 0.96268 1.1018
1.0868 1.0193 0.97068
0.97493 0.91787 0.94853
0.9416 1.076 1.0551
0.92242 1.0707 0.99642
1.067 0.95918 1.1833
1.0507 0.97177 1.0623
0.99666 0.94234 0.8953
1.0085 0.98109 1.0679
0.8899 0.96259 0.91952
0.89437 0.87269 0.87341
1.1071 1.0014 0.97686
1.0474 1.0795 1.0735
0.97734 1.0736 1.0328
0.93719 0.94694 1.0058
1.0579 1.0137 1.0429
1.1148 0.94975 1.0536
1.121 1.2166 1.03
0.85207 0.94299 1.0853
1.0115 1.0577 1.0143
0.97871 1.0358 1.066
0.94322 1.1047 1.0419
1.084 0.93533 0.95231
1.0333 1.07 1.0036
1.0556 0.97492 1.0207
0.99633 1.0446 1.0669
0.95728 0.90068 0.9035
1.0388 0.99519 0.95414
1.0688 1.0487 1.0278
1.0575 0.98827 1.0248
0.93627 0.95604 1.1695
0.99965 1.0559 0.93212
1.0055 0.94786 0.97492
0.97511 0.92332 1.0722
0.97936 0.9723 1.0582
0.83439 1.0266 0.95982
1.0309 1.0117 0.94387
0.98518 0.95887 0.99591
1.0088 1.1097 0.9168
0.99992 0.96466 0.96863
0.9182 0.95419 0.88642
0.95821 0.95511 0.91336
0.98929 1.0469 0.94423
0.9907 1.1004 0.9058
1.1125 0.87647 1.0207
1.0113 0.96993 1.0415
1.0049 1.0395 0.87173
1.0794 1.0025 1.0111
1.0106 1.0484 1.0432
0.9798 0.93283 0.9761
1.008 1.0582 0.99135
0.9528 0.9794 1.0021
1.0137 1.1891 1.139
1.0094 1.0466 0.93075
0.94231 0.95075 0.97863
0.99841 0.98225 1.0383
1.0421 0.97931 0.92156
0.95464 1.0287 0.97
1.034 0.96383 0.93758
1.0496 1.1153 1.0099
0.91695 0.95338 1.169
1.143 0.88756 0.99352
1.0927 0.89373 0.98352
1.0528 0.96011 1.0306
1.1326 1.1042 1.0646
1.1328 1.1807 1.1348
1.0265 0.95307 0.80472
0.97415 0.94788 0.88713
1.0182 1.0204 1.0214
0.95243 0.98343 0.97127
1.0733 1.0927 0.99054
0.98821 1.0038 0.97333
0.97623 1.0041 0.95586
1.0837 0.98459 1.0824
0.87739 1.1177 1.1046
0.92418 1.0057 0.98715
1.0785 1.0698 1.0283
1.0603 1.0275 1.1748
1.0368 1.1515 1.0514
0.94056 0.99761 0.96955
0.97904 0.89008 0.97815
1.0274 0.99343 0.94447
1.0127 1.014 0.95805
1.0694 1.0293 1.0341
0.95671 1.0608 1.1025
0.93523 0.93172 0.93476
1.0966 1.1515 1.0039
0.97756 1.0808 0.93257
1.0194 0.90819 0.84855
1.0296 1.082 0.94631
1.0483 1.0677 0.92133
1.0367 1.0039 0.92145
1.1367 1.0801 1.1851
1.0039 1.0186 0.96926
1.0814 1.0494 0.90734
1.1088 0.87617 1.1194
0.96108 1.023 1.0072
0.95586 0.94564 1.0192
0.98916 1.1371 1.0496
0.99037 1.0709 0.9447
0.99797 0.9684 0.94125
0.97465 1.0651 0.8922
0.92443 0.99292 1.02
1.0026 0.95026 0.86548
1.0091 1.0438 0.93286
1.0295 0.95342 0.92339
0.93658 0.99804 0.86607
0.9668 0.99486 0.88576
0.93547 1.0882 0.955
1.065 0.87935 1.1686
1.0182 1.0438 1.0235
1.1 1.0694 1.0974
0.98528 0.9851 0.90293
0.98612 0.9618 1.0347
0.92901 1.0362 1.0116
0.89733 0.96063 0.90635
1.028 0.92557 1.0137
1.0155 1.0644 0.95325
0.85539 0.93447 0.97524
1.1559 1.1111 1.015
1.0944 1.0371 0.89654
1.1568 0.96001 1.0273
1.0111 0.96019 1.0216
0.87082 1.044 0.98707
0.97248 1.0482 0.9288
1.1104 1.0115 0.98719
1.044 0.98444 1.0275
0.97517 0.99568 1.0913
1.0048 1.0615 1.0519
1.0637 0.94548 0.95521
1.0723 1.0141 0.99481
1.0702 1.0398 0.99054
0.96585 0.97642 1.0034
0.95595 0.95274 1.1995
1.0492 0.95015 1.0842
0.95697 1.0754 0.84397
1.0195 1.0704 0.98508
0.87406 1.128 0.99278
1.0248 0.97365 1.1138
0.89809 0.89766 0.95971
0.97767 1.0271 1.0022
0.98459 1.1026 1.0159
1.0004 1.0426 0.93107
0.89919 1.0876 0.87571
1.0461 1.0591 1.0119
0.91573 0.98697 1.0257
0.9416 0.97539 1.0635
1.0169 1.1422 1.0678
0.9589 0.92862 0.95496
0.90616 1.0449 0.91699
0.97764 1.1423 1.0733
1.0752 0.9865 0.93733
0.8631 0.91826 0.87976
1.0474 1.149 1.042
1.0025 1.0099 0.9467
1.0128 1.0282 0.93528
0.89761 0.92872 1.0743
1.0574 0.91101 1.0063
1.0543 1.1937 0.96123
1.1173 1.1083 1.0604
1.0416 0.95375 1.0967
1.0581 1.0935 0.98597
0.97034 1.1193 0.91828
0.95554 1.0425 0.98604
1.0988 1.0499 0.98208
0.98098 1.023 0.92096
0.87901 1.0237 1.1386
0.8986 0.99847 0.97589
1.1842 0.95802 0.92227
1.1059 0.91181 1.1567
1.0004 1.0099 0.86075
0.9475 0.98318 1.1425
1.1211 1.0352 0.96135
0.98891 1.0988 0.93722
1.079 0.97167 1.0117
0.96308 0.89532 0.96337
1.0143 0.88126 0.95991
1.1565 0.95055 0.954
1.0275 1.0912 1.0882
0.94698 0.99618 0.99802
0.95054 1.0137 0.92706
0.85509 1.012 1.0339
0.85498 0.95751 1.0702
1.0122 0.92967 1.0662
1.0691 1.0007 1.0746
1.131 1.0297 1.0478
1.0408 1.0268 1.2565
1.0339 0.97865 1.0953
0.9445 1.0333 1.0324
1.0028 1.0912 0.89292
0.90714 0.96152 1.026
0.91619 1.026 0.99294
0.99407 1.0405 0.99198
1.0337 0.96791 1.009
0.9303 0.83432 1.0345
0.90356 1.0714 0.99324
0.86118 0.95305 0.92588
0.99043 1.0196 0.96806
1.1561 1.04 1.0527
1.0538 1.011 1.0192
1.0173 0.84722 1.0479
1.0175 1.0478 0.92661
1.0184 0.99721 0.96292
1.0436 1.0545 0.95749
1.0338 1.0026 1.1437
0.89583 1.0493 0.998
1.0097 1.1486 1.0053
0.89648 0.90285 0.98265
1.0043 1.0439 0.93338
1.0787 1.028 1.0267
0.96094 1.0033 1.0929
1.0275 1.0206 0.97699
1.0058 0.91648 0.86566
0.92669 1.0436 0.90441
1.037 1.0707 1.0385
0.99016 1.0244 0.94979
1.0494 0.95869 0.93153
1.1715 0.98146 0.98866
0.90205 1.0419 0.98045
1.0031 1.1269 1.0838
1.0333 1.0118 1.0584
1.1108 0.96326 1.0429
0.9014 0.92033 0.97037
0.91254 1.0206 1.0873
0.92656 0.97488 1.0825
0.89461 1.0363 0.97063
0.96461 0.97633 0.99163
1.1497 1.2115 0.99554
0.99674 0.99462 1.0426
1.0955 1.0323 1.0454
1.0336 0.96584 1.0026
0.99264 0.97312 0.95924
1.0102 0.96882 0.91263
0.91539 1.152 0.95651
1.0112 1.0608 1.0721
1.0859 1.0057 1.0086
1.0913 0.90635 0.98423
1.1481 0.98332 0.99778
1.0045 1.0582 0.98561
1.0758 1.1055 1.1855
1.0567 1.057 0.94251
0.99554 0.99902 1.0595
0.8919 1.042 1.0873
1.0702 0.96623 1.0045
1.0073 0.91078 1.0582
1.032 0.92671 0.98766
1.1081 1.2036 0.95344
1.0752 1.0825 0.90162
0.98313 1.0733 1.0149
0.97508 0.92113 0.93245
1.0334 1.0255 0.93154
0.97994 1.0359 0.93303
0.99014 0.99833 1.1279
0.90843 0.95283 0.99672
1.0295 1.0919 1.1252
1.0176 0.96943 0.96157
0.99363 0.93754 1.0711
1.0615 1.0412 0.9579
1.1036 0.99793 0.97655
1.0647 1.0264 1.0997
1.1201 0.96202 1.2992
1.0097 0.96506 0.98654
1.0266 0.9259 0.9843
0.98317 1.0503 0.93904
1.013 1.0174 1.085
0.99212 1.048 0.96345
1.0324 0.94872 1.1692
1.0282 1.1507 0.93759
1.0131 1.0894 1.0956
0.89392 0.8914 0.91133
0.90339 0.88159 0.89329
0.89636 1.0708 1.0621
1.0107 1.0435 1.042
1.0472 1.06 0.99566
1.047 0.91372 1.0149
0.94909 0.97337 1.0365
1.0496 0.97302 0.94755
0.96693 0.98205 0.97946
1.0167 0.96328 0.95975
0.92622 0.88991 1.0498
0.98166 0.92911 0.90344
1.05 1.1587 1.0036
1.1034 0.99906 1.0153
0.93259 0.99788 0.97639
1.0246 1.0445 1.0426
0.98019 0.96167 0.8963
1.0162 0.93755 0.91624
0.94595 0.91368 1.0838
1.153 1.0954 1.0984
1.0397 0.92762 0.96608
0.89277 0.82051 0.9301
1.0619 1.0031 0.97915
0.88362 0.9364 1.1104
0.96998 1.1386 1.015
1.0007 1.1207 1.0073
1.0524 1.02 1.0057
1.0816 1.0064 1.042
0.96199 0.97161 0.99038
0.97724 0.90115 1.1364
1.0294 1.0709 1.062
1.0303 0.96128 0.93402
1.1255 0.98369 1.0192
1.0179 1.0646 0.86943
1.1189 0.93076 0.92334
1.1082 1.0928 1.0301
0.96862 0.90219 1.0035
0.87827 0.94593 0.98914
0.99705 0.89324 1.0742
0.96396 0.91609 0.93495
0.92726 1.0593 0.97225
0.95691 1.0075 0.8531
0.95578 1.1115 0.91873
0.96858 0.8997 1.0998
0.97875 1.1151 1.1124
1.0531 1.0066 1.019
1.048 0.95397 1.0433
1.017 0.84703 1.0468
0.94092 0.89589 0.97279
0.96364 1.0699 0.93443
0.97679 1.0376 1.0172
1.037 1.0278 0.91971
1.0655 1.0254 1.1194
0.94766 1.0561 0.89828
0.98861 1.0183 1.1279
1.0636 1.0725 1.1069
0.96532 0.95068 0.94139
1.0615 0.99706 0.96521
0.92625 1.128 0.9972
0.92937 1.0191 0.93558
0.89629 1.0492 1.0087
1.0174 1.1 1.0031
1.172 1.0453 1.1029
0.90977 0.93638 1.0458
0.84462 0.97693 1.0711
1.0956 1.0727 1
1.0184 0.98017 1.156
0.98676 0.94271 0.91987
1.2142 1.1037 1.1761
0.92983 1.0431 0.97717
0.93175 0.91439 0.94189
0.9507 0.93218 0.95764
1.0268 0.98115 1.0263
1.024 1.0116 1.1237
1.1125 0.96115 0.98437
1.0092 1.0578 0.90886
0.90842 1.0647 0.98454
1.0208 0.97127 0.97853
1.1251 0.96787 0.85139
0.96272 0.9243 0.9186
1.0541 0.94014 1.0526
0.94406 1.0607 1.0021
1.0311 0.95453 0.96185
1.1607 1.0477 0.99391
0.98999 0.97523 1.0851
1.0112 1.0655 1.0462
0.9935 0.95452 1.0955
1.0334 1.0642 0.95033
1.0746 1.1104 1.0226
0.97847 0.92775 1.0152
0.98725 1.0629 0.88606
0.96169 1.1273 1.0775
1.0101 0.99449 1.0339
0.97432 0.96298 0.90623
0.92514 1.1158 1.0367
0.97679 0.99723 0.92716
1.0718 1.1508 1.0257
0.98915 1.0411 0.97741
0.91564 0.96917 0.95972
1.045 1.0853 0.93904
1.097 1.1715 1.1435
1.0032 0.96673 1.1207
0.96354 1.1644 1.0396
1.0477 1.0834 0.94782
1.1262 0.99825 1.0204
1.1087 0.95379 0.99963
1.1089 1.002 1.0616
0.89045 0.94435 1.0034
0.98873 1.1491 1.1005
0.88476 0.88264 0.91979
1.0337 0.91853 1.0909
0.87083 1.0719 0.93845
1.1378 1.0645 1.1079
0.92788 1.0262 0.9571
0.94849 1.0031 0.91562
0.92258 0.97971 0.96354
1.1916 1.0492 1.0377
1.0504 0.99758 0.90642
1.0498 0.91375 1.0157
1.0146 0.95478 0.91837
1.0168 1.0699 0.89493
1.0507 0.99642 0.98787
1.0152 0.95568 1.1183
0.97356 1.0749 1.0348
1.1655 0.94975 1.0349
1.0512 1.0623 1.0935
0.92073 1.1361 0.96902
0.93911 0.94958 0.81429
1.0741 1.0421 1.0215
0.97451 1.0104 1.1024
0.91788 0.87693 0.88394
1.0056 0.94882 1.0106
1.0051 0.95064 1.0976
1.0102 1.0089 1.0378
1.1168 1.1277 0.94344
1.0656 0.99652 0.96122
1.0271 0.89222 0.97248
1.1153 1.0722 1.1953
1.1958 0.98683 0.99618
0.94741 1.0547 1.1468
0.97713 1.1898 1.0736
0.96759 0.91794 0.91671
0.94048 1.0599 1.0433
0.91319 0.93996 0.89218
0.98895 0.82373 1.0602
0.90629 0.94131 0.99784
1.0856 1.0523 1.0472
0.96558 1.0222 0.90358
1.0571 0.99662 0.96476
1.0474 1.0495 1.0555
0.96072 1.0041 0.9276
1.0079 1.0149 0.98799
0.88825 1.0954 0.98696
1.144 1.0822 0.94745
0.9576 0.98447 1.0497
0.98846 1.0294 1.0432
1.0399 1.0152 1.0318
1.0147 0.88247 0.98651
