10,0.334795
20,0.535668
30,0.53938
40,0.594575
50,0.667221
60,0.666667
70,0.666667
80,0.666667
90,0.666667
100,0.666667
110,0.666667
120,0.666667
130,0.666667
140,0.666667
150,0.666667
160,0.666667
170,0.666667
180,0.666667
190,0.666667
200,0.666667
210,0.666667
220,0.666667
230,0.666667
240,0.666667
250,0.666667
260,0.666667
270,0.666667
280,0.666667
290,0.666667
300,0.666667
310,0.666667
320,0.666667
330,0.666667
340,0.666667
350,0.666667
360,0.666667
370,0.666667
380,0.666667
390,0.666667
400,0.666667
410,0.666667
420,0.666667
430,0.666667
440,0.666667
450,0.666667
460,0.666667
470,0.666667
480,0.666667
490,0.666667
500,0.666667
510,0.666667
520,0.666667
530,0.666667
540,0.666667
550,0.666667
560,0.666667
570,0.666667
580,0.666667
590,0.666667
600,0.666667
610,0.666667
620,0.666667
630,0.666667
640,0.666667
650,0.666667
660,0.666667
670,0.666667
680,0.666667
690,0.666667
700,0.666667
710,0.666667
720,0.666667
730,0.666667
740,0.666667
750,0.666667
760,0.666667
770,0.666667
780,0.666667
790,0.666667
800,0.666667
810,0.666667
820,0.666667
830,0.666667
840,0.666667
850,0.666667
860,0.666667
870,0.666667
880,0.666667
890,0.666667
900,0.666667
910,0.666667
920,0.666667
930,0.666667
940,0.666667
950,0.666667
960,0.666667
970,0.666667
980,0.666667
990,0.666667
1000,0.666667
1010,0.666667
1020,0.666667
1030,0.666667
1040,0.666667
1050,0.666667
1060,0.666667
1070,0.666667
1080,0.666667
1090,0.666667
1100,0.666667
1110,0.666667
1120,0.666667
1130,0.666667
1140,0.666667
1150,0.666667
1160,0.666667
1170,0.666667
1180,0.666667
1190,0.666667
1200,0.666667
1210,0.666667
1220,0.666667
1230,0.666667
1240,0.666667
1250,0.666667
1260,0.666667
1270,0.666683
1280,0.6667
1290,0.6667
1300,0.666784
1310,0.666767
1320,0.666734
1330,0.666751
1340,0.666717
1350,0.666717
1360,0.666767
1370,0.666717
1380,0.666667
1390,0.666667
1400,0.666667
1410,0.666683
1420,0.666667
1430,0.666667
1440,0.666667
1450,0.666667
1460,0.666667
1470,0.666667
1480,0.666667
1490,0.666667
1500,0.666667
1510,0.666667
1520,0.666667
1530,0.666667
1540,0.666667
1550,0.666667
1560,0.666667
1570,0.666667
1580,0.666667
1590,0.666667
1600,0.666667
1610,0.666667
1620,0.666683
1630,0.666683
1640,0.666683
1650,0.6667
1660,0.666717
1670,0.6667
1680,0.666767
1690,0.666767
1700,0.666767
1710,0.666767
1720,0.666767
1730,0.666767
1740,0.666919
1750,0.666868
1760,0.666919
1770,0.666919
1780,0.666969
1790,0.667053
1800,0.667204
1810,0.667204
1820,0.667204
1830,0.667339
1840,0.667406
1850,0.667473
1860,0.667423
1870,0.667742
1880,0.667859
1890,0.668498
1900,0.668649
1910,0.668128
1920,0.668498
1930,0.668582
1940,0.668447
1950,0.669018
1960,0.668766
1970,0.668632
1980,0.668733
1990,0.668598
2000,0.668649
2010,0.668498
2020,0.668783
2030,0.668917
2040,0.668917
2050,0.668985
2060,0.668682
2070,0.669018
2080,0.6688
2090,0.668968
2100,0.669069
2110,0.669337
2120,0.668968
2130,0.669421
2140,0.66969
2150,0.669858
2160,0.669623
2170,0.669455
2180,0.66927
2190,0.669472
2200,0.669421
2210,0.669186
2220,0.668917
2230,0.669606
2240,0.669573
2250,0.669522
2260,0.669976
2270,0.669959
2280,0.669774
2290,0.669774
2300,0.669405
2310,0.669774
2320,0.669808
2330,0.670379
2340,0.670379
2350,0.670983
2360,0.670799
2370,0.670799
2380,0.670396
2390,0.670547
2400,0.67016
2410,0.669841
2420,0.67011
2430,0.670211
2440,0.669824
2450,0.670345
2460,0.670446
2470,0.670496
2480,0.670698
2490,0.671336
2500,0.671924
2510,0.672814
2520,0.673705
2530,0.672932
2540,0.67315
2550,0.673923
2560,0.67404
2570,0.675183
2580,0.675048
2590,0.674998
2600,0.67483
2610,0.675451
2620,0.67572
2630,0.675871
2640,0.675031
2650,0.673839
2660,0.674528
2670,0.674124
2680,0.673973
2690,0.673604
2700,0.673889
2710,0.674628
2720,0.675687
2730,0.675451
2740,0.674696
2750,0.674578
2760,0.674494
2770,0.675099
2780,0.675787
2790,0.67651
2800,0.677433
2810,0.678693
2820,0.678794
2830,0.681381
2840,0.681834
2850,0.682338
2860,0.682943
2870,0.683581
2880,0.68469
2890,0.683547
2900,0.683262
2910,0.68348
2920,0.682691
2930,0.682254
2940,0.682607
2950,0.683413
2960,0.683615
2970,0.683867
2980,0.684992
2990,0.684891
3000,0.6839
3010,0.682506
3020,0.6839
3030,0.683044
3040,0.684018
3050,0.685681
3060,0.685614
3070,0.686655
3080,0.687394
3090,0.68684
3100,0.685513
3110,0.684858
3120,0.686201
3130,0.68731
3140,0.68731
3150,0.686403
3160,0.686269
3170,0.686134
3180,0.686554
3190,0.686
3200,0.686403
3210,0.68605
3220,0.685815
3230,0.684639
3240,0.685261
3250,0.685177
3260,0.684471
3270,0.685496
3280,0.684589
3290,0.686823
3300,0.687847
3310,0.688099
3320,0.689124
3330,0.690014
3340,0.688351
3350,0.68988
3360,0.68941
3370,0.689762
3380,0.689846
3390,0.689124
3400,0.688486
3410,0.689107
3420,0.689141
3430,0.688603
3440,0.688318
3450,0.688872
3460,0.689544
3470,0.689695
3480,0.689443
3490,0.688452
3500,0.688469
3510,0.688351
3520,0.688721
3530,0.686856
3540,0.68521
3550,0.685278
3560,0.686453
3570,0.68726
3580,0.688133
3590,0.688335
3600,0.688654
3610,0.688049
3620,0.689242
3630,0.690182
3640,0.689494
3650,0.68951
3660,0.689275
3670,0.69114
3680,0.692013
3690,0.691408
3700,0.691072
3710,0.691022
3720,0.691543
3730,0.689494
3740,0.68909
3750,0.68993
3760,0.690249
3770,0.689174
3780,0.689158
3790,0.689141
3800,0.68983
3810,0.690653
3820,0.689729
3830,0.691358
3840,0.690384
3850,0.689846
3860,0.690031
3870,0.689846
3880,0.693004
3890,0.692668
3900,0.692467
3910,0.69166
3920,0.691425
3930,0.691711
3940,0.692685
3950,0.691812
3960,0.691896
3970,0.693021
3980,0.693978
3990,0.695171
4000,0.694969
4010,0.694449
4020,0.695675
4030,0.698497
4040,0.698782
4050,0.698967
4060,0.697522
4070,0.697002
4080,0.697321
4090,0.69638
4100,0.695154
4110,0.695087
4120,0.694213
4130,0.694482
4140,0.693458
4150,0.69339
4160,0.693407
4170,0.694919
4180,0.694247
4190,0.694398
4200,0.69334
4210,0.692685
4220,0.695171
4230,0.695221
4240,0.693525
4250,0.6925
4260,0.691576
4270,0.690804
4280,0.691173
4290,0.690804
4300,0.691291
4310,0.691828
4320,0.692315
4330,0.69166
4340,0.692786
4350,0.692752
4360,0.693021
4370,0.693256
4380,0.692887
4390,0.692383
4400,0.691828
4410,0.691324
4420,0.692551
4430,0.691593
4440,0.691576
4450,0.691543
4460,0.691291
4470,0.690938
4480,0.690938
4490,0.69208
4500,0.690753
4510,0.69119
4520,0.691173
4530,0.689393
4540,0.688351
4550,0.688251
4560,0.687612
4570,0.687747
4580,0.687915
4590,0.687663
4600,0.68731
4610,0.687965
4620,0.689594
4630,0.690888
4640,0.69077
4650,0.691291
4660,0.690585
4670,0.689426
4680,0.689242
4690,0.689913
4700,0.690737
4710,0.689662
4720,0.690048
4730,0.690333
4740,0.691442
4750,0.690888
4760,0.691291
4770,0.691912
4780,0.690787
4790,0.68951
4800,0.68993
4810,0.689443
4820,0.689594
4830,0.689796
4840,0.689426
4850,0.689578
4860,0.689426
4870,0.690384
4880,0.690837
4890,0.690216
4900,0.690552
4910,0.690216
4920,0.69208
4930,0.693743
4940,0.693474
4950,0.694213
4960,0.696028
4970,0.696464
4980,0.699874
4990,0.702209
5000,0.704611
5010,0.706374
5020,0.711565
5030,0.709364
5040,0.70876
5050,0.707802
5060,0.710355
5070,0.71054
5080,0.710439
5090,0.711296
5100,0.711111
5110,0.708272
5120,0.710641
5130,0.710087
5140,0.707937
5150,0.706626
5160,0.706442
5170,0.706509
5180,0.707214
5190,0.708844
5200,0.710523
5210,0.709851
5220,0.708625
5230,0.710406
5240,0.708037
5250,0.707147
5260,0.709247
5270,0.707937
5280,0.706206
5290,0.704376
5300,0.703939
5310,0.704275
5320,0.707214
5330,0.707231
5340,0.706862
5350,0.705921
5360,0.705954
5370,0.706811
5380,0.706979
5390,0.708491
5400,0.711078
5410,0.710288
5420,0.712724
5430,0.719106
5440,0.717947
5450,0.720954
5460,0.719745
5470,0.718048
5480,0.720601
5490,0.717897
5500,0.718435
5510,0.72003
5520,0.720333
5530,0.719728
5540,0.722667
5550,0.72564
5560,0.724347
5570,0.725254
5580,0.723104
5590,0.724985
5600,0.723608
5610,0.72606
5620,0.72685
5630,0.725808
5640,0.724179
5650,0.724733
5660,0.72475
5670,0.726245
5680,0.725624
5690,0.725103
5700,0.724666
5710,0.723154
5720,0.720349
5730,0.721995
5740,0.722063
5750,0.721592
5760,0.720568
5770,0.720165
5780,0.71872
5790,0.715865
5800,0.715814
5810,0.717024
5820,0.716503
5830,0.718065
5840,0.718586
5850,0.716335
5860,0.717578
5870,0.716385
5880,0.717477
5890,0.716335
5900,0.71526
5910,0.715294
5920,0.713144
5930,0.712908
5940,0.71353
5950,0.712824
5960,0.713379
5970,0.711867
5980,0.7097
5990,0.715865
6000,0.716469
6010,0.715629
6020,0.71919
6030,0.71699
6040,0.71526
6050,0.714084
6060,0.712791
6070,0.713311
6080,0.714773
6090,0.714336
6100,0.714571
6110,0.715898
6120,0.71615
6130,0.71914
6140,0.721928
6150,0.721979
6160,0.722281
6170,0.722466
6180,0.724616
6190,0.72307
6200,0.724246
6210,0.722936
6220,0.725556
6230,0.72391
6240,0.722634
6250,0.721962
6260,0.720282
6270,0.721424
6280,0.722231
6290,0.723222
6300,0.722701
6310,0.722382
6320,0.723255
6330,0.725472
6340,0.726547
6350,0.729655
6360,0.731015
6370,0.735416
6380,0.735483
6390,0.737062
6400,0.740942
6410,0.743025
6420,0.745965
6430,0.744503
6440,0.746233
6450,0.74625
6460,0.746267
6470,0.747107
6480,0.744789
6490,0.744033
6500,0.742202
6510,0.741127
6520,0.741261
6530,0.742084
6540,0.742269
6550,0.742437
6560,0.739582
6570,0.741984
6580,0.742975
6590,0.744033
6600,0.747375
6610,0.750164
6620,0.749173
6630,0.748165
6640,0.750382
6650,0.749458
6660,0.749038
6670,0.748568
6680,0.748518
6690,0.748014
6700,0.748669
6710,0.749996
6720,0.749038
6730,0.752868
6740,0.753792
6750,0.753758
6760,0.754027
6770,0.754128
6780,0.751726
6790,0.753725
6800,0.75401
6810,0.752163
6820,0.751272
6830,0.751541
6840,0.751709
6850,0.751877
6860,0.751978
6870,0.75522
6880,0.757605
6890,0.75784
6900,0.760124
6910,0.757067
6920,0.757319
6930,0.756143
6940,0.754279
6950,0.753422
6960,0.755455
6970,0.755186
