10,0.6
20,0.7
30,0.8
40,0.7
50,0.9
60,0.7
70,0.7
80,0.6
90,0.8
100,0.7
110,0.6
120,1
130,0.8
140,0.8
150,0.9
160,0.7
170,0.8
180,0.7
190,0.9
200,0.3
210,0.4
220,0.9
230,0.7
240,0.7
250,0.7
260,0.8
270,0.4
280,0.8
290,0.8
300,0.7
310,0.5
320,0.5
330,0.5
340,0.9
350,0.5
360,0.8
370,0.6
380,0.7
390,0.6
400,0.7
410,0.5
420,0.9
430,0.7
440,0.5
450,0.4
460,0.7
470,0.6
480,0.4
490,0.5
500,0.6
510,0.5
520,0.5
530,0.8
540,1
550,0.7
560,0.9
570,0.7
580,0.7
590,0.7
600,0.8
610,0.7
620,0.5
630,0.6
640,0.4
650,0.8
660,0.6
670,0.6
680,0.8
690,0.8
700,0.8
710,0.7
720,0.6
730,0.8
740,1
750,0.7
760,0.6
770,0.7
780,0.6
790,0.5
800,0.7
810,0.8
820,0.7
830,0.4
840,0.7
850,0.4
860,0.5
870,0.5
880,0.6
890,0.6
900,0.7
910,0.8
920,0.9
930,0.8
940,0.4
950,0.5
960,0.7
970,0.6
980,0.6
990,0.6
1000,0.9
1010,0.6
1020,0.7
1030,0.6
1040,0.8
1050,1
1060,0.7
1070,0.8
1080,0.5
1090,0.6
1100,0.5
1110,0.6
1120,0.7
1130,0.6
1140,0.5
1150,0.5
1160,0.5
1170,0.7
1180,0.5
1190,0.8
1200,0.6
1210,0.7
1220,0.5
1230,0.8
1240,0.5
1250,0.7
1260,0.5
1270,0.6
1280,0.6
1290,0.7
1300,0.5
1310,0.7
1320,1
1330,0.3
1340,0.7
1350,0.6
1360,0.7
1370,0.6
1380,1
1390,0.6
1400,0.7
1410,0.5
1420,0.8
1430,0.6
1440,0.8
1450,0.7
1460,0.6
1470,0.6
1480,0.8
1490,0.7
1500,0.6
1510,0.7
1520,0.6
1530,0.7
1540,0.7
1550,0.6
1560,0.8
1570,0.5
1580,0.8
1590,0.5
1600,0.7
1610,0.7
1620,0.5
1630,0.7
1640,0.8
1650,0.5
1660,0.4
1670,0.9
1680,0.3
1690,0.7
1700,0.9
1710,0.6
1720,0.7
1730,0.8
1740,0.3
1750,0.8
1760,0.6
1770,0.8
1780,0.6
1790,0.6
1800,0.6
1810,0.6
1820,0.7
1830,0.4
1840,0.6
1850,0.5
1860,0.7
1870,0.5
1880,0.5
1890,0.4
1900,0.6
1910,0.9
1920,0.5
1930,0.6
1940,0.8
1950,0.5
1960,0.9
1970,0.7
1980,0.8
1990,0.8
2000,0.5
2010,0.7
2020,0.6
2030,0.6
2040,0.6
2050,0.6
2060,0.9
2070,0.4
2080,0.8
2090,0.6
2100,0.6
2110,0.6
2120,0.8
2130,0.7
2140,0.5
2150,0.5
2160,0.7
2170,0.7
2180,0.9
2190,0.6
2200,0.7
2210,0.7
2220,0.8
2230,0.5
2240,0.6
2250,0.8
2260,0.5
2270,0.8
2280,0.8
2290,0.6
2300,1
2310,0.5
2320,0.5
2330,0.6
2340,0.6
2350,0.4
2360,0.7
2370,0.6
2380,0.9
2390,0.5
2400,0.8
2410,0.8
2420,0.6
2430,0.7
2440,0.8
2450,0.5
2460,0.9
2470,0.6
2480,0.8
2490,0.4
2500,0.5
2510,0.6
2520,0.5
2530,0.9
2540,0.7
2550,0.4
2560,0.5
2570,0.5
2580,0.6
2590,0.7
2600,0.9
2610,0.7
2620,0.6
2630,0.7
2640,0.9
2650,1
2660,0.5
2670,0.9
2680,0.9
2690,0.9
2700,0.7
2710,0.7
2720,0.3
2730,0.5
2740,0.9
2750,0.7
2760,0.7
2770,0.5
2780,0.4
2790,0.5
2800,0.7
2810,0.7
2820,0.6
2830,0.1
2840,0.5
2850,0.6
2860,0.8
2870,0.7
2880,0.7
2890,0.7
2900,0.7
2910,0.7
2920,0.7
2930,0.9
2940,0.5
2950,0.5
2960,0.6
2970,0.6
2980,0.7
2990,0.5
3000,0.8
3010,0.9
3020,0.5
3030,0.8
3040,0.6
3050,0.5
3060,0.6
3070,0.5
3080,0.7
3090,0.7
3100,0.9
3110,0.7
3120,0.5
3130,0.5
3140,0.7
3150,0.6
3160,0.8
3170,0.7
3180,0.6
3190,0.6
3200,0.6
3210,0.8
3220,0.7
3230,0.8
3240,0.6
3250,0.8
3260,0.8
3270,0.7
3280,0.9
3290,0.6
3300,0.7
3310,0.6
3320,0.6
3330,0.8
3340,0.9
3350,0.7
3360,0.7
3370,0.7
3380,0.5
3390,0.9
3400,0.7
3410,0.8
3420,0.7
3430,0.8
3440,0.7
3450,0.8
3460,0.6
3470,0.8
3480,0.7
3490,0.8
3500,0.7
3510,0.7
3520,0.7
3530,1
3540,0.9
3550,0.8
3560,0.6
3570,0.7
3580,0.6
3590,0.7
3600,0.6
3610,0.6
3620,0.6
3630,0.6
3640,0.7
3650,0.7
3660,0.7
3670,0.4
3680,0.6
3690,0.7
3700,0.7
3710,0.6
3720,0.6
3730,0.9
3740,0.9
3750,0.8
3760,0.8
3770,0.9
3780,0.6
3790,0.7
3800,0.6
3810,0.6
3820,0.9
3830,0.6
3840,0.8
3850,0.8
3860,0.7
3870,0.7
3880,0.5
3890,0.8
3900,0.7
3910,1
3920,0.8
3930,0.8
3940,0.5
3950,0.7
3960,0.8
3970,0.6
3980,0.6
3990,0.6
4000,0.7
4010,0.8
4020,0.7
4030,0.4
4040,0.7
4050,0.9
4060,0.7
4070,0.5
4080,0.7
4090,0.7
4100,0.9
4110,0.8
4120,0.9
4130,0.6
4140,0.8
4150,0.7
4160,0.7
4170,0.6
4180,0.8
4190,0.8
4200,0.9
4210,0.8
4220,0.5
4230,0.6
4240,0.9
4250,0.8
4260,0.7
4270,0.7
4280,0.8
4290,0.8
4300,0.6
4310,0.8
4320,0.7
4330,0.9
4340,0.8
4350,0.7
4360,0.8
4370,0.9
4380,0.7
4390,0.7
4400,0.6
4410,0.8
4420,0.5
4430,0.8
4440,0.7
4450,0.7
4460,0.7
4470,0.9
4480,0.7
4490,0.6
4500,0.9
4510,0.8
4520,0.9
4530,0.8
4540,0.9
4550,0.8
4560,0.9
4570,0.8
4580,0.8
4590,0.8
4600,0.7
4610,0.6
4620,0.4
4630,0.5
4640,0.7
4650,0.8
4660,0.8
4670,0.9
4680,0.7
4690,0.6
4700,0.7
4710,0.9
4720,0.4
4730,0.5
4740,0.6
4750,0.6
4760,0.5
4770,0.7
4780,0.9
4790,0.9
4800,0.8
4810,0.8
4820,0.8
4830,0.6
4840,0.8
4850,0.7
4860,0.7
4870,0.5
4880,0.7
4890,0.7
4900,0.8
4910,0.8
4920,0.3
4930,0.6
4940,0.7
4950,0.6
4960,0.5
4970,0.6
4980,0.7
4990,0.5
5000,0.6
5010,0.6
5020,0.6
5030,0.8
5040,0.7
5050,0.9
5060,0.4
5070,0.6
5080,0.5
5090,0.7
5100,0.8
5110,1
5120,0.7
5130,1
5140,0.9
5150,0.9
5160,0.6
5170,0.8
5180,0.7
5190,0.6
5200,0.6
5210,0.9
5220,0.8
5230,0.8
5240,0.8
5250,0.9
5260,0.6
5270,0.8
5280,0.9
5290,0.9
5300,0.8
5310,0.7
5320,0.8
5330,0.8
5340,0.8
5350,1
5360,0.8
5370,0.6
5380,0.6
5390,0.7
5400,0.7
5410,0.8
5420,0.8
5430,0.4
5440,0.9
5450,0.7
5460,0.9
5470,0.7
5480,0.7
5490,0.9
5500,0.5
5510,0.5
5520,0.8
5530,0.7
5540,0.6
5550,0.7
5560,0.7
5570,0.8
5580,0.7
5590,0.7
5600,0.8
5610,0.6
5620,0.8
5630,0.8
5640,0.9
5650,0.8
5660,0.8
5670,0.8
5680,0.8
5690,0.9
5700,0.9
5710,0.8
5720,1
5730,0.6
5740,0.6
5750,0.7
5760,0.7
5770,0.7
5780,0.8
5790,0.9
5800,0.7
5810,0.5
5820,0.8
5830,0.6
5840,0.7
5850,0.9
5860,0.7
5870,0.7
5880,0.7
5890,0.9
5900,0.7
5910,0.9
5920,0.9
5930,0.7
5940,0.8
5950,0.7
5960,0.8
5970,0.7
5980,0.8
5990,0.5
6000,0.9
6010,0.9
6020,0.4
6030,0.8
6040,0.9
6050,0.8
6060,0.8
6070,0.6
6080,0.7
6090,0.8
6100,0.6
6110,0.5
6120,0.8
6130,0.6
6140,0.7
6150,0.8
6160,0.5
6170,0.9
6180,0.7
6190,0.8
6200,0.6
6210,0.8
6220,0.5
6230,0.9
6240,0.9
6250,0.7
6260,0.8
6270,0.6
6280,1
6290,0.5
6300,0.9
6310,0.8
6320,0.5
6330,0.6
6340,0.7
6350,0.7
6360,0.8
6370,0.5
6380,0.7
6390,0.5
6400,0.7
6410,0.5
6420,0.5
6430,0.8
6440,0.5
6450,0.7
6460,0.9
6470,0.7
6480,0.9
6490,0.9
6500,0.8
6510,0.7
6520,0.8
6530,0.7
6540,0.7
6550,0.7
6560,0.7
6570,0.8
6580,0.9
6590,0.8
6600,0.6
6610,0.6
6620,0.9
6630,0.7
6640,0.8
6650,0.6
6660,0.8
6670,0.7
6680,0.7
6690,1
6700,0.6
6710,0.8
6720,0.9
6730,0.6
6740,0.5
6750,0.8
6760,0.8
6770,0.8
6780,0.8
6790,0.6
6800,0.7
6810,0.9
6820,0.9
6830,0.7
6840,0.5
6850,0.9
6860,0.7
6870,0.6
6880,0.7
6890,0.9
6900,0.6
6910,1
6920,0.7
6930,0.8
6940,0.9
6950,0.8
6960,0.6
6970,0.9
