10,0.334972
20,0.570406
30,0.571201
40,0.611423
50,0.667204
60,0.666667
70,0.666667
80,0.666667
90,0.666667
100,0.666667
110,0.666667
120,0.666667
130,0.666667
140,0.666667
150,0.666667
160,0.666667
170,0.666667
180,0.666667
190,0.666667
200,0.666667
210,0.666667
220,0.666667
230,0.666667
240,0.666667
250,0.666667
260,0.666667
270,0.666667
280,0.666667
290,0.666667
300,0.666667
310,0.666667
320,0.666667
330,0.666667
340,0.666667
350,0.666667
360,0.666667
370,0.666667
380,0.666667
390,0.666667
400,0.666667
410,0.666667
420,0.666667
430,0.666667
440,0.666667
450,0.666667
460,0.666667
470,0.666667
480,0.666667
490,0.666667
500,0.666667
510,0.666667
520,0.666667
530,0.666667
540,0.666667
550,0.666667
560,0.666667
570,0.666667
580,0.666667
590,0.666667
600,0.666667
610,0.666667
620,0.666667
630,0.666667
640,0.666667
650,0.666667
660,0.666667
670,0.666667
680,0.666667
690,0.666667
700,0.666667
710,0.666667
720,0.666667
730,0.666667
740,0.666667
750,0.666667
760,0.666667
770,0.666667
780,0.666667
790,0.666667
800,0.666667
810,0.666667
820,0.666667
830,0.666667
840,0.666667
850,0.666667
860,0.666667
870,0.666667
880,0.666667
890,0.666667
900,0.666667
910,0.666667
920,0.666667
930,0.666667
940,0.666667
950,0.666667
960,0.666667
970,0.666667
980,0.666667
990,0.666667
1000,0.666667
1010,0.666667
1020,0.666667
1030,0.666667
1040,0.666667
1050,0.666667
1060,0.666667
1070,0.666667
1080,0.666667
1090,0.666667
1100,0.666667
1110,0.666667
1120,0.666667
1130,0.666667
1140,0.666667
1150,0.666667
1160,0.666667
1170,0.666667
1180,0.666667
1190,0.666667
1200,0.666667
1210,0.666667
1220,0.666667
1230,0.666667
1240,0.666667
1250,0.666667
1260,0.666667
1270,0.66667
1280,0.666681
1290,0.666681
1300,0.666715
1310,0.666707
1320,0.666692
1330,0.666692
1340,0.666685
1350,0.666685
1360,0.666692
1370,0.666689
1380,0.66667
1390,0.66667
1400,0.666667
1410,0.666678
1420,0.666667
1430,0.666667
1440,0.666667
1450,0.666667
1460,0.666667
1470,0.666667
1480,0.666667
1490,0.666667
1500,0.666667
1510,0.666667
1520,0.666667
1530,0.666667
1540,0.666667
1550,0.666667
1560,0.666667
1570,0.666667
1580,0.666667
1590,0.666667
1600,0.666667
1610,0.666667
1620,0.66667
1630,0.66667
1640,0.66667
1650,0.666678
1660,0.666689
1670,0.666681
1680,0.6667
1690,0.666703
1700,0.666696
1710,0.6667
1720,0.6667
1730,0.666707
1740,0.666847
1750,0.666788
1760,0.666843
1770,0.666847
1780,0.666865
1790,0.666913
1800,0.667153
1810,0.667156
1820,0.667142
1830,0.667263
1840,0.667333
1850,0.667421
1860,0.667381
1870,0.667613
1880,0.667793
1890,0.668323
1900,0.668471
1910,0.668099
1920,0.668283
1930,0.668404
1940,0.668242
1950,0.668721
1960,0.668559
1970,0.668467
1980,0.668526
1990,0.668412
2000,0.668467
2010,0.668309
2020,0.668563
2030,0.668644
2040,0.668644
2050,0.668714
2060,0.668489
2070,0.668728
2080,0.668566
2090,0.668714
2100,0.668747
2110,0.668876
2120,0.668714
2130,0.668935
2140,0.669181
2150,0.669251
2160,0.669155
2170,0.668949
2180,0.668861
2190,0.668949
2200,0.668942
2210,0.668787
2220,0.668692
2230,0.669133
2240,0.669089
2250,0.669001
2260,0.669292
2270,0.669273
2280,0.669207
2290,0.669207
2300,0.66892
2310,0.669203
2320,0.669214
2330,0.669586
2340,0.669553
2350,0.670146
2360,0.669947
2370,0.669947
2380,0.669608
2390,0.669722
2400,0.669457
2410,0.669248
2420,0.669421
2430,0.669479
2440,0.66924
2450,0.669538
2460,0.669619
2470,0.669686
2480,0.669844
2490,0.670455
2500,0.670959
2510,0.671674
2520,0.672329
2530,0.671766
2540,0.671976
2550,0.672528
2560,0.672631
2570,0.673408
2580,0.673305
2590,0.673268
2600,0.673165
2610,0.673551
2620,0.673746
2630,0.673857
2640,0.673286
2650,0.672454
2660,0.672959
2670,0.67269
2680,0.672609
2690,0.672318
2700,0.672565
2710,0.672988
2720,0.673713
2730,0.673562
2740,0.673036
2750,0.67297
2760,0.6729
2770,0.673334
2780,0.673783
2790,0.67442
2800,0.675116
2810,0.675955
2820,0.676051
2830,0.678378
2840,0.678868
2850,0.67939
2860,0.679836
2870,0.680502
2880,0.681275
2890,0.680432
2900,0.680079
2910,0.680304
2920,0.679689
2930,0.679262
2940,0.679626
2950,0.68027
2960,0.680454
2970,0.680708
2980,0.681434
2990,0.681364
3000,0.680731
3010,0.67956
3020,0.680731
3030,0.679921
3040,0.680812
3050,0.682049
3060,0.681997
3070,0.682899
3080,0.683683
3090,0.68301
3100,0.681883
3110,0.681356
3120,0.682454
3130,0.683418
3140,0.68354
3150,0.682689
3160,0.682524
3170,0.682373
3180,0.682825
3190,0.682306
3200,0.682634
3210,0.682347
3220,0.682137
3230,0.681209
3240,0.681662
3250,0.681526
3260,0.681055
3270,0.681865
3280,0.68115
3290,0.683002
3300,0.683956
3310,0.68425
3320,0.685196
3330,0.686017
3340,0.684471
3350,0.685892
3360,0.685436
3370,0.685811
3380,0.685844
3390,0.685193
3400,0.684552
3410,0.685171
3420,0.685222
3430,0.68474
3440,0.684442
3450,0.684887
3460,0.685539
3470,0.685693
3480,0.685484
3490,0.684534
3500,0.684607
3510,0.684467
3520,0.684791
3530,0.683113
3540,0.681544
3550,0.681666
3560,0.682767
3570,0.683477
3580,0.68428
3590,0.684442
3600,0.68471
3610,0.684166
3620,0.685285
3630,0.686246
3640,0.685484
3650,0.685502
3660,0.685311
3670,0.686894
3680,0.687615
3690,0.687104
3700,0.686853
3710,0.686754
3720,0.687148
3730,0.685487
3740,0.685152
3750,0.685911
3760,0.686294
3770,0.685211
3780,0.6852
3790,0.685182
3800,0.685819
3810,0.686555
3820,0.685716
3830,0.687067
3840,0.68633
3850,0.685848
3860,0.686032
3870,0.685855
3880,0.688399
3890,0.688101
3900,0.687994
3910,0.687317
3920,0.687148
3930,0.687358
3940,0.688134
3950,0.687538
3960,0.687626
3970,0.688392
3980,0.689346
3990,0.690299
4000,0.6901
4010,0.689677
4020,0.690756
4030,0.693462
4040,0.693767
4050,0.693951
4060,0.692788
4070,0.692361
4080,0.69256
4090,0.691779
4100,0.690303
4110,0.690163
4120,0.689559
4130,0.689762
4140,0.688749
4150,0.688705
4160,0.688698
4170,0.69003
4180,0.689526
4190,0.689629
4200,0.688665
4210,0.688186
4220,0.69027
4230,0.690373
4240,0.688856
4250,0.688006
4260,0.68735
4270,0.686702
4280,0.687004
4290,0.686673
4300,0.687096
4310,0.687497
4320,0.687913
4330,0.687431
4340,0.688237
4350,0.688212
4360,0.688477
4370,0.688624
4380,0.688388
4390,0.687928
4400,0.687516
4410,0.687063
4420,0.68802
4430,0.687335
4440,0.687273
4450,0.687313
4460,0.687067
4470,0.686791
4480,0.686794
4490,0.68777
4500,0.686614
4510,0.686989
4520,0.686982
4530,0.685384
4540,0.684438
4550,0.684361
4560,0.683635
4570,0.683775
4580,0.684007
4590,0.683658
4600,0.683484
4610,0.684107
4620,0.685668
4630,0.686787
4640,0.686647
4650,0.687041
4660,0.686522
4670,0.685417
4680,0.685263
4690,0.685859
4700,0.686607
4710,0.685705
4720,0.68597
4730,0.686297
4740,0.687188
4750,0.686802
4760,0.687008
4770,0.68763
4780,0.686695
4790,0.685579
4800,0.685907
4810,0.685495
4820,0.685646
4830,0.685815
4840,0.685447
4850,0.685646
4860,0.685491
4870,0.686341
4880,0.686713
4890,0.686168
4900,0.686467
4910,0.686183
4920,0.687737
4930,0.689084
4940,0.688797
4950,0.68953
4960,0.691304
4970,0.691904
4980,0.69464
4990,0.696562
5000,0.698274
5010,0.699872
5020,0.704378
5030,0.702327
5040,0.701856
5050,0.701112
5060,0.703303
5070,0.703538
5080,0.703329
5090,0.704128
5100,0.70398
5110,0.701491
5120,0.703572
5130,0.703097
5140,0.701145
5150,0.70003
5160,0.699875
5170,0.699945
5180,0.700442
5190,0.701871
5200,0.703406
5210,0.702747
5220,0.701786
5230,0.703281
5240,0.701296
5250,0.70038
5260,0.702224
5270,0.701131
5280,0.699651
5290,0.698178
5300,0.697784
5310,0.698012
5320,0.700424
5330,0.700468
5340,0.700144
5350,0.699356
5360,0.699397
5370,0.700078
5380,0.700214
5390,0.701635
5400,0.703988
5410,0.703189
5420,0.705427
5430,0.711303
5440,0.710154
5450,0.712485
5460,0.711686
5470,0.710291
5480,0.71233
5490,0.710195
5500,0.710677
5510,0.711911
5520,0.712183
5530,0.711675
5540,0.713751
5550,0.716531
5560,0.71522
5570,0.716104
5580,0.714134
5590,0.715725
5600,0.714686
5610,0.716892
5620,0.717521
5630,0.716704
5640,0.715114
5650,0.715467
5660,0.715489
5670,0.717116
5680,0.71656
5690,0.715784
5700,0.715441
5710,0.71427
5720,0.712095
5730,0.713251
5740,0.713287
5750,0.712934
5760,0.712282
5770,0.711885
5780,0.71085
5790,0.708041
5800,0.707975
5810,0.709403
5820,0.708855
5830,0.710338
5840,0.710762
5850,0.708682
5860,0.709911
5870,0.708733
5880,0.709775
5890,0.708711
5900,0.707456
5910,0.707522
5920,0.705703
5930,0.705427
5940,0.706038
5950,0.705368
5960,0.705968
5970,0.70454
5980,0.702563
5990,0.708078
6000,0.708829
6010,0.707857
6020,0.711347
6030,0.709436
6040,0.70743
6050,0.706462
6060,0.705302
6070,0.705847
6080,0.706881
6090,0.706583
6100,0.706767
6110,0.708199
6120,0.708406
6130,0.711292
6140,0.713081
6150,0.713118
6160,0.71331
6170,0.713475
6180,0.715489
6190,0.713994
6200,0.714985
6210,0.713899
6220,0.716222
6230,0.714742
6240,0.713641
6250,0.713166
6260,0.712128
6270,0.71286
6280,0.713328
6290,0.714131
6300,0.713718
6310,0.713494
6320,0.714171
6330,0.716181
6340,0.717035
6350,0.719914
6360,0.721052
6370,0.725555
6380,0.725595
6390,0.727134
6400,0.730455
6410,0.732344
6420,0.735381
6430,0.733971
6440,0.735639
6450,0.735606
6460,0.735628
6470,0.736486
6480,0.734214
6490,0.733294
6500,0.731578
6510,0.730595
6520,0.730676
6530,0.731379
6540,0.731593
6550,0.731751
6560,0.72924
6570,0.731294
6580,0.73227
6590,0.733312
6600,0.736747
6610,0.739287
6620,0.738477
6630,0.737605
6640,0.739736
6650,0.738713
6660,0.738253
6670,0.738036
6680,0.738028
6690,0.737391
6700,0.738069
6710,0.739188
6720,0.738293
6730,0.742251
6740,0.743043
6750,0.743043
6760,0.743153
6770,0.743367
6780,0.741279
6790,0.742991
6800,0.743153
6810,0.741702
6820,0.740812
6830,0.741091
6840,0.741334
6850,0.741485
6860,0.741548
6870,0.744651
6880,0.746724
6890,0.746879
6900,0.74876
6910,0.746393
6920,0.746581
6930,0.745539
6940,0.743536
6950,0.742608
6960,0.744861
