11,1
13,0.9
14,0.9
15,0.9
16,0.9
17,0.9
18,0.9
19,0.9
20,0.9
22,0.9
23,0.9
24,0.9
25,0.9
26,0.9
27,0.9
28,0.9
29,0.9
30,0.9
31,1
32,1
33,1
34,1
35,1
36,1
37,1
38,1
39,1
40,0.9
43,1
50,0.9
51,0.9
52,0.9
54,0.9
55,1
56,1
57,0.9
58,0.9
59,0.9
67,0.9
68,1
69,1
70,1
71,1
72,1
73,1
74,1
75,0.9
76,0.9
77,0.9
89,0.8
90,0.9
91,0.9
92,0.8
93,0.8
94,0.8
95,0.9
96,0.9
97,0.9
98,0.9
99,0.9
100,0.9
101,0.9
102,1
103,1
104,1
105,1
106,1
107,1
108,1
109,1
110,1
111,1
112,1
123,1
124,1
125,1
126,1
127,1
128,1
129,0.9
139,0.9
140,1
141,1
142,1
143,1
144,1
145,1
146,1
147,1
148,1
149,0.9
159,0.9
160,1
161,1
162,1
163,1
164,1
165,1
166,1
167,1
168,1
169,1
170,1
171,1
172,1
173,1
174,1
175,1
176,1
177,1
184,1
185,1
196,0.9
197,1
198,0.9
199,0.9
200,0.9
201,0.9
202,0.9
203,0.9
204,0.9
205,0.9
206,0.9
208,1
209,1
210,1
211,1
212,1
213,1
214,0.9
215,0.9
216,0.9
217,0.9
224,1
225,1
226,1
227,0.9
228,0.9
229,0.9
230,0.9
231,0.9
232,0.9
233,0.9
237,1
238,1
239,1
240,1
241,1
242,1
243,1
244,1
245,1
246,1
247,1
248,1
249,1
250,1
251,1
252,1
253,1
254,1
255,1
256,1
257,1
258,1
269,0.9
270,0.9
271,0.9
272,0.9
273,0.9
274,0.9
275,1
276,1
277,1
278,1
279,1
280,1
281,1
282,0.9
283,0.9
284,0.9
292,1
293,1
294,1
295,1
296,1
297,1
298,1
299,1
300,1
301,1
302,1
303,1
304,1
305,1
306,1
307,1
319,0.8
320,0.9
321,0.9
322,0.9
323,0.9
324,0.9
325,0.8
326,0.8
327,0.9
328,0.9
329,0.9
330,0.9
331,0.9
332,0.9
333,0.9
334,0.9
335,1
336,1
337,1
338,1
339,1
340,1
341,1
342,1
343,1
344,1
355,0.9
356,0.9
357,0.9
358,0.9
359,0.9
360,0.9
361,1
362,1
363,1
364,1
365,1
366,1
367,1
368,1
369,1
370,1
371,1
372,1
373,1
374,1
375,1
376,1
377,1
378,1
379,1
380,1
381,1
382,1
383,1
384,1
385,1
386,1
387,1
388,1
389,1
390,1
391,1
392,1
393,1
394,1
395,1
396,1
397,1
398,1
399,1
400,1
401,1
402,1
413,0.9
414,0.9
415,1
416,1
417,1
418,1
419,1
420,1
421,1
422,1
423,1
424,1
425,1
426,1
427,1
428,1
431,1
432,1
433,1
434,1
435,1
436,1
437,1
438,1
439,1
440,1
441,1
442,1
443,1
444,1
445,1
446,1
447,1
448,1
449,1
450,1
451,1
452,1
453,1
454,1
455,1
456,1
457,1
458,1
459,1
460,1
461,1
462,1
463,1
464,1
465,1
466,1
477,0.9
479,1
480,1
481,1
482,1
483,1
484,1
485,1
486,1
488,1
489,1
490,1
491,1
492,1
497,0.8
503,0.9
504,0.9
505,1
506,1
507,0.8
508,0.8
509,0.8
510,0.8
511,0.8
512,0.8
513,1
514,1
515,1
516,1
517,1
518,1
519,0.9
520,0.9
521,0.9
522,0.9
530,0.9
531,0.9
532,0.9
533,0.9
534,0.9
535,0.9
536,1
537,0.9
538,0.9
539,0.9
540,0.9
541,0.9
542,0.9
543,0.9
547,0.9
548,0.9
549,0.9
550,0.9
551,0.9
552,0.9
553,0.9
554,1
555,1
556,1
557,1
558,1
559,1
560,1
561,1
562,1
563,1
564,1
575,1
576,1
577,1
578,1
579,1
580,1
581,1
582,1
583,1
584,1
585,1
586,1
587,1
588,1
589,1
594,1
595,1
596,1
597,1
601,1
602,1
603,1
604,1
608,0.3
609,0.6
610,0.9
615,0.8
616,0.9
618,0.5
619,0.8
622,0.3
623,0.3
627,0.7
628,0.7
629,0.8
630,0.3
631,0.8
632,0.8
633,0.8
634,0.7
635,0.7
646,0.5
647,0.5
648,0.4
649,0.4
650,0.6
651,0.6
652,0.6
653,0.6
654,0.7
655,0.6
656,0.7
657,0.8
658,0.8
659,0.6
660,0.6
661,0.6
662,0.7
671,0.6
672,0.8
673,0.7
674,0.8
675,0.7
677,0.4
678,0.6
679,0.5
685,0.7
