11,0.891654
13,0.881406
14,0.879941
15,0.88287
16,0.879941
17,0.871157
18,0.859444
19,0.853587
20,0.850659
22,0.852123
23,0.863836
24,0.860908
25,0.860908
26,0.860908
27,0.853587
28,0.860908
29,0.88287
30,0.872621
31,0.875549
32,0.875549
33,0.874085
34,0.874085
35,0.874085
36,0.871157
37,0.871157
38,0.871157
39,0.871157
40,0.871157
43,0.879941
50,0.885798
51,0.885798
52,0.885798
54,0.885798
55,0.885798
56,0.885798
57,0.887262
58,0.89019
59,0.888726
67,0.878477
68,0.874085
69,0.874085
70,0.871157
71,0.871157
72,0.871157
73,0.871157
74,0.871157
75,0.871157
76,0.875549
77,0.875549
89,0.900439
90,0.898975
91,0.898975
92,0.900439
93,0.900439
94,0.900439
95,0.900439
96,0.900439
97,0.900439
98,0.900439
99,0.900439
100,0.900439
101,0.900439
102,0.898975
103,0.903367
104,0.906296
105,0.906296
106,0.906296
107,0.906296
108,0.906296
109,0.906296
110,0.906296
111,0.906296
112,0.90776
123,0.906296
124,0.906296
125,0.906296
126,0.906296
127,0.906296
128,0.906296
129,0.904832
139,0.904832
140,0.904832
141,0.904832
142,0.904832
143,0.904832
144,0.904832
145,0.904832
146,0.904832
147,0.904832
148,0.904832
149,0.904832
159,0.910688
160,0.910688
161,0.910688
162,0.910688
163,0.910688
164,0.910688
165,0.910688
166,0.910688
167,0.910688
168,0.910688
169,0.910688
170,0.910688
171,0.910688
172,0.912152
173,0.912152
174,0.912152
175,0.912152
176,0.910688
177,0.912152
184,0.919473
185,0.922401
196,0.923865
197,0.923865
198,0.923865
199,0.923865
200,0.923865
201,0.923865
202,0.923865
203,0.923865
204,0.923865
205,0.923865
206,0.923865
208,0.923865
209,0.923865
210,0.923865
211,0.923865
212,0.923865
213,0.923865
214,0.923865
215,0.923865
216,0.923865
217,0.923865
224,0.923865
225,0.923865
226,0.923865
227,0.923865
228,0.923865
229,0.923865
230,0.923865
231,0.923865
232,0.923865
233,0.923865
237,0.923865
238,0.923865
239,0.923865
240,0.923865
241,0.923865
242,0.923865
243,0.923865
244,0.923865
245,0.923865
246,0.923865
247,0.923865
248,0.923865
249,0.923865
250,0.923865
251,0.923865
252,0.923865
253,0.929722
254,0.923865
255,0.934114
256,0.938507
257,0.938507
258,0.938507
269,0.942899
270,0.944363
271,0.944363
272,0.942899
273,0.944363
274,0.944363
275,0.942899
276,0.942899
277,0.942899
278,0.944363
279,0.944363
280,0.944363
281,0.944363
282,0.944363
283,0.944363
284,0.944363
292,0.944363
293,0.944363
294,0.944363
295,0.942899
296,0.942899
297,0.942899
298,0.942899
299,0.944363
300,0.944363
301,0.944363
302,0.942899
303,0.942899
304,0.942899
305,0.942899
306,0.942899
307,0.942899
319,0.942899
320,0.942899
321,0.942899
322,0.942899
323,0.945827
324,0.942899
325,0.942899
326,0.945827
327,0.945827
328,0.947291
329,0.942899
330,0.942899
331,0.942899
332,0.942899
333,0.942899
334,0.942899
335,0.942899
336,0.942899
337,0.942899
338,0.942899
339,0.942899
340,0.942899
341,0.942899
342,0.942899
343,0.942899
344,0.942899
355,0.942899
356,0.942899
357,0.945827
358,0.945827
359,0.945827
360,0.945827
361,0.947291
362,0.947291
363,0.947291
364,0.945827
365,0.945827
366,0.945827
367,0.945827
368,0.945827
369,0.945827
370,0.945827
371,0.945827
372,0.945827
373,0.945827
374,0.945827
375,0.945827
376,0.945827
377,0.945827
378,0.947291
379,0.947291
380,0.945827
381,0.945827
382,0.945827
383,0.945827
384,0.945827
385,0.945827
386,0.945827
387,0.945827
388,0.945827
389,0.945827
390,0.945827
391,0.945827
392,0.945827
393,0.945827
394,0.945827
395,0.945827
396,0.945827
397,0.945827
398,0.945827
399,0.945827
400,0.945827
401,0.945827
402,0.945827
413,0.95022
414,0.948755
415,0.948755
416,0.948755
417,0.948755
418,0.948755
419,0.948755
420,0.948755
421,0.95022
422,0.948755
423,0.95022
424,0.95022
425,0.95022
426,0.95022
427,0.95022
428,0.95022
431,0.95022
432,0.95022
433,0.95022
434,0.948755
435,0.948755
436,0.948755
437,0.948755
438,0.948755
439,0.948755
440,0.948755
441,0.948755
442,0.948755
443,0.948755
444,0.948755
445,0.948755
446,0.948755
447,0.95022
448,0.948755
449,0.95022
450,0.95022
451,0.95022
452,0.95022
453,0.95022
454,0.95022
455,0.95022
456,0.95022
457,0.95022
458,0.95022
459,0.95022
460,0.95022
461,0.95022
462,0.95022
463,0.95022
464,0.95022
465,0.95022
466,0.95022
477,0.948755
479,0.948755
480,0.948755
481,0.948755
482,0.948755
483,0.948755
484,0.948755
485,0.948755
486,0.948755
488,0.948755
489,0.948755
490,0.948755
491,0.948755
492,0.948755
497,0.948755
503,0.948755
504,0.948755
505,0.948755
506,0.948755
507,0.556369
508,0.556369
509,0.557833
510,0.625183
511,0.625183
512,0.625183
513,0.948755
514,0.948755
515,0.95022
516,0.95022
517,0.95022
518,0.95022
519,0.95022
520,0.95022
521,0.95022
522,0.95022
530,0.784773
531,0.784773
532,0.783309
533,0.783309
534,0.784773
535,0.784773
536,0.784773
537,0.784773
538,0.784773
539,0.784773
540,0.784773
541,0.784773
542,0.784773
543,0.783309
547,0.947291
548,0.947291
549,0.947291
550,0.95022
551,0.95022
552,0.95022
553,0.95022
554,0.95022
555,0.95022
556,0.95022
557,0.95022
558,0.95022
559,0.95022
560,0.95022
561,0.95022
562,0.948755
563,0.948755
564,0.948755
575,0.948755
576,0.948755
577,0.947291
578,0.947291
579,0.947291
580,0.948755
581,0.948755
582,0.948755
583,0.948755
584,0.948755
585,0.948755
586,0.948755
587,0.947291
588,0.947291
589,0.947291
594,0.947291
595,0.948755
596,0.947291
597,0.947291
601,0.931186
602,0.937042
603,0.937042
604,0.937042
608,0.389458
609,0.531479
610,0.802343
615,0.850659
616,0.850659
618,0.633968
619,0.650073
622,0.349927
623,0.349927
627,0.458272
628,0.679356
629,0.679356
630,0.366032
631,0.650073
632,0.650073
633,0.650073
634,0.650073
635,0.650073
646,0.650073
647,0.650073
648,0.349927
649,0.349927
650,0.650073
651,0.650073
652,0.650073
653,0.650073
654,0.717423
655,0.803807
656,0.803807
657,0.814056
658,0.814056
659,0.724744
660,0.724744
661,0.724744
662,0.724744
671,0.650073
672,0.68082
673,0.68082
674,0.696925
675,0.696925
677,0.349927
678,0.650073
679,0.650073
685,0.654466
