10,[[ 0, 0.205882, 1, 0.043956, 0, 0.25, 0.333333, 1, 0.333333, 0.0357143, 1, 0, 0, 0, 0, 0, 0, 1, 0, 1, 0, 0, 0, 1],
[ 1, 0.470588, 0.5, 0.0384615, 0.5, 1, 0.666667, 1, 0.333333, 0.303571, 1, 0, 0, 0, 0, 1, 0, 1, 0, 0, 1, 0, 0, 1],
[ 0, 0.25, 0.5, 0.131868, 0, 0.25, 0.333333, 1, 0.333333, 0.160714, 1, 0, 0, 1, 0, 0, 0, 1, 0, 1, 0, 0, 0, 0],
[ 0.333333, 0.647059, 0.5, 0.351648, 0.25, 0.75, 0.666667, 0.333333, 0.333333, 0.0892857, 1, 0, 0, 0, 0, 1, 0, 1, 0, 0, 1, 0, 0, 1],
[ 1, 0.426471, 0.75, 0.142857, 0, 0.5, 0.333333, 0.333333, 0.666667, 0.125, 1, 0.333333, 0, 1, 0, 0, 0, 1, 0, 0, 1, 0, 0, 1],
[ 0, 0.294118, 0.5, 0.153846, 1, 1, 0.666667, 1, 1, 0.535714, 0, 0, 1, 1, 0, 0, 1, 1, 0, 0, 0, 0, 0, 1],
[ 1, 0.470588, 0.5, 0.120879, 1, 0.5, 0.333333, 1, 0.666667, 0.107143, 1, 0, 0, 0, 0, 0, 0, 1, 0, 0, 1, 0, 0, 1],
[ 0, 0.647059, 1, 0.335165, 0, 1, 0.666667, 1, 1, 0.482143, 1, 0.333333, 0, 1, 0, 0, 1, 1, 0, 0, 0, 0, 0, 1],
[ 1, 0.117647, 0.5, 0.0494505, 0, 0.5, 1, 0.333333, 0, 0.125, 1, 0, 0, 1, 1, 0, 0, 1, 0, 0, 1, 0, 0, 1],
[ 0.333333, 0.0294118, 0.75, 0.0659341, 0.25, 1, 0, 0.333333, 0.666667, 0.214286, 0, 0.333333, 1, 0, 0, 0, 0, 1, 0, 0, 1, 0, 0, 1]]
20,[[ 0.666667, 0.0735294, 0, 0.0604396, 0, 0.25, 0.666667, 0.333333, 0.666667, 0.267857, 1, 0.333333, 0, 1, 0, 0, 0, 1, 0, 0, 1, 0, 0, 0],
[ 1, 0.294118, 1, 0.0934066, 0, 0.75, 1, 0.333333, 0.666667, 0.25, 1, 0.333333, 0, 1, 0, 0, 0, 0, 0, 0, 1, 0, 0, 1],
[ 0, 0.117647, 0.75, 0.0604396, 0, 0.5, 0.666667, 0.333333, 0, 0.428571, 1, 0.333333, 1, 0, 0, 1, 0, 1, 0, 0, 1, 0, 1, 0],
[ 0.333333, 0.294118, 0.25, 0.0879121, 0, 0.75, 0.333333, 1, 1, 0.267857, 0, 0, 0, 0, 0, 0, 0, 1, 0, 0, 0, 0, 1, 0],
[ 1, 0.0294118, 1, 0.0549451, 1, 0.5, 1, 0.333333, 0.333333, 0.142857, 1, 0.333333, 0, 0, 0, 0, 0, 1, 0, 0, 1, 0, 0, 1],
[ 1, 0.294118, 1, 0.131868, 0.75, 1, 0.666667, 0.333333, 0.666667, 0.267857, 1, 0, 0, 0, 0, 0, 0, 1, 0, 0, 1, 0, 0, 1],
[ 1, 0.117647, 1, 0.104396, 0, 0.75, 0.666667, 0.666667, 0, 0.535714, 1, 0, 1, 0, 0, 0, 0, 1, 0, 0, 1, 0, 1, 0],
[ 0.666667, 0.117647, 0.5, 0.175824, 1, 1, 0.666667, 0.666667, 0.666667, 0.321429, 1, 0, 0, 0, 0, 0, 0, 1, 0, 0, 1, 0, 0, 0],
[ 0, 0.294118, 0.5, 0.148352, 0, 0.75, 0.666667, 0, 1, 0.267857, 1, 0, 0, 1, 0, 0, 1, 1, 0, 0, 0, 0, 0, 0],
[ 1, 0.0735294, 0.5, 0.115385, 0.25, 0.25, 0.333333, 1, 0.333333, 0.0535714, 1, 0, 0, 0, 0, 0, 0, 1, 0, 1, 0, 0, 0, 1]]
30,[[ 0.333333, 0.117647, 0.5, 0.0989011, 0, 0.75, 0.666667, 1, 0.333333, 0.196429, 1, 0, 1, 1, 0, 1, 0, 1, 0, 1, 0, 0, 0, 1],
[ 1, 0.294118, 0.5, 0.395604, 0, 0.5, 0.666667, 1, 0.333333, 0.428571, 1, 0, 1, 0, 0, 1, 0, 1, 0, 0, 1, 0, 1, 0],
[ 1, 0.161765, 1, 0.0714286, 0, 0.5, 0.666667, 1, 1, 0.285714, 1, 0.333333, 0, 1, 0, 0, 0, 1, 0, 0, 0, 0, 0, 1],
[ 1, 0.0294118, 0.25, 0.0879121, 0.5, 1, 0.666667, 1, 0.333333, 0.464286, 0, 0, 1, 0, 0, 0, 0, 1, 0, 0, 1, 0, 1, 0],
[ 0.333333, 0.338235, 0.5, 0.203297, 0, 0.5, 0.666667, 0.333333, 0.666667, 0.303571, 1, 0, 1, 1, 0, 0, 0, 1, 0, 0, 1, 0, 0, 1],
[ 1, 0.0294118, 0.5, 0.0879121, 0, 0.5, 1, 0.333333, 0.333333, 0.0357143, 1, 0, 0, 0, 0, 0, 0, 1, 0, 1, 0, 0, 0, 1],
[ 0.333333, 0.470588, 1, 0.142857, 0, 0.25, 0, 1, 0.666667, 0.142857, 1, 0.333333, 0, 0, 0, 1, 0, 1, 0, 0, 1, 0, 0, 1],
[ 1, 0.161765, 0.5, 0.164835, 0.75, 0.75, 0.333333, 0.666667, 0.666667, 0.0178571, 1, 0, 0, 0, 0, 1, 0, 1, 0, 1, 0, 0, 0, 1],
[ 0, 0.205882, 1, 0.208791, 0, 1, 0.333333, 1, 0, 0.25, 0, 0.666667, 0, 1, 0, 1, 0, 1, 0, 1, 0, 0, 0, 1],
[ 0, 0.117647, 1, 0.10989, 0, 1, 0.666667, 0.666667, 0.333333, 0.732143, 1, 0.333333, 0, 0, 0, 0, 0, 1, 0, 0, 1, 0, 0, 1]]
40,[[ 1, 0.161765, 1, 0.175824, 0.75, 1, 0.666667, 1, 1, 0.0714286, 1, 0.333333, 0, 1, 0, 0, 1, 1, 0, 1, 0, 0, 0, 1],
[ 0, 0.117647, 0.5, 0.0549451, 0, 0.5, 1, 0.666667, 0, 0.142857, 1, 0, 0, 0, 0, 1, 0, 1, 0, 0, 1, 0, 1, 0],
[ 1, 0.382353, 1, 0.406593, 1, 1, 0.666667, 1, 0.666667, 0.785714, 1, 0.333333, 0, 0, 0, 0, 1, 1, 0, 0, 1, 0, 0, 1],
[ 0, 0.558824, 0.75, 0.230769, 0, 0.75, 0.666667, 0.333333, 0.333333, 0.125, 0, 0.333333, 1, 1, 0, 0, 0, 1, 0, 0, 1, 0, 0, 1],
[ 0, 0.117647, 0.5, 0.0824176, 0.5, 1, 1, 0, 0, 0.285714, 1, 0, 0, 0, 0, 0, 0, 1, 0, 0, 1, 0, 0, 1],
[ 0, 0.117647, 0.5, 0.131868, 0, 0, 0.333333, 1, 1, 0.642857, 1, 0, 0, 0, 0, 0, 0, 1, 0, 0, 0, 0, 0, 0],
[ 0, 0.205882, 0.5, 0.0989011, 0, 0.5, 0.333333, 1, 0, 0.0178571, 0, 0, 0, 0, 0, 0, 0, 1, 0, 1, 0, 0, 0, 1],
[ 0.666667, 0.205882, 0.5, 0.148352, 0, 0.5, 0.666667, 0, 0, 0.267857, 1, 0, 1, 0, 0, 0, 0, 1, 0, 0, 1, 0, 1, 0],
[ 0.333333, 0.382353, 0.5, 0.153846, 1, 1, 0.333333, 1, 0.666667, 0.107143, 1, 0, 0, 0, 0, 0, 0, 1, 0, 0, 1, 0, 0, 1],
[ 1, 0.205882, 1, 0.164835, 1, 0, 0.666667, 1, 1, 0.339286, 1, 0, 0, 1, 0, 0, 1, 1, 0, 0, 1, 0, 0, 0]]
50,[[ 1, 0.205882, 0.5, 0.137363, 1, 0.75, 0.666667, 0.666667, 0.333333, 0.232143, 1, 0, 0, 0, 1, 1, 0, 1, 0, 0, 1, 0, 0, 1],
[ 0.333333, 0.382353, 1, 0.10989, 1, 1, 0.666667, 1, 0, 0.303571, 1, 0.333333, 0, 0, 0, 1, 0, 1, 0, 0, 1, 0, 0, 1],
[ 1, 0.294118, 0.75, 0.0274725, 1, 1, 1, 1, 0.666667, 0.625, 1, 0.333333, 0, 1, 0, 1, 0, 1, 0, 0, 1, 0, 0, 1],
[ 1, 0.205882, 0.25, 0.346154, 0, 1, 0.666667, 1, 1, 0.357143, 0, 0.333333, 1, 1, 0, 1, 0, 1, 0, 0, 1, 0, 0, 0],
[ 0, 0.117647, 0.5, 0.131868, 0, 0.5, 0, 0, 0.666667, 0.410714, 1, 0, 0, 0, 0, 0, 0, 1, 0, 0, 1, 0, 0, 1],
[ 1, 0.382353, 1, 0.357143, 1, 0.75, 0.666667, 0.666667, 0.333333, 0.303571, 1, 0.333333, 0, 0, 0, 0, 0, 1, 0, 0, 1, 0, 0, 1],
[ 0, 0.470588, 0.75, 0.104396, 0, 0.75, 0.666667, 0, 0.666667, 0.0892857, 1, 0.333333, 0, 1, 0, 0, 0, 1, 0, 0, 1, 0, 0, 1],
[ 1, 0.0735294, 1, 0.0549451, 0, 0.5, 0.666667, 0, 0, 0.196429, 1, 0.333333, 0, 0, 0, 1, 0, 1, 0, 0, 1, 0, 0, 1],
[ 1, 0.823529, 0.5, 0.56044, 0, 1, 0.666667, 1, 0.333333, 0.410714, 1, 0, 0, 1, 0, 1, 0, 1, 0, 0, 1, 0, 0, 0],
[ 1, 0.117647, 0.5, 0.10989, 0, 0.25, 0.333333, 0.333333, 0.666667, 0.178571, 0, 0, 0, 0, 0, 0, 0, 1, 0, 0, 1, 0, 0, 1]]
60,[[ 1, 0.117647, 1, 0.0274725, 0, 0.5, 0.666667, 0.333333, 0.666667, 0.232143, 1, 0.333333, 0, 0, 0, 0, 0, 1, 0, 0, 1, 0, 0, 1],
[ 1, 0.470588, 0.75, 0.236264, 0, 0.5, 0.333333, 1, 0, 0.267857, 1, 0.333333, 0, 0, 0, 0, 0, 1, 0, 0, 1, 0, 0, 1],
[ 0.333333, 0.294118, 1, 0.642857, 0, 0.5, 0.666667, 0.666667, 0.666667, 0.357143, 1, 0.333333, 1, 1, 0, 0, 0, 0, 1, 0, 1, 0, 0, 0],
[ 1, 0.117647, 0.5, 0.104396, 0.25, 0.5, 0.333333, 0.333333, 0, 0.160714, 1, 0, 0, 0, 0, 0, 0, 0, 1, 0, 1, 0, 0, 1],
[ 1, 0.338235, 0.75, 0.269231, 0, 0.75, 0.666667, 1, 0.666667, 0.125, 1, 0.333333, 0, 0, 0, 0, 0, 1, 0, 0, 1, 0, 0, 1],
[ 0.333333, 0.117647, 0.5, 0.043956, 0.75, 0.25, 0.333333, 1, 0, 0, 1, 0, 0, 0, 0, 0, 0, 1, 0, 1, 0, 0, 1, 0],
[ 0, 0.382353, 1, 0.32967, 0.25, 0.75, 1, 1, 0.666667, 0.0892857, 1, 0.333333, 0, 0, 0, 0, 1, 1, 0, 1, 0, 0, 0, 1],
[ 0, 0.0294118, 0.5, 0.010989, 0, 1, 0.333333, 0, 0.333333, 0.535714, 0, 0, 0, 1, 0, 0, 0, 1, 0, 0, 1, 0, 0, 1],
[ 1, 0.0294118, 0.5, 0.153846, 0.5, 0.5, 0.666667, 0.333333, 0.666667, 0.232143, 1, 0, 0, 1, 0, 0, 0, 1, 0, 0, 1, 0, 0, 1],
[ 0.333333, 0.0735294, 0.5, 0.032967, 0.5, 0.5, 0.333333, 0.666667, 0, 0.839286, 1, 0, 0, 0, 0, 0, 0, 1, 0, 0, 1, 0, 1, 0]]
70,[[ 0.666667, 0.294118, 0.5, 0.0659341, 0.25, 1, 0.333333, 0.333333, 1, 0.5, 1, 0, 0, 1, 0, 0, 0, 1, 0, 0, 0, 0, 0, 1],
[ 1, 0.25, 0, 0.263736, 1, 0.5, 0.333333, 1, 0.333333, 0.178571, 0, 0.333333, 0, 1, 0, 1, 0, 1, 0, 0, 1, 0, 0, 1],
[ 1, 0.117647, 1, 0.0604396, 1, 1, 0.666667, 1, 1, 0.678571, 1, 0, 0, 0, 0, 0, 0, 1, 0, 1, 0, 0, 1, 0],
[ 1, 0.205882, 0.5, 0.0714286, 0, 0.5, 0.666667, 0.333333, 1, 0.232143, 1, 0, 0, 1, 0, 0, 0, 1, 0, 0, 0, 0, 0, 0],
[ 0, 0.294118, 0.25, 0.115385, 0.25, 0.75, 0.666667, 0.666667, 0.666667, 0.232143, 0, 0, 0, 0, 0, 1, 0, 1, 0, 0, 1, 0, 0, 1],
[ 1, 0.117647, 0.5, 0.159341, 0, 0.5, 0.666667, 1, 0.666667, 0.589286, 1, 0, 0, 1, 0, 0, 0, 1, 0, 0, 1, 0, 0, 1],
[ 1, 0.294118, 0.5, 0.164835, 0.5, 1, 0, 0.333333, 0.666667, 0.125, 1, 0, 0, 1, 0, 0, 0, 1, 0, 0, 1, 0, 0, 0],
[ 0.333333, 0.470588, 0.5, 0.252747, 0, 0.25, 0.333333, 0, 1, 0.196429, 1, 0, 0, 1, 0, 0, 0, 1, 0, 0, 1, 0, 0, 0],
[ 1, 0.0735294, 0.5, 0.0659341, 0, 0.75, 0.333333, 0.333333, 0.666667, 0.142857, 1, 0.333333, 0, 0, 0, 0, 0, 1, 0, 0, 1, 0, 0, 1],
[ 0.333333, 0.205882, 1, 0.395604, 0, 0, 0.666667, 1, 0.333333, 0.375, 0.5, 0.333333, 0, 1, 0, 0, 0, 1, 0, 0, 1, 0, 0, 0]]
80,[[ 0.333333, 0.647059, 0.75, 0.406593, 0.25, 0, 0.666667, 1, 1, 0.214286, 1, 0, 0, 1, 0, 0, 0, 1, 0, 0, 0, 0, 0, 0],
[ 0.333333, 0.823529, 0.75, 0.395604, 1, 0.5, 0.666667, 0, 0, 0.142857, 1, 0, 0, 0, 0, 0, 0, 1, 0, 0, 1, 0, 1, 0],
[ 0.333333, 0.0735294, 0.5, 0.0549451, 0, 1, 0.333333, 1, 0, 0.107143, 1, 0, 0, 0, 0, 0, 0, 1, 0, 0, 1, 0, 0, 1],
[ 0, 0.382353, 0.5, 0.340659, 1, 1, 0.666667, 1, 0.333333, 0.214286, 1, 0, 0, 0, 0, 0, 0, 1, 0, 0, 1, 0, 0, 1],
[ 0, 0.0735294, 0.5, 0.104396, 0, 0.5, 0.666667, 0.333333, 0, 0.107143, 1, 0, 0, 0, 0, 0, 0, 1, 0, 0, 1, 0, 0, 1],
[ 1, 0.205882, 0.5, 0.0769231, 0.25, 0.5, 0.333333, 1, 0.333333, 0.0892857, 1, 0, 0, 0, 0, 0, 0, 1, 0, 1, 0, 0, 1, 0],
[ 0.333333, 0.382353, 0.5, 0.0824176, 1, 0.5, 0.333333, 0, 0.666667, 0.125, 1, 0, 0, 0, 0, 0, 0, 1, 0, 0, 1, 0, 0, 1],
[ 1, 0.205882, 1, 0.021978, 0.5, 1, 0.666667, 0.666667, 0.333333, 0.232143, 0, 0.333333, 0, 1, 0, 0, 0, 1, 0, 0, 1, 0, 0, 0],
[ 1, 0.294118, 1, 0.0934066, 0.75, 1, 0.666667, 1, 0, 0.732143, 1, 0, 0, 1, 0, 1, 0, 1, 0, 0, 1, 0, 0, 1],
[ 0, 0.0294118, 0.5, 0.0659341, 0, 0.5, 0.666667, 0.333333, 0, 0.303571, 0, 0, 0, 1, 0, 0, 0, 1, 0, 0, 1, 0, 1, 0]]
90,[[ 0.666667, 0.117647, 0.5, 0.0659341, 1, 1, 0.333333, 1, 0, 0.642857, 1, 0, 0, 1, 0, 0, 0, 1, 0, 0, 1, 0, 0, 0],
[ 1, 0.161765, 0.5, 0.0384615, 1, 0.25, 0.333333, 0, 0, 0.0892857, 1, 0, 0, 0, 0, 0, 0, 1, 0, 0, 1, 0, 0, 1],
[ 0, 0.470588, 0.75, 0.368132, 0, 0.5, 0.666667, 0.666667, 0.333333, 0.178571, 0.5, 0, 0, 1, 0, 0, 0, 1, 0, 0, 1, 0, 0, 1],
[ 1, 0.205882, 1, 0.0879121, 0, 0.5, 0.666667, 0.333333, 0.666667, 0.0892857, 1, 0.333333, 0, 0, 0, 0, 0, 1, 0, 0, 1, 0, 0, 1],
[ 0, 0.647059, 1, 0.324176, 0, 1, 0.333333, 1, 1, 0.696429, 0.5, 0.333333, 0, 0, 0, 0, 1, 1, 0, 0, 0, 0, 1, 0],
[ 1, 0.161765, 0.5, 0.186813, 1, 0.5, 0.666667, 0.333333, 1, 0.178571, 1, 0, 0, 0, 0, 1, 0, 1, 0, 0, 1, 0, 0, 1],
[ 1, 0.294118, 0.5, 0.175824, 0.5, 1, 0.666667, 0.333333, 0.666667, 0.214286, 1, 0, 1, 1, 0, 0, 0, 1, 0, 0, 1, 0, 0, 1],
[ 0, 0.294118, 0.25, 0.186813, 0, 0.5, 0.333333, 1, 0.666667, 0.0535714, 0, 0, 0, 0, 1, 0, 1, 0, 0, 1, 0, 0, 0, 1],
[ 1, 0.382353, 1, 0.318681, 0, 0.75, 0.666667, 0.333333, 0.666667, 0.339286, 1, 0, 0, 0, 0, 0, 0, 0, 1, 0, 1, 0, 0, 1],
[ 1, 0.117647, 1, 0.0164835, 0.5, 1, 0.666667, 1, 0.333333, 0.410714, 1, 0.333333, 1, 1, 0, 0, 0, 1, 0, 0, 1, 0, 0, 1]]
100,[[ 1, 0.161765, 0.75, 0.186813, 0, 0.25, 0.333333, 0.333333, 0.333333, 0.482143, 1, 0.333333, 0, 0, 0, 0, 1, 1, 0, 0, 1, 0, 1, 0],
[ 0, 0.529412, 1, 0.318681, 0, 0.5, 0.666667, 0.666667, 1, 0.142857, 0, 0, 0, 1, 0, 0, 0, 1, 0, 0, 1, 0, 0, 1],
[ 0.333333, 0.823529, 0.5, 0.335165, 0, 0.5, 0.666667, 1, 1, 0.410714, 1, 0, 0, 0, 0, 0, 0, 1, 0, 0, 0, 0, 0, 1],
[ 1, 0.161765, 0.5, 0.153846, 0, 0.75, 0.666667, 0.333333, 0.666667, 0.25, 1, 0, 0, 0, 0, 0, 1, 1, 0, 0, 1, 0, 0, 1],
[ 0.333333, 0.117647, 0.5, 0.0604396, 0, 0.25, 0.666667, 0, 0.666667, 0.0535714, 0.5, 0, 0, 0, 0, 0, 0, 1, 0, 0, 1, 0, 0, 1],
[ 0, 0.117647, 0.25, 0.00549451, 0, 1, 1, 0, 0.666667, 0.464286, 0, 0, 0, 0, 0, 0, 0, 1, 0, 0, 1, 0, 1, 0],
[ 1, 0.294118, 0.75, 0.203297, 0, 0.5, 0.666667, 0.333333, 1, 0.232143, 1, 0, 0, 0, 0, 0, 0, 1, 0, 0, 0, 0, 0, 1],
[ 0, 0.0735294, 0.5, 0.0659341, 0, 0.25, 0.333333, 1, 0.333333, 0.0535714, 1, 0, 0, 0, 0, 0, 0, 1, 0, 1, 0, 0, 0, 1],
[ 1, 0.0882353, 1, 0.0549451, 0, 1, 0.666667, 1, 0, 0.232143, 1, 0.333333, 1, 0, 1, 1, 0, 1, 0, 0, 1, 0, 1, 0],
[ 1, 0.117647, 1, 0.0604396, 0, 0.5, 0.333333, 0.333333, 0.333333, 0.285714, 1, 0.333333, 0, 0, 0, 0, 0, 1, 0, 0, 1, 0, 0, 1]]
110,[[ 1, 0.294118, 1, 0.131868, 0, 1, 1, 0.666667, 0, 0.482143, 1, 0.333333, 0, 0, 0, 0, 0, 0, 1, 0, 1, 0, 0, 1],
[ 1, 0.117647, 0.5, 0.0714286, 0, 0.25, 0.333333, 0.666667, 0.666667, 0.267857, 1, 0, 1, 0, 0, 0, 0, 1, 0, 0, 1, 0, 0, 1],
[ 0.333333, 0.338235, 0, 0.445055, 0, 1, 0.333333, 1, 1, 0.410714, 1, 0.333333, 0, 1, 0, 0, 0, 1, 0, 0, 0, 0, 0, 0],
[ 0.333333, 0.514706, 0.75, 0.637363, 0.25, 0.75, 0.666667, 0.666667, 1, 0.232143, 1, 0, 0, 1, 0, 0, 0, 1, 0, 1, 0, 0, 0, 1],
[ 1, 0.0294118, 1, 0.0549451, 0.25, 0.5, 0.333333, 0, 0.333333, 0.142857, 1, 0.333333, 0, 0, 0, 0, 0, 1, 0, 0, 1, 0, 0, 1],
[ 0.333333, 0.0882353, 0.5, 0.0714286, 0, 0.5, 0, 0.333333, 0.666667, 0.214286, 1, 0, 0, 0, 0, 0, 0, 1, 0, 0, 1, 0, 1, 0],
[ 1, 0.294118, 1, 0.115385, 0, 0.75, 0.666667, 0.666667, 0.666667, 0.285714, 1, 0.333333, 0, 1, 0, 0, 1, 1, 0, 0, 1, 0, 0, 1],
[ 1, 0.470588, 0.75, 0.516484, 0, 0.25, 0, 0, 0.666667, 0.160714, 1, 0.333333, 0, 0, 0, 0, 0, 1, 0, 0, 1, 0, 0, 1],
[ 1, 0.117647, 0.5, 0.021978, 0, 0.5, 0, 0.333333, 0, 0.535714, 1, 0, 0, 0, 0, 1, 0, 1, 0, 0, 1, 0, 1, 0],
[ 0, 0.0294118, 0.5, 0.0659341, 1, 0, 0.333333, 0.666667, 0.333333, 1, 1, 0, 0, 1, 0, 1, 0, 1, 0, 0, 1, 0, 0, 0]]
120,[[ 1, 0.294118, 1, 0.208791, 1, 0.75, 0.666667, 1, 0.333333, 0.428571, 1, 0.333333, 0, 1, 0, 0, 1, 1, 0, 0, 1, 0, 0, 1],
[ 0, 0.117647, 1, 0.010989, 0, 0.75, 0.333333, 0.666667, 0, 0.696429, 1, 1, 0, 1, 0, 0, 0, 1, 0, 0, 1, 0, 1, 0],
[ 0.333333, 0.470588, 0.75, 0.148352, 0.25, 1, 0.666667, 0.666667, 1, 0.196429, 1, 0, 0, 0, 0, 1, 0, 1, 0, 0, 0, 0, 0, 1],
[ 1, 0.117647, 1, 0.0549451, 0.5, 0.5, 0.666667, 1, 0, 0.446429, 1, 0, 0, 1, 0, 1, 0, 1, 0, 0, 1, 0, 0, 1],
[ 0.333333, 0.117647, 0.5, 0.043956, 0.75, 0.5, 1, 0, 0, 0.0535714, 1, 0, 0, 0, 0, 1, 0, 1, 0, 0, 1, 0, 0, 1],
[ 1, 0.294118, 0.5, 0.241758, 0.75, 0.5, 0.666667, 0.666667, 0.333333, 0.625, 1, 0.666667, 0, 1, 0, 0, 0, 1, 0, 0, 1, 0, 0, 0],
[ 0.666667, 0.161765, 1, 0.120879, 0.5, 0.5, 0.666667, 0.333333, 0.666667, 0.303571, 1, 0, 0, 1, 0, 0, 1, 1, 0, 0, 1, 0, 0, 1],
[ 0.333333, 0.161765, 1, 0.0714286, 1, 1, 0.666667, 1, 0, 0.553571, 1, 0.333333, 0, 1, 0, 0, 0, 0, 0, 0, 1, 0, 0, 1],
[ 1, 0.102941, 1, 0.384615, 0, 0.5, 0.666667, 1, 0.333333, 0.357143, 1, 0.333333, 0, 0, 0, 1, 0, 1, 0, 0, 1, 0, 1, 0],
[ 1, 0.117647, 1, 0.032967, 1, 1, 0.333333, 0.666667, 0.333333, 0.25, 0, 0, 1, 0, 0, 0, 0, 1, 0, 0, 1, 0, 1, 0]]
130,[[ 0.333333, 0.0735294, 0.5, 0.00549451, 0, 0.5, 1, 1, 0, 0.0535714, 1, 0, 0, 0, 0, 1, 0, 1, 0, 1, 0, 0, 1, 0],
[ 0.333333, 0.205882, 0.5, 0.043956, 1, 0.5, 0.333333, 0.333333, 0.333333, 0.25, 1, 0, 0, 0, 0, 1, 0, 1, 0, 0, 1, 0, 0, 1],
[ 0, 0.25, 0.5, 0.175824, 0.75, 0.25, 0.333333, 0.333333, 0.666667, 0.178571, 0, 0, 0, 0, 0, 0, 0, 1, 0, 0, 1, 0, 0, 1],
[ 0.333333, 0.117647, 1, 0.186813, 0, 0.5, 0.333333, 0, 0, 0.0714286, 1, 0, 0, 0, 0, 0, 0, 1, 0, 0, 1, 0, 1, 0],
[ 0.333333, 0.0294118, 0.25, 0.010989, 0.75, 0.25, 0.333333, 0.333333, 0.333333, 0.0892857, 0, 0, 1, 0, 0, 0, 0, 1, 0, 1, 0, 0, 0, 1],
[ 0, 0.294118, 0.25, 0.0714286, 0, 0.75, 0.666667, 1, 0.666667, 0.0892857, 0, 0, 0, 0, 0, 0, 0, 0, 0, 1, 0, 0, 1, 0],
[ 0.333333, 0.0735294, 0.5, 0.0714286, 1, 0.25, 0.666667, 0.333333, 0, 0.285714, 1, 0, 0, 0, 0, 1, 0, 1, 0, 0, 1, 1, 0, 0],
[ 0, 0.470588, 0.5, 0.0989011, 1, 1, 0.666667, 1, 1, 0.375, 1, 0, 0, 1, 0, 0, 0, 1, 0, 0, 1, 0, 0, 0],
[ 1, 0.117647, 1, 0.0604396, 0, 1, 0.666667, 1, 0, 0.75, 1, 0.333333, 0, 0, 0, 1, 0, 1, 0, 0, 1, 0, 1, 0],
[ 0.333333, 0.117647, 0.5, 0.0494505, 0, 0.75, 0.666667, 0.666667, 0, 0.178571, 1, 0.333333, 0, 0, 1, 0, 0, 0, 0, 0, 1, 0, 0, 1]]
140,[[ 0, 0.117647, 0.5, 0.0934066, 0, 0.25, 0.333333, 0, 0.666667, 0.0535714, 1, 0, 0, 0, 0, 0, 0, 1, 0, 1, 0, 0, 0, 1],
[ 1, 0.117647, 0.25, 0.175824, 0.5, 0.5, 0.333333, 0.666667, 0, 0.285714, 1, 0, 1, 0, 0, 0, 0, 1, 0, 0, 1, 0, 1, 0],
[ 0.333333, 0.558824, 0.25, 0.5, 0, 0, 0.666667, 0.333333, 1, 0.642857, 0, 0, 0, 1, 0, 0, 1, 1, 0, 0, 0, 0, 0, 0],
[ 0, 0.470588, 0.5, 0.175824, 0, 1, 0.666667, 0.333333, 0.666667, 0.410714, 1, 0, 1, 0, 0, 0, 0, 1, 0, 0, 1, 0, 0, 1],
[ 0.333333, 0.294118, 0.75, 0.115385, 1, 0.25, 0.666667, 0.333333, 0.333333, 0.178571, 0, 0, 0, 0, 0, 0, 0, 1, 0, 0, 1, 0, 1, 0],
[ 0.333333, 0.176471, 1, 0.0549451, 0, 0, 0.666667, 0.666667, 0.666667, 0.875, 1, 0.666667, 0, 1, 0, 1, 0, 1, 0, 0, 0, 1, 0, 0],
[ 0.333333, 0.470588, 0.5, 0.483516, 0.25, 0.25, 0.666667, 0, 1, 0.178571, 1, 0, 0, 1, 0, 0, 0, 0, 1, 1, 0, 0, 0, 0],
[ 0, 0.0735294, 0.5, 0.0659341, 0, 0.25, 0.666667, 0.333333, 1, 0.142857, 1, 0, 0, 1, 0, 1, 0, 1, 0, 0, 0, 0, 0, 0],
[ 0.333333, 0.117647, 0, 0.0659341, 0, 0.5, 0.666667, 0.333333, 0, 0.214286, 1, 0, 0, 1, 0, 0, 0, 1, 0, 0, 1, 0, 1, 0],
[ 0.333333, 0.470588, 0, 0.197802, 0, 0.5, 0.333333, 0, 0.666667, 0.410714, 1, 0, 0, 1, 0, 0, 0, 1, 0, 0, 1, 0, 0, 1]]
150,[[ 1, 0.117647, 0.5, 0.0824176, 0, 0.75, 0.333333, 1, 0, 0.214286, 1, 0, 0, 0, 0, 0, 0, 1, 0, 0, 1, 0, 1, 0],
[ 0.333333, 0.0588235, 0.5, 0.032967, 0, 0.75, 0.333333, 0.333333, 0, 0.446429, 1, 0, 0, 0, 0, 0, 0, 0, 0, 0, 1, 0, 1, 0],
[ 0.333333, 0.0294118, 0.5, 0.791209, 1, 0, 0.666667, 0.333333, 0.333333, 0.0714286, 1, 0, 0, 1, 0, 1, 0, 1, 0, 0, 1, 1, 0, 0],
[ 1, 0.205882, 0.5, 0.0714286, 0, 0.25, 1, 0, 0.333333, 0.428571, 1, 0, 1, 0, 0, 0, 0, 0, 1, 0, 1, 0, 1, 0],
[ 0, 0.117647, 1, 0.104396, 0, 0.5, 0.666667, 0.333333, 0, 0.357143, 1, 0.333333, 1, 0, 1, 1, 0, 1, 0, 1, 0, 0, 1, 0],
[ 0.333333, 0.205882, 1, 0.0934066, 1, 0.5, 1, 1, 0, 0.160714, 0, 0.333333, 0, 0, 0, 0, 0, 1, 0, 0, 1, 0, 0, 1],
[ 1, 0.117647, 1, 0.0824176, 0, 1, 0.666667, 1, 0, 0.785714, 1, 0.333333, 0, 1, 0, 0, 0, 1, 0, 0, 1, 0, 1, 0],
[ 0.333333, 0.470588, 0.75, 0.532967, 0.25, 0.75, 0.666667, 0.666667, 0.333333, 0.214286, 1, 0.333333, 1, 1, 0, 0, 0, 1, 0, 0, 1, 0, 1, 0],
[ 0, 0.117647, 0.5, 0.175824, 0, 1, 0.666667, 1, 1, 0.285714, 1, 0, 0, 1, 0, 0, 1, 1, 0, 0, 0, 0, 0, 1],
[ 0.333333, 0.117647, 0.5, 0.0549451, 0, 1, 1, 0.666667, 0, 0.375, 0, 0.333333, 0, 0, 0, 0, 0, 0, 0, 0, 1, 0, 1, 0]]
160,[[ 1, 0.735294, 0, 0.505495, 1, 0.5, 0.666667, 0.333333, 0.333333, 0.357143, 1, 0, 1, 0, 0, 0, 1, 1, 0, 0, 1, 0, 1, 0],
[ 0.333333, 0.382353, 0.75, 0.126374, 0.25, 1, 0.666667, 0.333333, 0.333333, 0.392857, 0.5, 0.333333, 0, 0, 0, 0, 0, 1, 0, 0, 1, 0, 0, 1],
[ 0, 0.470588, 0.5, 0.137363, 0, 1, 0.666667, 0.333333, 0.333333, 0.392857, 0, 0, 1, 0, 0, 0, 0, 1, 0, 0, 1, 0, 0, 1],
[ 0, 0.0735294, 1, 0.0604396, 0.25, 1, 0.666667, 1, 0, 0.517857, 1, 0.333333, 1, 0, 1, 0, 0, 0, 0, 0, 1, 0, 0, 1],
[ 1, 0.205882, 1, 0.0494505, 0, 0.25, 0.333333, 0, 0.333333, 0.196429, 1, 0.333333, 0, 0, 0, 1, 0, 1, 0, 0, 1, 0, 0, 1],
[ 1, 0.0735294, 1, 0.159341, 1, 0.5, 0.666667, 0.333333, 0, 0.25, 1, 0.333333, 1, 0, 0, 0, 0, 1, 0, 0, 1, 0, 0, 1],
[ 1, 0.117647, 0.75, 0.0714286, 0, 0.5, 1, 1, 0, 0.392857, 1, 0, 0, 0, 0, 0, 1, 1, 0, 1, 0, 0, 0, 1],
[ 1, 0.470588, 1, 0.335165, 1, 1, 0.666667, 1, 0, 0.303571, 1, 0.333333, 0, 0, 0, 0, 0, 1, 0, 0, 1, 0, 0, 1],
[ 0.333333, 0.161765, 0, 0.0879121, 0, 0.25, 0.333333, 0, 0, 0.125, 1, 0.333333, 0, 0, 0, 1, 0, 1, 0, 1, 0, 1, 0, 0],
[ 1, 0.0735294, 0.5, 0.186813, 0.25, 0.5, 0.666667, 0.333333, 0, 0.125, 1, 0, 1, 0, 1, 1, 0, 0, 0, 1, 0, 0, 0, 1]]
170,[[ 0, 0.294118, 0.25, 0.0549451, 0, 0, 0.333333, 1, 1, 0.178571, 1, 0.333333, 0, 0, 0, 1, 0, 0, 1, 1, 0, 1, 0, 0],
[ 0, 0.294118, 0.5, 0.0659341, 1, 0.5, 0.333333, 0.333333, 0.333333, 0.285714, 1, 0, 0, 0, 0, 1, 0, 1, 0, 0, 1, 0, 0, 1],
[ 0, 0.294118, 0.5, 0.142857, 1, 1, 0.333333, 1, 0, 0.125, 1, 0, 0, 0, 0, 0, 1, 1, 0, 1, 0, 0, 0, 1],
[ 1, 0.205882, 1, 0.120879, 0, 0.5, 0.333333, 0.333333, 0.666667, 0.125, 1, 0.333333, 0, 0, 0, 0, 0, 1, 0, 0, 1, 0, 0, 1],
[ 0, 0.132353, 1, 0.0879121, 0, 0.25, 0.666667, 0, 0.333333, 0.160714, 0, 0.333333, 0, 0, 0, 0, 0, 1, 0, 0, 1, 0, 1, 0],
[ 0, 0.470588, 1, 0.115385, 0, 0.5, 1, 0.333333, 0.333333, 0.482143, 1, 0.333333, 0, 1, 0, 0, 0, 1, 0, 0, 1, 0, 0, 1],
[ 1, 0.117647, 1, 0.115385, 1, 1, 0.666667, 1, 0, 0.535714, 1, 0, 0, 1, 0, 0, 0, 0, 1, 0, 1, 0, 0, 1],
[ 0, 0.205882, 0.25, 0.0769231, 0, 0.5, 0.666667, 0.666667, 0.666667, 0.446429, 0, 0, 0, 0, 0, 0, 0, 1, 0, 0, 1, 0, 0, 1],
[ 1, 0.117647, 1, 0.0549451, 1, 1, 0.333333, 0.333333, 0, 0.339286, 1, 0.333333, 0, 1, 0, 0, 0, 1, 0, 0, 1, 0, 0, 1],
[ 1, 0.117647, 1, 0.0659341, 0, 0.5, 0.333333, 0.333333, 0, 0.178571, 1, 0.333333, 0, 1, 0, 0, 0, 0, 0, 0, 1, 0, 0, 0]]
180,[[ 1, 0.264706, 0.5, 0.0604396, 1, 0.75, 0.333333, 1, 0.333333, 0.107143, 1, 0, 0, 0, 0, 1, 0, 1, 0, 1, 0, 0, 0, 1],
[ 0.333333, 0.0735294, 1, 0.0714286, 0, 1, 0.333333, 0.666667, 0.666667, 0.267857, 1, 0.333333, 0, 1, 0, 0, 0, 1, 0, 0, 1, 0, 0, 0],
[ 0.333333, 0.117647, 1, 0.0989011, 0.25, 0.25, 0.666667, 0, 0.666667, 0.142857, 1, 0, 0, 0, 0, 1, 0, 1, 0, 0, 1, 0, 0, 1],
[ 0.333333, 0.382353, 1, 0.21978, 0, 0, 1, 0.333333, 0.666667, 0.160714, 1, 0.333333, 0, 0, 0, 1, 0, 1, 0, 0, 1, 0, 0, 0],
[ 0, 0.117647, 0.5, 0.10989, 0, 0.5, 0.666667, 0.666667, 0.333333, 0.0892857, 1, 0, 0, 0, 0, 0, 0, 1, 0, 0, 1, 0, 1, 0],
[ 0, 0.0294118, 1, 0.0274725, 0.75, 0.75, 0.333333, 1, 0, 0.357143, 1, 0.333333, 0, 1, 0, 1, 0, 1, 0, 0, 1, 0, 1, 0],
[ 1, 0.470588, 0.5, 0.395604, 1, 1, 0.666667, 0.333333, 0.333333, 0.321429, 1, 0.333333, 0, 0, 0, 0, 0, 1, 0, 0, 1, 0, 0, 1],
[ 0, 0.294118, 0.5, 0.17033, 0, 1, 0.666667, 0.333333, 0.333333, 0.357143, 1, 0, 0, 1, 0, 0, 0, 1, 0, 1, 0, 0, 0, 0],
[ 0, 0.823529, 0.75, 0.362637, 0, 1, 0.666667, 1, 1, 0.785714, 1, 0.333333, 0, 1, 0, 0, 0, 1, 0, 0, 1, 0, 0, 1],
[ 0, 0.0882353, 1, 0.10989, 0, 0.25, 0.666667, 0.666667, 0, 0.517857, 1, 0.333333, 1, 0, 1, 1, 0, 1, 0, 1, 0, 0, 1, 0]]
190,[[ 0.333333, 0.647059, 0.25, 0.659341, 1, 0, 0.666667, 1, 1, 0.303571, 1, 0, 0, 1, 0, 1, 0, 0, 1, 0, 0, 0, 0, 0],
[ 1, 0.0294118, 0.5, 0.241758, 0, 0.25, 0.333333, 1, 0.333333, 0.232143, 1, 0, 0, 0, 0, 0, 0, 1, 0, 0, 1, 0, 0, 1],
[ 0.333333, 0.647059, 0, 0.450549, 0.5, 0.25, 0.333333, 0, 0.666667, 0.196429, 1, 0.333333, 0, 0, 0, 1, 0, 1, 0, 0, 1, 0, 0, 1],
[ 1, 0.294118, 1, 0.203297, 0, 1, 0.333333, 0.333333, 0.666667, 0.392857, 1, 0.333333, 0, 1, 0, 0, 1, 1, 0, 1, 0, 0, 0, 0],
[ 0, 0.0294118, 1, 0.175824, 0, 0.5, 0, 1, 0, 0.446429, 1, 0, 0, 1, 0, 0, 0, 1, 0, 1, 0, 0, 0, 0],
[ 0.666667, 0.470588, 0.5, 0.203297, 0, 0.5, 0.666667, 0.333333, 0, 0.0714286, 1, 0, 0, 1, 0, 0, 0, 1, 0, 0, 1, 0, 0, 1],
[ 0.333333, 0.117647, 0.5, 0.032967, 0.25, 0.75, 0.333333, 1, 0, 0.0714286, 1, 0, 0, 0, 0, 0, 0, 1, 0, 1, 0, 0, 1, 0],
[ 0.333333, 0.132353, 1, 0.0384615, 0, 0.25, 0.666667, 1, 0, 0.0714286, 1, 0.333333, 0, 0, 0, 0, 0, 0, 0, 0, 1, 0, 0, 1],
[ 1, 0.117647, 1, 0.0384615, 0, 0, 0.333333, 0.333333, 0.333333, 0.339286, 1, 0, 0, 0, 0, 1, 0, 1, 0, 0, 1, 1, 0, 0],
[ 1, 0.294118, 1, 0.291209, 0, 1, 0.666667, 1, 1, 0.446429, 1, 0.333333, 0, 0, 0, 0, 0, 1, 0, 0, 0, 0, 0, 1]]
200,[[ 1, 0.470588, 1, 0.302198, 0.75, 1, 0.666667, 0.333333, 0.666667, 0.339286, 1, 0.333333, 0, 1, 0, 0, 1, 1, 0, 0, 1, 0, 0, 0],
[ 1, 0.294118, 1, 0.335165, 0, 0, 0.666667, 0.333333, 1, 0.142857, 0, 0.333333, 0, 1, 0, 0, 0, 0, 1, 0, 1, 0, 0, 0],
[ 0.333333, 0.338235, 0.5, 0.126374, 0, 0.25, 0.333333, 0, 0.333333, 0.232143, 1, 0, 1, 1, 0, 0, 0, 1, 0, 0, 1, 0, 0, 1],
[ 1, 0.470588, 0.5, 0.434066, 0, 0.5, 0.333333, 0.333333, 0.333333, 0.196429, 0, 0, 0, 0, 0, 0, 1, 1, 0, 0, 1, 0, 0, 1],
[ 0, 0.294118, 0.5, 0.351648, 0, 0.5, 1, 0.333333, 0.666667, 0.0357143, 0.5, 0, 0, 0, 0, 0, 0, 1, 0, 0, 1, 0, 1, 0],
[ 1, 0.117647, 1, 0.0769231, 0.75, 0.75, 0.333333, 0.333333, 0.333333, 0.285714, 1, 0, 0, 0, 1, 0, 0, 1, 0, 0, 1, 0, 0, 1],
[ 0, 0.0294118, 1, 0.0934066, 0, 0, 0.666667, 1, 1, 0.303571, 1, 0.666667, 0, 1, 0, 0, 0, 1, 0, 0, 0, 0, 0, 0],
[ 0, 0.294118, 0.25, 0.17033, 0.5, 0.25, 0.666667, 1, 1, 0.196429, 1, 0, 1, 1, 0, 0, 0, 1, 0, 0, 0, 0, 0, 1],
[ 0.333333, 0.117647, 0.5, 0.032967, 1, 1, 0.666667, 1, 0.333333, 0.339286, 1, 0.333333, 0, 0, 0, 0, 0, 1, 0, 0, 1, 0, 0, 1],
[ 0.666667, 0.0294118, 1, 0.043956, 0, 0.5, 0.333333, 1, 0.333333, 0.553571, 1, 0, 0, 0, 0, 0, 0, 1, 0, 0, 1, 0, 1, 0]]
210,[[ 0.333333, 0.382353, 1, 0.450549, 0, 0.75, 0.666667, 0.333333, 0.333333, 0.535714, 1, 0, 0, 0, 0, 0, 0, 1, 0, 0, 1, 0, 0, 1],
[ 0.333333, 0.647059, 0.75, 0.357143, 1, 0.5, 0.666667, 1, 1, 0.339286, 1, 0, 1, 1, 0, 0, 0, 1, 0, 0, 0, 0, 0, 1],
[ 0, 0.294118, 0.5, 0.148352, 0, 0.5, 0.666667, 1, 1, 0.785714, 0, 0, 1, 1, 0, 0, 1, 0, 0, 0, 1, 0, 0, 1],
[ 1, 0.0294118, 1, 0.362637, 0, 0.75, 0.666667, 0.666667, 1, 0.464286, 1, 0.333333, 1, 1, 0, 1, 0, 1, 0, 0, 1, 0, 0, 0],
[ 1, 0.0294118, 1, 0.0769231, 0, 0.75, 0.333333, 0.333333, 0.666667, 0.0892857, 1, 0.333333, 0, 1, 0, 0, 0, 1, 0, 1, 0, 0, 0, 1],
[ 1, 0.0147059, 0.5, 0.175824, 0, 0.75, 0.666667, 1, 0, 0.982143, 1, 0, 0, 0, 0, 0, 0, 1, 0, 0, 1, 0, 1, 0],
[ 1, 0.558824, 0.5, 0.384615, 1, 0.75, 1, 1, 0.333333, 0.178571, 1, 0, 0, 1, 0, 0, 0, 1, 0, 1, 0, 0, 0, 1],
[ 0.333333, 0.0735294, 0.5, 0.0659341, 0, 0.5, 1, 0, 0, 0.142857, 0, 0, 0, 1, 0, 0, 0, 1, 0, 0, 1, 0, 0, 1],
[ 0.333333, 0.382353, 1, 0.274725, 0, 0, 1, 0.333333, 0.666667, 0.160714, 1, 0.333333, 0, 0, 0, 1, 0, 1, 0, 0, 1, 0, 0, 0],
[ 1, 0.235294, 1, 0.181319, 1, 0.25, 0, 1, 0, 0.446429, 1, 0.333333, 0, 1, 0, 1, 0, 1, 0, 0, 1, 0, 0, 1]]
220,[[ 1, 0.294118, 0.5, 0.0714286, 0.75, 0.75, 0.333333, 0.666667, 0.666667, 0.267857, 1, 0, 1, 1, 0, 1, 0, 1, 0, 0, 1, 0, 0, 1],
[ 0, 0.382353, 0.5, 0.120879, 0, 0.75, 0.333333, 1, 0, 0.0714286, 1, 0, 0, 0, 0, 0, 0, 1, 0, 1, 0, 0, 0, 1],
[ 1, 0.102941, 1, 0.0659341, 0, 0.25, 0.333333, 1, 0.666667, 0.285714, 1, 0.333333, 0, 0, 0, 1, 0, 1, 0, 0, 1, 0, 0, 0],
[ 1, 0.147059, 0.75, 0.032967, 0, 0.5, 0.666667, 0.333333, 0.666667, 0.142857, 1, 0.333333, 0, 0, 0, 1, 0, 1, 0, 0, 1, 0, 1, 0],
[ 0.333333, 0.117647, 0.5, 0.043956, 0.25, 0.75, 0.666667, 1, 0, 0.357143, 1, 0, 0, 0, 0, 0, 0, 1, 0, 0, 1, 0, 1, 0],
[ 1, 0.205882, 0.5, 0.0934066, 0, 0.25, 0.333333, 1, 0, 0.0714286, 1, 0, 0, 0, 0, 0, 0, 1, 0, 0, 1, 0, 0, 1],
[ 1, 0.294118, 0.5, 0.0934066, 0.25, 0.5, 0.666667, 1, 0.666667, 0.178571, 1, 0, 0, 1, 0, 0, 0, 1, 0, 1, 0, 0, 0, 0],
[ 0, 0.161765, 0.5, 0.0824176, 0, 0.25, 0.666667, 0.666667, 0, 0.303571, 1, 0, 0, 0, 0, 1, 0, 1, 0, 0, 1, 0, 0, 1],
[ 1, 0.0294118, 0, 0.010989, 0, 1, 1, 1, 0.666667, 0.357143, 1, 0, 0, 0, 0, 0, 0, 1, 0, 0, 1, 0, 1, 0],
[ 0.333333, 0.323529, 0.5, 0.428571, 0, 0.25, 0.666667, 0.666667, 0.666667, 0.196429, 1, 0.333333, 0, 0, 0, 0, 1, 1, 0, 0, 1, 0, 0, 1]]
230,[[ 1, 0.294118, 1, 0.236264, 0, 0.5, 0.666667, 0.333333, 0, 0.982143, 1, 0, 0, 1, 0, 0, 0, 1, 0, 0, 1, 0, 0, 0],
[ 0, 0.558824, 0.5, 0.208791, 0, 0.25, 0.666667, 0.666667, 0.666667, 0.267857, 1, 0, 0, 0, 0, 0, 0, 1, 0, 0, 1, 0, 0, 1],
[ 0.333333, 0.294118, 0.5, 0.137363, 0, 0.5, 0.333333, 1, 0.333333, 0.0178571, 1, 0, 0, 1, 0, 1, 0, 1, 0, 1, 0, 0, 1, 0],
[ 0.333333, 0.0735294, 1, 0.0934066, 0, 0.75, 0.666667, 0.666667, 0.666667, 0.285714, 1, 0, 0, 1, 0, 0, 0, 1, 0, 1, 0, 0, 0, 1],
[ 0.333333, 0.294118, 0.5, 0.142857, 1, 1, 0.666667, 1, 1, 0.303571, 0, 0, 0, 1, 0, 0, 1, 1, 0, 0, 0, 0, 0, 1],
[ 1, 0.294118, 1, 0.148352, 0.25, 1, 0.666667, 1, 0, 0.303571, 1, 0, 1, 1, 0, 0, 0, 1, 0, 0, 1, 0, 0, 1],
[ 0, 0.294118, 0.5, 0.0879121, 0, 1, 0.333333, 1, 0, 0.696429, 1, 0, 0, 1, 0, 0, 0, 0, 0, 0, 1, 0, 1, 0],
[ 0, 0.294118, 0.5, 0.351648, 0, 0, 0.666667, 0.333333, 1, 0.178571, 1, 0, 0, 1, 0, 0, 1, 1, 0, 0, 0, 0, 0, 0],
[ 0, 0.205882, 0.25, 0.0934066, 0, 0.25, 0.666667, 1, 1, 0.303571, 0, 0, 0, 1, 0, 0, 0, 0, 1, 0, 0, 0, 0, 0],
[ 0, 0.0294118, 1, 0.0989011, 0, 0.75, 0.333333, 1, 0.666667, 0.214286, 1, 0, 0, 0, 0, 0, 0, 1, 0, 0, 1, 0, 0, 1]]
240,[[ 1, 0.294118, 1, 0.126374, 0.25, 0.75, 1, 0.666667, 0.333333, 0.142857, 1, 0.333333, 0, 1, 0, 1, 0, 1, 0, 0, 1, 0, 0, 1],
[ 1, 0.117647, 0.5, 0.0274725, 0, 0.5, 0.666667, 0.333333, 0, 0.196429, 0, 0.333333, 0, 0, 0, 0, 0, 1, 0, 0, 1, 0, 0, 1],
[ 0.666667, 0.294118, 0.5, 0.274725, 0, 0.75, 0.666667, 0.333333, 0.666667, 0.107143, 0, 0, 0, 0, 0, 0, 0, 1, 0, 0, 1, 0, 0, 1],
[ 0.333333, 0.117647, 0.5, 0.0934066, 0, 0.5, 0.666667, 0.333333, 0.333333, 0.321429, 1, 0, 0, 0, 0, 0, 0, 1, 0, 0, 1, 0, 1, 0],
[ 1, 0.647059, 0.25, 0.186813, 0, 0.5, 0.333333, 0, 0, 0.142857, 0.5, 0, 0, 0, 0, 0, 0, 1, 0, 0, 1, 0, 0, 1],
[ 0, 0.294118, 0.5, 0.120879, 0, 0.25, 0.333333, 1, 0, 0.285714, 1, 0, 0, 1, 0, 0, 0, 1, 0, 0, 1, 0, 0, 1],
[ 0.666667, 0.382353, 1, 0.192308, 1, 1, 0.666667, 1, 0.333333, 0.535714, 0.5, 0.333333, 0, 0, 0, 0, 0, 1, 0, 0, 1, 0, 1, 0],
[ 0.333333, 0.0294118, 1, 0.0384615, 1, 0.75, 0.333333, 0.666667, 0.333333, 0.357143, 1, 0.333333, 0, 0, 0, 0, 0, 1, 0, 0, 1, 0, 1, 0],
[ 0.333333, 0.470588, 0.5, 0.505495, 0, 0.25, 1, 1, 0.666667, 0.160714, 1, 0, 0, 1, 0, 0, 1, 1, 0, 1, 0, 0, 0, 0],
[ 0.666667, 0.0735294, 0.5, 0.0494505, 0.25, 1, 0, 1, 0, 0.535714, 1, 0, 0, 0, 0, 0, 0, 1, 0, 0, 1, 0, 0, 1]]
250,[[ 0.333333, 0.117647, 1, 0.159341, 0, 0.25, 0.666667, 0.666667, 0, 0.535714, 0, 0.333333, 1, 0, 0, 1, 0, 1, 0, 0, 1, 0, 1, 0],
[ 0, 0.470588, 1, 0.285714, 0, 0.5, 0.666667, 0.333333, 0.333333, 0.160714, 1, 0.333333, 0, 0, 0, 0, 0, 0, 0, 0, 1, 0, 0, 1],
[ 0.666667, 0.161765, 1, 0.0604396, 1, 0.5, 0.666667, 1, 1, 0.357143, 1, 0.333333, 0, 1, 0, 0, 0, 1, 0, 0, 0, 0, 0, 1],
[ 0.333333, 0.294118, 0.5, 0.197802, 0.5, 0, 0.333333, 1, 1, 0.0714286, 1, 0, 0, 0, 0, 0, 0, 1, 0, 1, 0, 1, 0, 0],
[ 0, 0.0294118, 0.5, 0.0659341, 0.5, 0, 0.333333, 0.333333, 0.333333, 0.0714286, 1, 0, 0, 1, 0, 0, 1, 1, 0, 1, 0, 1, 0, 0],
[ 1, 0.470588, 0.5, 0.247253, 0, 0.5, 0.666667, 0.333333, 1, 0.232143, 1, 0, 0, 1, 0, 0, 1, 1, 0, 0, 0, 0, 0, 0],
[ 1, 0.205882, 0.5, 0.0989011, 0, 0.75, 0.666667, 0, 0.666667, 0.267857, 0.5, 0.333333, 0, 1, 0, 0, 0, 1, 0, 0, 1, 0, 0, 1],
[ 0.333333, 0.117647, 0, 0.153846, 0, 0.25, 0.333333, 0.666667, 0.333333, 0.107143, 1, 0.333333, 0, 0, 0, 0, 0, 1, 0, 1, 0, 0, 0, 1],
[ 1, 0.470588, 1, 0.17033, 1, 1, 0.666667, 0.333333, 0.666667, 0.571429, 1, 0, 0, 1, 0, 0, 0, 1, 0, 0, 1, 0, 0, 1],
[ 1, 0.0294118, 0.5, 0.0164835, 0, 0.5, 0.333333, 0, 0, 0.178571, 1, 0, 0, 0, 0, 0, 0, 1, 0, 0, 1, 0, 0, 1]]
260,[[ 0, 0.117647, 0, 0.32967, 0, 0.5, 0.666667, 0.333333, 0.333333, 0.160714, 1, 0.333333, 0, 1, 0, 0, 0, 1, 0, 1, 0, 0, 0, 1],
[ 0.666667, 0.205882, 0.5, 0.0989011, 0, 1, 0.333333, 0.333333, 0.666667, 0.0714286, 1, 0, 0, 0, 0, 1, 0, 1, 0, 0, 1, 0, 0, 0],
[ 0.333333, 0.161765, 0.25, 0.362637, 0.25, 0, 0.666667, 0.333333, 0.333333, 0.267857, 1, 0, 1, 1, 0, 1, 0, 1, 0, 0, 1, 0, 0, 0],
[ 0.333333, 0.602941, 1, 0.247253, 0, 0.25, 0.666667, 0.333333, 0.333333, 0.107143, 1, 0.333333, 0, 0, 0, 0, 0, 1, 0, 0, 1, 0, 1, 0],
[ 0, 0.294118, 1, 0.340659, 0, 1, 0.333333, 1, 1, 0.446429, 1, 0.333333, 1, 1, 0, 0, 1, 1, 0, 0, 0, 0, 0, 0],
[ 0.666667, 0.294118, 0.5, 0.192308, 0, 0.25, 0.333333, 1, 0.666667, 0.125, 1, 0, 0, 0, 0, 0, 0, 1, 0, 0, 1, 0, 0, 1],
[ 1, 0.161765, 1, 0.17033, 0, 0.5, 0.666667, 0.333333, 1, 0.160714, 1, 0, 0, 1, 0, 0, 0, 1, 0, 0, 0, 0, 0, 1],
[ 0, 0.117647, 1, 0.0274725, 0, 1, 0.666667, 0.666667, 0.333333, 0.285714, 1, 0.333333, 0, 0, 0, 1, 0, 1, 0, 0, 1, 0, 0, 1],
[ 1, 0.470588, 0.75, 0.478022, 1, 0.75, 0.666667, 0.333333, 0.666667, 0.214286, 0.5, 0, 1, 1, 0, 0, 1, 1, 0, 0, 1, 0, 0, 0],
[ 0, 0.294118, 0.5, 0.0824176, 0, 0.25, 0.666667, 0, 0.333333, 0.0892857, 1, 0, 0, 0, 1, 0, 0, 0, 1, 0, 1, 0, 1, 0]]
270,[[ 1, 0.294118, 0.5, 0.186813, 0.25, 1, 0.666667, 1, 0.666667, 0.214286, 1, 0.333333, 0, 0, 0, 0, 0, 1, 0, 0, 1, 0, 0, 1],
[ 0, 0.352941, 0.5, 0.208791, 0, 0.5, 0.666667, 0.333333, 0.666667, 0.464286, 1, 0, 0, 0, 0, 1, 0, 1, 0, 0, 1, 0, 1, 0],
[ 0, 0.470588, 0.25, 0.137363, 0, 1, 0.666667, 1, 0.666667, 0.214286, 0, 0, 0, 0, 0, 0, 0, 1, 0, 0, 1, 0, 0, 1],
[ 1, 0.823529, 0.5, 0.543956, 0.25, 0.75, 0.333333, 1, 0, 0.0357143, 1, 0, 0, 1, 0, 0, 0, 1, 0, 0, 1, 0, 0, 1],
[ 0.333333, 1, 0.5, 0.296703, 0.25, 0.5, 1, 0.333333, 0.666667, 0.0892857, 1, 0, 0, 0, 0, 0, 0, 1, 0, 0, 1, 0, 0, 1],
[ 1, 0.0294118, 0.5, 0.0549451, 1, 0, 0.666667, 1, 0.333333, 0.303571, 1, 0, 1, 1, 0, 0, 0, 1, 0, 0, 1, 0, 0, 0],
[ 0, 0.294118, 1, 0.351648, 0, 0, 0.666667, 1, 1, 1, 1, 0.333333, 0, 1, 0, 0, 1, 1, 0, 0, 0, 0, 0, 0],
[ 0.333333, 0.294118, 1, 0.142857, 1, 0.75, 0.666667, 0.666667, 1, 0.267857, 1, 0.333333, 1, 1, 0, 0, 0, 1, 0, 0, 1, 0, 0, 1],
[ 0, 0.117647, 1, 0.0659341, 0, 1, 0.666667, 0.666667, 0, 0.625, 1, 0, 0, 0, 0, 0, 1, 1, 0, 0, 1, 0, 0, 1],
[ 0.333333, 0.647059, 0, 0.659341, 1, 0.5, 0.666667, 0.333333, 0.666667, 0.517857, 0, 0, 0, 1, 0, 0, 0, 1, 0, 0, 1, 0, 0, 0]]
280,[[ 1, 0.161765, 0.5, 0.197802, 0.25, 0.25, 0.333333, 1, 0.666667, 0.0714286, 1, 0, 0, 1, 0, 0, 1, 1, 0, 0, 1, 0, 0, 1],
[ 0, 0.382353, 0.5, 0.126374, 0, 1, 0.666667, 0.666667, 0.333333, 0.357143, 1, 0, 1, 0, 0, 0, 0, 0, 0, 0, 1, 0, 0, 1],
[ 0, 0.117647, 0.5, 0.0274725, 0.25, 0.25, 1, 0.666667, 1, 0.25, 1, 0, 0, 1, 0, 0, 0, 1, 0, 0, 1, 0, 1, 0],
[ 0.333333, 0.117647, 0.5, 0.0274725, 0, 0.75, 1, 0.666667, 0.666667, 0.107143, 0, 0, 0, 0, 0, 1, 0, 1, 0, 0, 1, 0, 1, 0],
[ 0, 0.205882, 0.5, 0.0934066, 0, 0.5, 0.333333, 1, 0.666667, 0.107143, 0, 0.333333, 0, 0, 0, 0, 0, 1, 0, 1, 0, 0, 0, 1],
[ 0.666667, 0.0294118, 1, 0.0604396, 0, 0.5, 0.666667, 0, 0, 0.982143, 1, 0.666667, 1, 0, 1, 1, 0, 1, 0, 0, 1, 1, 0, 0],
[ 0, 0.294118, 1, 0.0549451, 0, 1, 0.666667, 1, 0.666667, 0.732143, 1, 0.333333, 0, 0, 0, 1, 0, 1, 0, 0, 1, 0, 1, 0],
[ 1, 0.470588, 0.5, 0.159341, 1, 0.5, 0.666667, 1, 0, 0.303571, 1, 0, 0, 0, 0, 1, 0, 1, 0, 0, 1, 0, 0, 1],
[ 0.333333, 0.735294, 0, 0.862637, 0, 0.25, 0.666667, 1, 1, 0.696429, 1, 0, 0, 1, 0, 0, 0, 1, 0, 1, 0, 0, 0, 1],
[ 1, 0.0882353, 0.5, 0.0384615, 1, 0.75, 0.333333, 0.666667, 0.333333, 0.375, 1, 0, 0, 1, 0, 0, 0, 1, 0, 0, 1, 0, 0, 1]]
290,[[ 0, 0.602941, 0.5, 0.0879121, 0, 0.5, 0.666667, 1, 1, 0.0714286, 1, 0, 0, 1, 0, 0, 0, 1, 0, 0, 0, 0, 0, 1],
[ 1, 0.470588, 0.5, 0.0879121, 0, 0.5, 0.666667, 1, 1, 0.321429, 0.5, 0, 0, 1, 0, 0, 0, 1, 0, 0, 0, 0, 0, 1],
[ 0, 0.0882353, 1, 0.104396, 1, 0.25, 0.333333, 0.666667, 0, 0.142857, 1, 0.333333, 0, 0, 1, 0, 0, 0, 1, 1, 0, 0, 0, 1],
[ 0, 0.235294, 1, 0.225275, 0, 1, 0.333333, 1, 0.333333, 0.0892857, 1, 0.333333, 0, 0, 0, 0, 0, 1, 0, 0, 1, 0, 0, 1],
[ 1, 0.294118, 1, 0.0769231, 0, 0.75, 0.666667, 0.666667, 0.333333, 0.375, 1, 0.333333, 0, 0, 0, 0, 0, 1, 0, 0, 1, 0, 0, 1],
[ 0.333333, 0.294118, 0.5, 0.230769, 1, 0.5, 0.333333, 1, 0.333333, 0.517857, 1, 0, 0, 1, 0, 0, 0, 1, 0, 0, 1, 0, 1, 0],
[ 0.333333, 0.0294118, 0.5, 0.104396, 0, 0.25, 1, 0.666667, 0.666667, 0.196429, 1, 0, 0, 1, 0, 0, 0, 1, 0, 1, 0, 0, 0, 0],
[ 1, 0.647059, 0.75, 0.686813, 0.5, 0.75, 0.666667, 0, 0.666667, 0.321429, 1, 0, 0, 1, 0, 0, 0, 1, 0, 0, 1, 0, 0, 0],
[ 0.333333, 0.117647, 0.5, 0.346154, 1, 0, 0.666667, 0, 1, 0.589286, 1, 0, 0, 1, 0, 0, 0, 1, 0, 0, 1, 0, 0, 0],
[ 1, 0.470588, 0.5, 0.186813, 0, 1, 0.666667, 0.333333, 0.666667, 0.160714, 1, 0, 0, 0, 0, 0, 0, 1, 0, 0, 1, 0, 0, 1]]
300,[[ 0.333333, 0.205882, 0, 0.164835, 0, 0.5, 0.333333, 1, 0.666667, 0.25, 0, 0.333333, 0, 1, 0, 0, 0, 1, 0, 0, 1, 0, 0, 1],
[ 1, 0.294118, 1, 0.0989011, 0, 0.75, 0.666667, 0.333333, 0.333333, 0.196429, 1, 0.333333, 0, 0, 0, 0, 0, 1, 0, 0, 1, 0, 1, 0],
[ 0, 0.205882, 0.5, 0.120879, 0, 0.25, 0.333333, 0, 0.666667, 0.142857, 0.5, 0, 0, 0, 0, 0, 0, 1, 0, 0, 1, 0, 0, 1],
[ 0, 0.117647, 0, 0.0494505, 0, 0.75, 0.666667, 0.666667, 0, 0.160714, 1, 0.333333, 0, 0, 0, 0, 0, 1, 0, 0, 1, 0, 0, 1],
[ 0, 0.117647, 0.5, 0.0604396, 0, 0.25, 0.333333, 0, 0, 0.321429, 1, 0, 0, 0, 0, 1, 0, 1, 0, 0, 1, 0, 1, 0],
[ 0.333333, 0.117647, 0.5, 0.0714286, 0, 0.25, 1, 0, 0, 0.0714286, 1, 0, 0, 0, 0, 0, 0, 1, 0, 1, 0, 0, 0, 1],
[ 1, 0.0294118, 0.75, 0.0824176, 0.25, 0.5, 0.666667, 0.333333, 0, 0.267857, 1, 0.333333, 0, 0, 0, 0, 0, 1, 0, 0, 1, 0, 1, 0],
[ 0, 0.0294118, 0.5, 0.807692, 0, 1, 0.666667, 1, 1, 0.875, 0, 0, 0, 1, 0, 1, 0, 1, 0, 0, 1, 0, 0, 0],
[ 0.333333, 0.117647, 0.5, 0.324176, 0, 0.75, 0.666667, 0.333333, 0.666667, 0.232143, 1, 0, 0, 0, 0, 1, 0, 1, 0, 0, 1, 0, 0, 1],
[ 0.333333, 0.338235, 0.75, 0.318681, 0, 1, 0.666667, 0.333333, 0.666667, 0.196429, 1, 0.333333, 0, 1, 0, 0, 1, 1, 0, 0, 1, 0, 0, 0]]
310,[[ 1, 0.161765, 0.5, 0.0659341, 1, 0.5, 1, 0.333333, 0, 0.375, 1, 0, 0, 1, 0, 0, 0, 1, 0, 1, 0, 0, 0, 1],
[ 0, 0.558824, 1, 0.175824, 0, 0, 0.666667, 1, 0.666667, 0.821429, 1, 0.333333, 0, 0, 0, 0, 0, 0, 1, 0, 1, 1, 0, 0],
[ 0.333333, 0.0588235, 0.5, 0.0659341, 0, 0.5, 0.666667, 0.333333, 0, 0.25, 1, 0, 0, 0, 1, 0, 0, 0, 0, 0, 1, 0, 0, 1],
[ 0.666667, 0.470588, 0.5, 0.307692, 0, 0.5, 0.666667, 0, 0.666667, 0.0892857, 1, 0, 0, 0, 0, 0, 0, 1, 0, 0, 1, 0, 0, 1],
[ 1, 0.117647, 1, 0.0274725, 0, 1, 0.666667, 1, 0, 0.589286, 1, 0.666667, 0, 0, 0, 0, 0, 1, 0, 0, 1, 0, 0, 1],
[ 0, 0.382353, 0, 0.241758, 0, 0.5, 0, 0.333333, 0, 0.232143, 1, 0.333333, 0, 0, 0, 0, 0, 0, 0, 0, 1, 0, 0, 1],
[ 0.333333, 0.102941, 1, 0.0604396, 0.75, 0.5, 0.333333, 1, 0.666667, 0.375, 1, 0.333333, 0, 0, 0, 1, 0, 1, 0, 0, 1, 0, 0, 1],
[ 0, 0.294118, 0.5, 0.0659341, 0, 0.75, 0.333333, 1, 0.666667, 0.0714286, 1, 0.333333, 0, 0, 0, 1, 0, 1, 0, 1, 0, 0, 0, 1],
[ 0, 0.0294118, 1, 0.0659341, 0, 0.25, 0.666667, 1, 0, 0.375, 1, 0, 1, 0, 1, 1, 0, 1, 0, 0, 1, 0, 1, 0],
[ 1, 0.647059, 1, 0.626374, 0.25, 0.5, 0.333333, 1, 0.666667, 0.0892857, 0, 0.333333, 0, 0, 0, 0, 1, 1, 0, 1, 0, 0, 1, 0]]
320,[[ 0.333333, 0.205882, 0.5, 0.203297, 0, 0, 0.333333, 1, 0.666667, 0.857143, 1, 0, 0, 1, 0, 0, 0, 1, 0, 0, 1, 0, 0, 1],
[ 0, 0.0294118, 1, 0.021978, 0, 0.75, 0.333333, 0.666667, 0.333333, 0.321429, 1, 0.333333, 0, 0, 1, 1, 0, 1, 0, 0, 1, 0, 0, 1],
[ 0.333333, 0.25, 1, 0.137363, 0.75, 0.75, 0.666667, 0.333333, 0.666667, 0.232143, 1, 0.333333, 0, 1, 0, 0, 0, 1, 0, 0, 1, 0, 0, 1],
[ 1, 0.294118, 0.5, 0.0604396, 0, 1, 0.666667, 0, 0, 0.303571, 1, 0, 0, 1, 0, 0, 0, 1, 0, 0, 1, 0, 0, 0],
[ 1, 0.294118, 0.75, 0.0989011, 0, 1, 0.666667, 1, 1, 0.732143, 1, 0.333333, 0, 1, 0, 1, 0, 1, 0, 0, 0, 0, 0, 1],
[ 1, 0.294118, 0.5, 0.0549451, 0, 0.25, 1, 0.333333, 0, 0.160714, 1, 0, 0, 0, 0, 1, 0, 1, 0, 0, 1, 0, 0, 1],
[ 0.333333, 0.117647, 0.5, 0.0384615, 0, 1, 0.666667, 1, 0.666667, 0.392857, 0, 0, 1, 0, 0, 1, 0, 1, 0, 0, 1, 0, 1, 0],
[ 0, 0.0735294, 1, 0.142857, 0, 0.5, 0.666667, 0.333333, 0, 0.303571, 1, 0.333333, 1, 0, 0, 1, 0, 1, 0, 1, 0, 0, 0, 1],
[ 0.333333, 0.117647, 0.75, 0.021978, 0, 0.5, 1, 1, 0, 0.0178571, 1, 0.333333, 0, 0, 0, 0, 0, 0, 1, 1, 0, 0, 0, 1],
[ 0, 0.294118, 0.5, 0.0604396, 0.25, 0.5, 0.333333, 0.333333, 0.666667, 0.232143, 1, 0, 0, 0, 0, 0, 0, 1, 0, 0, 1, 0, 1, 0]]
330,[[ 0.333333, 0.205882, 0.5, 0.703297, 0, 0, 0.333333, 1, 1, 0.339286, 1, 0, 0, 1, 0, 0, 1, 1, 0, 0, 0, 0, 0, 0],
[ 0, 0.632353, 0.5, 0.576923, 0, 0.25, 0.333333, 0, 0, 0.285714, 1, 0, 0, 1, 0, 1, 0, 1, 0, 0, 1, 0, 1, 0],
[ 0, 0.117647, 0.5, 0.0824176, 0, 0.5, 0.666667, 0.333333, 0, 0.142857, 1, 0, 0, 0, 0, 0, 0, 1, 0, 0, 1, 0, 0, 1],
[ 0, 0.294118, 0.5, 0.0659341, 1, 0.5, 0.333333, 1, 0, 0.107143, 1, 0, 0, 0, 0, 1, 0, 1, 0, 1, 0, 0, 0, 1],
[ 0.333333, 0.294118, 1, 0.0824176, 0, 1, 0.666667, 0.333333, 0.333333, 0.517857, 1, 0.333333, 0, 0, 0, 0, 0, 1, 0, 0, 1, 0, 1, 0],
[ 1, 0.0735294, 1, 0.104396, 0, 0.5, 0.666667, 1, 0.666667, 0.517857, 1, 0.666667, 0, 1, 0, 1, 0, 1, 0, 0, 1, 0, 0, 1],
[ 0.333333, 0.205882, 1, 0.186813, 0, 1, 0.333333, 1, 0.333333, 0.321429, 1, 0, 0, 1, 0, 0, 0, 1, 0, 0, 1, 0, 0, 1],
[ 1, 0.294118, 0.5, 0.137363, 0, 1, 0.666667, 1, 0.666667, 0.285714, 1, 0, 0, 1, 0, 0, 1, 1, 0, 0, 1, 0, 0, 0],
[ 0.666667, 0.117647, 0.5, 0.0934066, 0, 0.5, 0.333333, 0.333333, 0.666667, 0.446429, 1, 0, 0, 1, 0, 0, 0, 1, 0, 1, 0, 0, 1, 0],
[ 0, 0.0882353, 1, 0.043956, 0, 0.75, 0.666667, 0.666667, 0.333333, 0.535714, 1, 0.333333, 0, 1, 0, 1, 0, 0, 1, 0, 1, 0, 0, 1]]
340,[[ 1, 0.161765, 0.5, 0.241758, 0.25, 0.5, 0.666667, 0.333333, 0.333333, 0.375, 1, 0, 0, 1, 0, 0, 0, 1, 0, 0, 1, 0, 0, 0],
[ 0, 0.647059, 0.5, 0.554945, 0, 0.75, 0.666667, 1, 1, 0.357143, 0.5, 0.666667, 1, 1, 0, 0, 1, 1, 0, 0, 0, 0, 0, 1],
[ 0.333333, 0.161765, 1, 0.115385, 0.5, 0.5, 0.666667, 1, 0.666667, 0.142857, 0, 0, 0, 0, 0, 0, 0, 1, 0, 0, 1, 0, 0, 1],
[ 0.333333, 0.647059, 0.75, 0.32967, 0, 1, 0.666667, 1, 1, 0.553571, 1, 0, 0, 0, 0, 0, 0, 1, 0, 0, 0, 0, 0, 1],
[ 1, 0.426471, 1, 0.39011, 0, 0.75, 0.666667, 0.333333, 0.666667, 0.285714, 1, 0.333333, 0, 1, 0, 0, 1, 1, 0, 0, 1, 0, 0, 0],
[ 0, 0.117647, 0.5, 0.0384615, 0, 0.75, 1, 1, 0.333333, 0.0357143, 1, 0, 0, 0, 0, 0, 0, 1, 0, 1, 0, 0, 0, 1],
[ 1, 0.161765, 0.5, 0.0604396, 1, 1, 0.666667, 1, 1, 0.464286, 0, 0, 1, 0, 0, 0, 1, 1, 0, 0, 0, 0, 0, 1],
[ 0.333333, 0.382353, 0.25, 0.181319, 0.75, 0.5, 0.666667, 0.333333, 0.666667, 0.267857, 0.5, 0, 1, 1, 0, 0, 0, 1, 0, 0, 1, 0, 0, 1],
[ 0.666667, 0.294118, 0.5, 0.0934066, 0, 0.5, 0.666667, 0.333333, 0, 0.125, 1, 0, 0, 0, 0, 0, 0, 1, 0, 0, 1, 0, 0, 1],
[ 0, 0.205882, 0.5, 0.230769, 0.25, 0.5, 0.666667, 1, 0.666667, 0.285714, 1, 0, 1, 1, 0, 1, 0, 1, 0, 0, 1, 0, 1, 0]]
350,[[ 1, 0.117647, 1, 0.021978, 0, 1, 0.666667, 1, 0, 0.660714, 1, 0, 0, 0, 0, 0, 0, 1, 0, 0, 1, 0, 0, 1],
[ 0, 0.470588, 0.5, 0.208791, 0, 0, 0.666667, 0.666667, 0.333333, 0.196429, 1, 0, 0, 1, 0, 0, 0, 1, 0, 0, 1, 0, 0, 0],
[ 0, 0.235294, 1, 0.10989, 0, 0.5, 1, 0.333333, 0.333333, 0.25, 0, 0.333333, 0, 0, 1, 1, 0, 0, 0, 1, 0, 0, 0, 1],
[ 1, 0.470588, 1, 0.307692, 0, 1, 0.666667, 0.333333, 0.333333, 0.285714, 1, 0.333333, 1, 1, 0, 0, 1, 1, 0, 0, 1, 0, 0, 1],
[ 0.333333, 0.382353, 0, 0.225275, 0.25, 0.5, 0.333333, 1, 0.666667, 0.125, 1, 0.333333, 0, 0, 0, 0, 0, 1, 0, 1, 0, 0, 1, 0],
[ 0.666667, 0.0882353, 0.5, 0.0549451, 0, 0.5, 0.666667, 0.333333, 0.666667, 0.321429, 1, 0, 0, 1, 0, 0, 0, 1, 0, 0, 1, 0, 0, 1],
[ 0, 0.294118, 0.25, 0.0659341, 1, 1, 0.666667, 0.666667, 0.666667, 0.375, 0.5, 0, 0, 1, 0, 0, 0, 1, 0, 0, 1, 0, 0, 0],
[ 0.333333, 0.205882, 0.5, 0.153846, 0, 0.75, 0.333333, 1, 0, 0.375, 1, 0, 0, 0, 0, 0, 0, 1, 0, 1, 0, 0, 0, 1],
[ 1, 0.161765, 1, 0.263736, 1, 1, 0.333333, 1, 0.666667, 0.714286, 1, 0, 0, 1, 0, 1, 0, 1, 0, 0, 1, 0, 0, 1],
[ 0, 0.294118, 0.5, 0.159341, 0, 0.25, 0.666667, 0, 1, 0.0535714, 0, 0, 0, 0, 0, 0, 0, 1, 0, 0, 0, 0, 0, 1]]
360,[[ 1, 0.161765, 1, 0.0879121, 0, 1, 0.666667, 1, 0.666667, 0.482143, 1, 0.333333, 0, 1, 0, 0, 0, 1, 0, 0, 1, 0, 0, 1],
[ 0.333333, 0.823529, 0.5, 0.758242, 0, 0.75, 0.666667, 0.333333, 1, 0.142857, 1, 0, 0, 1, 0, 1, 0, 1, 0, 0, 1, 0, 0, 0],
[ 1, 0.382353, 0.5, 0.115385, 0.5, 1, 0.666667, 0.333333, 0.666667, 0.196429, 0, 0, 0, 0, 0, 0, 0, 1, 0, 0, 1, 0, 0, 0],
[ 0, 0.470588, 0.5, 0.445055, 1, 1, 0.666667, 1, 1, 0.5, 1, 0, 0, 0, 0, 0, 1, 1, 0, 0, 0, 0, 0, 1],
[ 0, 0.117647, 0.5, 0.0384615, 1, 0.5, 1, 0.333333, 0.666667, 0.0714286, 1, 0, 0, 0, 0, 1, 0, 1, 0, 0, 1, 0, 0, 1],
[ 0.666667, 0.205882, 0.25, 0.0659341, 1, 0.75, 0.666667, 1, 0.666667, 0.535714, 0, 0, 0, 0, 0, 0, 0, 1, 0, 0, 1, 0, 1, 0],
[ 1, 0.117647, 0.5, 0.247253, 1, 0.25, 0.333333, 1, 0.666667, 0.0178571, 1, 0, 0, 0, 0, 0, 1, 1, 0, 1, 0, 0, 0, 1],
[ 0.333333, 0.117647, 0.5, 0.0714286, 1, 0.5, 1, 0, 0, 0.107143, 1, 0, 0, 1, 0, 0, 0, 1, 0, 0, 1, 0, 0, 1],
[ 1, 0.117647, 0.5, 0.148352, 1, 0, 0.666667, 1, 1, 0.339286, 1, 0, 0, 1, 0, 1, 0, 1, 0, 0, 1, 0, 0, 0],
[ 0.333333, 0.470588, 0.5, 0.115385, 0, 0.75, 0.666667, 1, 0.666667, 0.0892857, 1, 0, 0, 0, 0, 0, 0, 1, 0, 1, 0, 0, 0, 1]]
370,[[ 0.333333, 0.0294118, 0.5, 0.0164835, 0, 0.75, 1, 0.666667, 0, 0.160714, 0, 0, 0, 0, 0, 0, 0, 0, 0, 0, 1, 0, 1, 0],
[ 1, 0.0294118, 0.5, 0.0274725, 0, 0, 0.333333, 1, 0, 0.625, 1, 0, 0, 1, 0, 1, 0, 1, 0, 0, 1, 1, 0, 0],
[ 1, 0.294118, 0.5, 0.313187, 1, 0.25, 0.333333, 0, 0.666667, 0.446429, 1, 0.333333, 0, 1, 0, 0, 0, 1, 0, 0, 1, 0, 0, 1],
[ 0.333333, 0.205882, 0.75, 0.225275, 0, 1, 0, 0.666667, 1, 0.375, 1, 0, 0, 1, 0, 0, 0, 1, 0, 0, 1, 0, 0, 0],
[ 0, 0.117647, 0.5, 0.0274725, 0.25, 0, 0.333333, 0.666667, 0.333333, 0.0535714, 1, 0, 0, 0, 0, 0, 0, 1, 0, 0, 1, 0, 0, 1],
[ 0.666667, 0.382353, 1, 0.153846, 0, 1, 0.666667, 1, 0.333333, 0.5, 1, 0, 0, 0, 0, 0, 0, 1, 0, 0, 1, 0, 0, 1],
[ 0.333333, 0.0735294, 0.5, 0.043956, 0, 0.5, 0.333333, 0.333333, 0.666667, 0.178571, 1, 0, 0, 0, 1, 0, 0, 1, 0, 0, 1, 0, 0, 1],
[ 0.333333, 0.602941, 0.5, 0.153846, 0.25, 0.5, 0.666667, 1, 0.333333, 0.0357143, 1, 0, 0, 0, 0, 0, 0, 0, 0, 1, 0, 0, 0, 1],
[ 0, 0.205882, 0.25, 0.0659341, 0, 0.75, 0.666667, 1, 1, 0.232143, 1, 0.333333, 1, 0, 0, 1, 0, 1, 0, 0, 0, 0, 1, 0],
[ 0.333333, 0.294118, 0.5, 0.681319, 0, 1, 0.333333, 0.333333, 1, 0.446429, 1, 0, 0, 1, 0, 0, 1, 1, 0, 0, 0, 0, 0, 0]]
380,[[ 1, 0.294118, 1, 0.307692, 0.75, 0.5, 0.666667, 0.333333, 0, 0.142857, 1, 0.333333, 0, 0, 0, 0, 1, 1, 0, 0, 1, 0, 0, 1],
[ 0.333333, 0.161765, 0.5, 0.131868, 0.25, 0.5, 0.333333, 0.333333, 0, 0.107143, 1, 0, 0, 0, 0, 0, 0, 1, 0, 0, 1, 0, 1, 0],
[ 0, 0.0294118, 0.5, 0.0549451, 0.25, 1, 0.666667, 0.333333, 0.333333, 0.428571, 1, 0, 0, 1, 0, 1, 0, 1, 0, 0, 1, 0, 0, 1],
[ 0, 0.117647, 0.5, 0.0274725, 0, 1, 0.666667, 1, 0, 0.678571, 0.5, 0, 0, 0, 0, 0, 0, 1, 0, 0, 1, 0, 1, 0],
[ 1, 0.117647, 0.5, 0.120879, 1, 1, 0.666667, 0.666667, 0.666667, 0.553571, 1, 0, 0, 1, 0, 1, 0, 1, 0, 0, 1, 0, 0, 1],
[ 0.666667, 0.0882353, 0.5, 0.203297, 0, 0.25, 0.666667, 0, 0.333333, 0.321429, 1, 0, 1, 0, 0, 1, 0, 0, 0, 0, 1, 0, 1, 0],
[ 0, 0.294118, 0.25, 0.126374, 0.5, 0.5, 0.666667, 1, 0, 0.0535714, 0.5, 0, 0, 1, 0, 0, 0, 1, 0, 0, 1, 0, 0, 1],
[ 0, 0.117647, 0.5, 0.0274725, 0.25, 0.75, 1, 0, 0.333333, 0.0178571, 1, 0, 0, 0, 0, 0, 0, 1, 0, 0, 1, 0, 0, 1],
[ 1, 0.0294118, 0.5, 0.0714286, 0, 0.25, 0.333333, 0.333333, 1, 0.660714, 1, 0, 0, 0, 0, 0, 0, 1, 0, 0, 1, 0, 0, 1],
[ 1, 0.205882, 1, 0.043956, 0, 0.5, 0.333333, 0.666667, 0, 0.303571, 1, 0.333333, 0, 0, 0, 1, 0, 1, 0, 0, 1, 0, 0, 1]]
390,[[ 1, 0.205882, 0.5, 0.010989, 0, 0, 0.333333, 1, 0, 0.0535714, 1, 0, 0, 0, 0, 0, 0, 0, 1, 1, 0, 0, 0, 1],
[ 0, 0.235294, 0.5, 0.10989, 1, 0.75, 0.666667, 1, 0.666667, 0.357143, 1, 0, 0, 1, 0, 0, 0, 1, 0, 0, 1, 0, 0, 1],
[ 1, 0.117647, 0.5, 0.032967, 0, 0.5, 0.333333, 0, 0, 0.125, 1, 0, 0, 1, 0, 0, 0, 1, 0, 0, 1, 0, 0, 1],
[ 0, 0.294118, 0.5, 0.153846, 1, 0.5, 1, 1, 0.666667, 0.0178571, 1, 0, 0, 0, 0, 0, 0, 1, 0, 0, 1, 0, 0, 1],
[ 0.333333, 0.647059, 0.5, 0.285714, 1, 0, 0.666667, 1, 1, 0.375, 0, 0, 0, 1, 0, 0, 0, 1, 0, 0, 0, 1, 0, 0],
[ 0.666667, 0.0294118, 1, 0.0604396, 0, 1, 0.666667, 1, 0, 0.482143, 1, 0.333333, 1, 0, 1, 1, 0, 1, 0, 0, 1, 0, 0, 1],
[ 0, 0.294118, 0.5, 0.412088, 1, 0.25, 0.333333, 0.333333, 0.333333, 0.196429, 1, 0, 0, 1, 1, 0, 0, 1, 0, 0, 1, 0, 0, 1],
[ 0.333333, 0.602941, 1, 0.241758, 0.25, 0, 0.666667, 1, 0.666667, 0.142857, 1, 0, 0, 0, 0, 0, 1, 1, 0, 0, 1, 0, 0, 1],
[ 0.333333, 0.205882, 1, 0.0604396, 0, 0.25, 0.333333, 0, 0.333333, 0.142857, 1, 0.333333, 0, 0, 0, 0, 0, 1, 0, 0, 1, 0, 0, 1],
[ 0.333333, 0.514706, 1, 0.258242, 0, 0.75, 0.666667, 0.333333, 0, 0.107143, 1, 0.333333, 0, 0, 0, 0, 0, 0, 0, 0, 1, 0, 0, 1]]
400,[[ 1, 0.0441176, 0.75, 0.032967, 1, 1, 0.666667, 1, 1, 0.303571, 1, 0, 0, 0, 0, 0, 0, 1, 0, 0, 0, 0, 0, 1],
[ 0.333333, 0.205882, 1, 0.0879121, 0, 1, 0.333333, 1, 0, 0.517857, 0, 0.333333, 0, 1, 0, 0, 0, 0, 0, 1, 0, 0, 1, 0],
[ 0, 0.117647, 0.5, 0.0494505, 0, 0.5, 0.666667, 0.333333, 0, 0.0178571, 1, 0, 1, 1, 0, 0, 0, 1, 0, 1, 0, 0, 0, 0],
[ 0.333333, 0.382353, 0.5, 0.10989, 0, 0.5, 0.333333, 0.333333, 1, 0.0892857, 0, 0, 0, 0, 0, 1, 0, 0, 0, 0, 1, 0, 0, 1],
[ 0, 0.338235, 1, 0.120879, 0, 1, 0.666667, 1, 0.666667, 0.428571, 0.5, 1, 1, 1, 0, 0, 0, 1, 0, 0, 1, 0, 0, 0],
[ 1, 0.470588, 1, 0.351648, 0, 1, 0.666667, 1, 0.666667, 0.267857, 1, 0.333333, 0, 1, 0, 1, 0, 1, 0, 0, 1, 0, 0, 0],
[ 1, 0.470588, 0.5, 0.17033, 0, 0.5, 0.333333, 0.333333, 0.666667, 0.160714, 1, 0, 0, 1, 0, 0, 0, 1, 0, 0, 1, 0, 0, 0],
[ 0.333333, 0.294118, 0.5, 0.159341, 0.25, 0.25, 1, 0.333333, 0.666667, 0.0535714, 1, 0, 0, 1, 0, 0, 0, 1, 0, 1, 0, 0, 0, 1],
[ 1, 0.294118, 1, 0.120879, 1, 1, 0.666667, 1, 0.333333, 0.607143, 1, 0.333333, 0, 0, 0, 0, 0, 1, 0, 0, 1, 0, 0, 1],
[ 0.333333, 0.205882, 1, 0.0494505, 0, 1, 0.666667, 0.666667, 0, 0.196429, 0, 0.333333, 0, 0, 0, 1, 0, 0, 0, 0, 1, 0, 0, 1]]
410,[[ 0, 0.205882, 0.5, 0.21978, 0, 0.5, 0.666667, 0.666667, 0.666667, 0.410714, 1, 0, 0, 0, 0, 0, 0, 0, 1, 0, 1, 0, 0, 1],
[ 0.333333, 0.25, 0.5, 0.142857, 0.25, 1, 0, 0.333333, 0.666667, 0.75, 0, 0.333333, 0, 0, 0, 0, 0, 1, 0, 1, 0, 0, 1, 0],
[ 1, 0.294118, 0.5, 0.417582, 0, 0.75, 0.666667, 0.666667, 0.666667, 0.339286, 1, 0, 0, 1, 0, 0, 1, 1, 0, 0, 1, 0, 0, 0],
[ 1, 0.161765, 0.25, 0.0769231, 0.25, 1, 0.666667, 1, 0.666667, 0.267857, 0, 0, 1, 0, 0, 0, 0, 1, 0, 0, 1, 0, 1, 0],
[ 0.333333, 0.294118, 0.5, 0.626374, 0, 0.5, 0.333333, 1, 0.666667, 0.0714286, 1, 0.333333, 0, 0, 0, 0, 1, 1, 0, 1, 0, 0, 0, 0],
[ 0.333333, 0.205882, 1, 0.0549451, 0, 0.5, 1, 0.333333, 0.666667, 0.25, 1, 0, 0, 0, 0, 0, 0, 1, 0, 0, 1, 0, 0, 1],
[ 0, 0.117647, 1, 0.10989, 0, 0.5, 0.666667, 1, 0.333333, 0.339286, 0, 0.333333, 0, 0, 1, 1, 0, 1, 0, 0, 1, 0, 1, 0],
[ 1, 0.0294118, 0.25, 0.032967, 1, 0.5, 0.666667, 0.333333, 0, 0.125, 0.5, 0, 1, 0, 0, 1, 0, 0, 0, 0, 1, 0, 1, 0],
[ 1, 0.470588, 0.5, 0.115385, 0.5, 1, 0.666667, 1, 0.666667, 0.357143, 1, 0, 0, 0, 0, 0, 0, 1, 0, 0, 1, 0, 0, 1],
[ 0, 0.470588, 1, 0.32967, 0, 0.25, 0.333333, 1, 1, 0.0714286, 1, 0.333333, 0, 1, 0, 0, 0, 0, 1, 1, 0, 0, 1, 0]]
