[0.00000000000000000000e+00, 9.87951817980383673046e-01, 6.90325067574610873322e-02, -9.96278563889013035748e-01, -1.50386902568346347842e+00, -5.15917207703079916392e-01, -1.43483651892600239108e+00, -2.50014758957247629212e+00, -1.99334010691957930206e+00, -1.00538828893919585106e+00, -1.92430760016211843677e+00, -2.98961867080859233781e+00, -3.99962759992486982519e-01, 5.87989057987896579505e-01, -3.30930253235026006209e-01, -1.39624132388150012929e+00, -9.17527236085028174983e-01, 7.04245818953554980624e-02, -8.48494729327567087651e-01, -1.91380579997404121073e+00, 
-2.42139626176849187544e+00, -1.43344444378810820240e+00, -2.35236375501103056607e+00, -3.41767482565750491119e+00, -2.91086734300460747704e+00, -1.92291552502422402604e+00, -2.84183483624714661175e+00, -3.90714590689362051279e+00, -1.31748999607751526852e+00, -3.29538178097131595479e-01, -1.24845748932005418119e+00, -2.31376855996652830427e+00, -6.12297390320022838495e-01, 3.75654427660360834551e-01, -5.43264883562561751162e-01, -1.60857595420903587424e+00, -2.11616641600348653895e+00, -1.12821459802310286591e+00, -2.04713390924602522958e+00, -3.11244497989249957470e+00, 
-2.60563749723960214055e+00, -1.61768567925921868955e+00, -2.53660499048214127527e+00, -3.60191606112861517630e+00, -1.01226015031250993204e+00, -2.43083323321262589900e-02, -9.43227643555048844703e-01, -2.00853871420152296778e+00, 9.68916407167528470623e-01, 1.95686822514791192162e+00, 1.03794891392498955796e+00, -2.73621567214845651250e-02, -5.34952618515935007792e-01, 4.52999199464448665253e-01, -4.65920111758473920460e-01, -1.53123118240494804354e+00, -1.02442369975205105348e+00, -3.64718817716673804341e-02, -9.55391192994589966148e-01, -2.02070226364106364514e+00, 
5.68953647175041599127e-01, 1.55690546515542482808e+00, 6.37986153932502464414e-01, -4.27324916713971547644e-01, 6.96344474870890906004e-01, 1.68429629285127457905e+00, 7.65376981628351993336e-01, -2.99934089018122129744e-01, -8.07524550812572572411e-01, 1.80427267167810989612e-01, -7.38492044055111485079e-01, -1.80380311470158560816e+00, -1.29699563204868839605e+00, -3.09043814068304945053e-01, -1.22796312529122753077e+00, -2.29327419593770143180e+00, 2.96381714878403923485e-01, 1.28433353285878748551e+00, 3.65414221635864899795e-01, -6.99896849010609112263e-01, 
-2.21182761214137268979e-01, 7.66769056766246404067e-01, -1.52150254456676181647e-01, -1.21746132510315030473e+00, -1.72505178689760074739e+00, -7.37099968917217185371e-01, -1.65601928014013966006e+00, -2.72133035078661400519e+00, -2.21452286813371657104e+00, -1.22657105015333312004e+00, -2.14549036137625570575e+00, -3.21080143202272960679e+00, -6.21145521206624251498e-01, 3.66806296773759310526e-01, -5.52113014449163275188e-01, -1.61742408509563739827e+00, 8.40470845508680675096e-02, 1.07199890253125174056e+00, 1.53079591308329154842e-01, -9.12231479338144968239e-01, 
-1.41982194113259541091e+00, -4.31870123152211848883e-01, -1.35078943437513432357e+00, -2.41610050502160866870e+00, -1.90929302236871123455e+00, -9.21341204388327783548e-01, -1.84026051561125036926e+00, -2.90557158625772427030e+00, -3.15915675441618915009e-01, 6.72036142538764647014e-01, -2.46883168684157938699e-01, -1.31219423933063206178e+00, 1.66526088203841937663e+00, 2.65321270001880282763e+00, 1.73429338879588046396e+00, 6.68982318149406340879e-01, 1.61391856354955898212e-01, 1.14934367433533957126e+00, 2.30424363112416985544e-01, -8.34886707534057137536e-01, 
-3.28079224881160036453e-01, 6.59872593099223525570e-01, -2.59046718123699060143e-01, -1.32435778877017296118e+00, 1.26529812204593250513e+00, 2.25324994002631573409e+00, 1.33433062880339337042e+00, 2.69019558156919358360e-01, 1.78612384365552046006e-01, 1.16656420234593571905e+00, 2.47644891123013133338e-01, -8.17666179523460989742e-01, -1.32525664131791143241e+00, -3.37304823337527870386e-01, -1.25622413456045034508e+00, -2.32153520520692424611e+00, -1.81472772255402725605e+00, -8.26775904573643805051e-01, -1.74569521579656639076e+00, -2.81100628644304029180e+00, 
-2.21350375626934936513e-01, 7.66601442353448625511e-01, -1.52317868869473960203e-01, -1.21762893951594808328e+00, -7.38914851719476128977e-01, 2.49036966260907544068e-01, -6.69882344962015041645e-01, -1.73519341560848916473e+00, -2.24278387740293982944e+00, -1.25483205942255615639e+00, -2.17375137064547852006e+00, -3.23906244129195286519e+00, -2.73225495863905543104e+00, -1.74430314065867198003e+00, -2.66322245188159456575e+00, -3.72853352252806846678e+00, -1.13887761171196322252e+00, -1.50925793731579549473e-01, -1.06984510495450213519e+00, -2.13515617560097625827e+00, 
-4.33685005954470792489e-01, 5.54266812025912880557e-01, -3.64652499197009705156e-01, -1.42996356984348382824e+00, -1.93755403163793427090e+00, -9.49602213657550708881e-01, -1.86852152488047318357e+00, -2.93383259552694752870e+00, -2.42702511287405009455e+00, -1.43907329489366664355e+00, -2.35799260611658922926e+00, -3.42330367676306313029e+00, -8.33647765946957775007e-01, 1.54304052033425787016e-01, -7.64615259189496798697e-01, -1.82992632983597092178e+00, 1.14752879153308051663e+00, 2.13548060951346396763e+00, 1.21656129829054160396e+00, 1.51250227644067480881e-01, 
-3.56340234150382961786e-01, 6.31611583830000711259e-01, -2.87307727392921874454e-01, -1.35261879803939599753e+00, -8.45811315386498896451e-01, 1.42140502593884665572e-01, -7.76778808629037920142e-01, -1.84208987927551182118e+00, 7.47566031540593645133e-01, 1.73551784952097687409e+00, 8.16598538298054510420e-01, -2.48712532348419501638e-01, 1.29401969065741617726e+00, 2.28197150863779985031e+00, 1.36305219741487726459e+00, 2.97741126768403141511e-01, -2.09849335026047301156e-01, 7.78102482954336260867e-01, -1.40816828268586269335e-01, -1.20612789891506033690e+00, 
-6.99320416262163235821e-01, 2.88631401718220326202e-01, -6.30287909504702259511e-01, -1.69559898015117616055e+00, 8.94056930664929194741e-01, 1.88200874864531275676e+00, 9.63089437422390171051e-01, -1.02221633224083841007e-01, 3.76492454572388002276e-01, 1.36444427255277167532e+00, 4.45524961329849089609e-01, -6.19786109316625033472e-01, -1.12737657111107547614e+00, -1.39424753130691914116e-01, -1.05834406435361438881e+00, -2.12365513500008873393e+00, -1.61684765234719129978e+00, -6.28895834366807848781e-01, -1.54781514558973043449e+00, -2.61312621623620433553e+00, 
-2.34703054200989802425e-02, 9.64481512560284581781e-01, 4.55622013373619960674e-02, -1.01974886930911212701e+00, 6.81722300337393338765e-01, 1.66967411831777701181e+00, 7.50754807094854426097e-01, -3.14556263551619696983e-01, -8.22146725346070139651e-01, 1.65805092634313422373e-01, -7.53114218588609052318e-01, -1.81842528923508339744e+00, -1.31161780658218596329e+00, -3.23665988601802512292e-01, -1.24258529982472509801e+00, -2.30789637047119899904e+00, 2.81759540344906356246e-01, 1.26971135832528991827e+00, 3.50792047102367332556e-01, -7.14519023544106790524e-01, 
2.26293609782494442584e+00, 3.25088791580532809888e+00, 2.33196860458240573521e+00, 1.26665753393593161213e+00, 7.59067072141481169467e-01, 1.74701889012186484251e+00, 8.28099578898942256799e-01, -2.37211491747531866281e-01, 2.69595990905365234802e-01, 1.25754780888574879683e+00, 3.38628497662826211112e-01, -7.26682572983647689924e-01, 1.86297333783245777639e+00, 2.85092515581284100534e+00, 1.93200584458991864167e+00, 8.66694773943444629616e-01, 2.65879922619693953578e-01, -2.49542645129733009490e-01, -2.49542645129733009490e-01, 2.65879922619693953578e-01, 
2.65879922619693731534e-01, -2.49542645129733065001e-01, -2.49542645129733342557e-01, 2.65879922619694064601e-01, 2.65879922619693953578e-01, -2.49542645129733120513e-01, -2.49542645129732898468e-01, 2.65879922619693953578e-01, 2.65879922619694175623e-01, -2.49542645129733120513e-01, -2.49542645129733120513e-01, 2.65879922619693953578e-01, 2.65879922619693953578e-01, -2.49542645129733120513e-01, -2.49542645129733120513e-01, 2.65879922619693953578e-01, 2.65879922619693898067e-01, -2.49542645129733009490e-01, -2.49542645129733120513e-01, 2.65879922619693953578e-01, 
2.65879922619693953578e-01, -2.49542645129733120513e-01, -2.49542645129732676423e-01, 2.65879922619693953578e-01, 2.65879922619694175623e-01, -2.49542645129733120513e-01, -2.49542645129733120513e-01, 2.65879922619693953578e-01, 2.65879922619693953578e-01, -2.49542645129733120513e-01, -2.49542645129733120513e-01, 2.65879922619693953578e-01, 2.65879922619693898067e-01, -2.49542645129732898468e-01, -2.49542645129733120513e-01, 2.65879922619693953578e-01, 2.65879922619693953578e-01, -2.49542645129733120513e-01, -2.49542645129733065001e-01, 2.65879922619693953578e-01, 
2.65879922619694009089e-01, -2.49542645129733120513e-01, -2.49542645129733120513e-01, 2.65879922619693953578e-01, 2.65879922619693953578e-01, -2.49542645129733120513e-01, -2.49542645129732898468e-01, 2.65879922619693953578e-01, 2.65879922619693898067e-01, -2.49542645129733009490e-01, -2.49542645129733120513e-01, 2.65879922619693953578e-01, 2.65879922619694009089e-01, -2.49542645129733120513e-01, -2.49542645129733120513e-01, 2.65879922619693731534e-01, 2.65879922619693953578e-01, -2.49542645129733009490e-01, -2.49542645129733120513e-01, 2.65879922619693953578e-01, 
2.65879922619693953578e-01, -2.49542645129733120513e-01, -2.49542645129733009490e-01, 2.65879922619693953578e-01, 2.65879922619693509489e-01, -2.49542645129733120513e-01, -2.49542645129733120513e-01, 2.65879922619693953578e-01, 2.65879922619693953578e-01, -2.49542645129733120513e-01, -2.49542645129733009490e-01, 2.65879922619693953578e-01, 2.65879922619694009089e-01, -2.49542645129732898468e-01, -2.49542645129733120513e-01, 2.65879922619693953578e-01, 2.65879922619693953578e-01, -2.49542645129733120513e-01, -2.49542645129733009490e-01, 2.65879922619694009089e-01, 
2.65879922619693953578e-01, -2.49542645129733065001e-01, -2.49542645129733120513e-01, 2.65879922619694009089e-01, 2.65879922619693953578e-01, -2.49542645129733120513e-01, -2.49542645129733009490e-01, 2.65879922619693898067e-01, 2.65879922619693953578e-01, -2.49542645129732898468e-01, -2.49542645129733120513e-01, 2.65879922619693953578e-01, 2.65879922619693953578e-01, -2.49542645129733120513e-01, -2.49542645129733120513e-01, 2.65879922619694175623e-01, 2.65879922619693953578e-01, -2.49542645129732898468e-01, -2.49542645129733120513e-01, 2.65879922619693953578e-01, 
2.65879922619693953578e-01, -2.49542645129733120513e-01, -2.49542645129733009490e-01, 2.65879922619693898067e-01, 2.65879922619693953578e-01, -2.49542645129733120513e-01, -2.49542645129733120513e-01, 2.65879922619693953578e-01, 2.65879922619693953578e-01, -2.49542645129733231535e-01, -2.49542645129733120513e-01, 2.65879922619693953578e-01, 2.65879922619693898067e-01, -2.49542645129732898468e-01, -2.49542645129733120513e-01, 2.65879922619693953578e-01, 2.65879922619694009089e-01, -2.49542645129733120513e-01, -2.49542645129733065001e-01, 2.65879922619693731534e-01, 
2.65879922619693953578e-01, -2.49542645129733009490e-01, -2.49542645129733009490e-01, 2.65879922619693953578e-01, -1.16385318805179438506e-01, 9.64887171417263100892e-01, 9.64887171417263211914e-01, -1.16385318805179549528e-01, -1.16385318805179327484e-01, 9.64887171417263100892e-01, 9.64887171417263322937e-01, -1.16385318805179549528e-01, -1.16385318805179771573e-01, 9.64887171417263100892e-01, 9.64887171417263433959e-01, -1.16385318805179327484e-01, -1.16385318805179327484e-01, 9.64887171417263544981e-01, 9.64887171417263211914e-01, -1.16385318805179549528e-01, 
-1.16385318805179549528e-01, 9.64887171417263211914e-01, 9.64887171417263100892e-01, -1.16385318805179549528e-01, -1.16385318805179327484e-01, 9.64887171417263322937e-01, 9.64887171417263211914e-01, -1.16385318805179327484e-01, -1.16385318805179771573e-01, 9.64887171417263100892e-01, 9.64887171417263544981e-01, -1.16385318805179327484e-01, -1.16385318805179327484e-01, 9.64887171417263544981e-01, 9.64887171417263211914e-01, -1.16385318805179549528e-01, -1.16385318805179549528e-01, 9.64887171417263211914e-01, 9.64887171417263100892e-01, -1.16385318805179327484e-01, 
-1.16385318805179327484e-01, 9.64887171417263322937e-01, 9.64887171417263100892e-01, -1.16385318805179771573e-01, -1.16385318805179549528e-01, 9.64887171417263211914e-01, 9.64887171417263322937e-01, -1.16385318805179438506e-01, -1.16385318805179549528e-01, 9.64887171417263211914e-01, 9.64887171417263211914e-01, -1.16385318805179549528e-01, -1.16385318805179549528e-01, 9.64887171417263211914e-01, 9.64887171417263100892e-01, -1.16385318805179327484e-01, -1.16385318805179382995e-01, 9.64887171417263322937e-01, 9.64887171417263211914e-01, -1.16385318805179771573e-01, 
-1.16385318805179438506e-01, 9.64887171417263322937e-01, 9.64887171417263100892e-01, -1.16385318805179327484e-01, -1.16385318805179549528e-01, 9.64887171417263211914e-01, 9.64887171417263100892e-01, -1.16385318805179327484e-01, -1.16385318805179327484e-01, 9.64887171417263544981e-01, 9.64887171417263211914e-01, -1.16385318805179549528e-01, -1.16385318805179327484e-01, 9.64887171417263100892e-01, 9.64887171417263322937e-01, -1.16385318805179438506e-01, -1.16385318805179549528e-01, 9.64887171417263211914e-01, 9.64887171417263322937e-01, -1.16385318805179382995e-01, 
-1.16385318805179327484e-01, 9.64887171417263211914e-01, 9.64887171417263211914e-01, -1.16385318805179549528e-01, -1.16385318805179549528e-01, 9.64887171417263544981e-01, 9.64887171417263211914e-01, -1.16385318805179494017e-01, -1.16385318805179327484e-01, 9.64887171417263322937e-01, 9.64887171417263211914e-01, -1.16385318805179438506e-01, -1.16385318805179771573e-01, 9.64887171417263211914e-01, 9.64887171417263322937e-01, -1.16385318805179382995e-01, -1.16385318805179327484e-01, 9.64887171417263100892e-01, 9.64887171417263211914e-01, -1.16385318805179549528e-01, 
-1.16385318805179549528e-01, 9.64887171417263211914e-01, 9.64887171417263544981e-01, -1.16385318805179327484e-01, -1.16385318805179327484e-01, 9.64887171417263544981e-01, 9.64887171417263100892e-01, -1.16385318805179771573e-01, -1.16385318805179549528e-01, 9.64887171417263211914e-01, 9.64887171417263322937e-01, -1.16385318805179382995e-01, -1.16385318805179549528e-01, 9.64887171417263100892e-01, 9.64887171417263211914e-01, -1.16385318805179549528e-01, -1.16385318805179549528e-01, 9.64887171417263211914e-01, 9.64887171417263100892e-01, -1.16385318805179327484e-01, 
-1.16385318805179327484e-01, 9.64887171417263322937e-01, 9.64887171417263100892e-01, -1.16385318805179771573e-01, -1.16385318805179438506e-01, 9.64887171417263211914e-01, 9.64887171417263100892e-01, -1.16385318805179327484e-01, -1.16385318805179549528e-01, 9.64887171417263211914e-01, 9.64887171417263100892e-01, -1.16385318805179327484e-01, 2.49996243110448990166e-01, 2.49996243110448879143e-01, 2.49996243110448657099e-01, 2.49996243110448768121e-01, -1.98182020923074631025e-01, -1.98182020923074353469e-01, -1.98182020923074464491e-01, -1.98182020923074242447e-01, 
-1.98182020923074575514e-01, -1.98182020923074242447e-01, -1.98182020923074353469e-01, -1.98182020923074242447e-01, 2.49996243110448768121e-01, 2.49996243110448657099e-01, 2.49996243110448768121e-01, 2.49996243110448768121e-01, 2.49996243110448712610e-01, 2.49996243110448768121e-01, 2.49996243110448657099e-01, 2.49996243110448546076e-01, -1.98182020923074686536e-01, -1.98182020923074353469e-01, -1.98182020923074520002e-01, -1.98182020923074464491e-01, -1.98182020923074575514e-01, -1.98182020923074242447e-01, -1.98182020923074353469e-01, -1.98182020923074242447e-01, 
2.49996243110448768121e-01, 2.49996243110448657099e-01, 2.49996243110448768121e-01, 2.49996243110448768121e-01, 2.49996243110448712610e-01, 2.49996243110448768121e-01, 2.49996243110448657099e-01, 2.49996243110448768121e-01, -1.98182020923074242447e-01, -1.98182020923074353469e-01, -1.98182020923074520002e-01, -1.98182020923074464491e-01, -1.98182020923074464491e-01, -1.98182020923074520002e-01, -1.98182020923074353469e-01, -1.98182020923074520002e-01, 2.49996243110448768121e-01, 2.49996243110448657099e-01, 2.49996243110448768121e-01, 2.49996243110448712610e-01, 
2.49996243110448712610e-01, 2.49996243110448768121e-01, 2.49996243110448657099e-01, 2.49996243110448768121e-01, -1.98182020923074242447e-01, -1.98182020923074353469e-01, -1.98182020923074520002e-01, -1.98182020923074464491e-01, -1.98182020923074242447e-01, -1.98182020923074520002e-01, -1.98182020923074353469e-01, -1.98182020923074520002e-01, 2.49996243110448768121e-01, 2.49996243110448657099e-01, 2.49996243110448879143e-01, 2.49996243110448990166e-01, 2.49996243110448990166e-01, 2.49996243110448990166e-01, 2.49996243110448657099e-01, 2.49996243110448768121e-01, 
-1.98182020923074520002e-01, -1.98182020923074353469e-01, -1.98182020923074464491e-01, -1.98182020923074242447e-01, -1.98182020923074464491e-01, -1.98182020923074520002e-01, -1.98182020923074353469e-01, -1.98182020923074242447e-01, 2.49996243110448768121e-01, 2.49996243110448657099e-01, 2.49996243110448768121e-01, 2.49996243110448712610e-01, 2.49996243110448712610e-01, 2.49996243110448768121e-01, 2.49996243110448684854e-01, 2.49996243110448768121e-01, -1.98182020923074520002e-01, -1.98182020923074408980e-01, -1.98182020923074464491e-01, -1.98182020923074464491e-01, 
-1.98182020923074464491e-01, -1.98182020923074520002e-01, -1.98182020923074353469e-01, -1.98182020923074242447e-01, 2.49996243110448768121e-01, 2.49996243110448657099e-01, 2.49996243110448768121e-01, 2.49996243110448712610e-01, 2.49996243110448768121e-01, 2.49996243110448768121e-01, 2.49996243110448657099e-01, 2.49996243110448768121e-01, -1.98182020923074242447e-01, -1.98182020923074353469e-01, -1.98182020923074242447e-01, -1.98182020923074575514e-01, -1.98182020923074464491e-01, -1.98182020923074520002e-01, -1.98182020923074353469e-01, -1.98182020923074686536e-01, 
2.49996243110448546076e-01, 2.49996243110448657099e-01, 2.49996243110448768121e-01, 2.49996243110448712610e-01, 2.49996243110448712610e-01, 2.49996243110448768121e-01, 2.49996243110448657099e-01, 2.49996243110448768121e-01, -1.98182020923074242447e-01, -1.98182020923074353469e-01, -1.98182020923074520002e-01, -1.98182020923074464491e-01, -1.98182020923074242447e-01, -1.98182020923074520002e-01, -1.98182020923074353469e-01, -1.98182020923074520002e-01, 2.49996243110448768121e-01, 2.49996243110448657099e-01, 2.49996243110448879143e-01, 2.49996243110448990166e-01, 
-6.10356355163439445732e-02, -6.10356355163439445732e-02, -6.10356355163440555955e-02, -6.10356355163443886624e-02, -8.81348695371201973359e-01, -8.81348695371201862336e-01, -8.81348695371201862336e-01, -8.81348695371201751314e-01, -8.81348695371201751314e-01, -8.81348695371201751314e-01, -8.81348695371201640292e-01, -8.81348695371201751314e-01, -6.10356355163441666178e-02, -6.10356355163439445732e-02, -6.10356355163441666178e-02, -6.10356355163440555955e-02, -6.10356355163440555955e-02, -6.10356355163441666178e-02, -6.10356355163441666178e-02, -6.10356355163441666178e-02, 
-8.81348695371201973359e-01, -8.81348695371201862336e-01, -8.81348695371201973359e-01, -8.81348695371201751314e-01, -8.81348695371201751314e-01, -8.81348695371201751314e-01, -8.81348695371201640292e-01, -8.81348695371201751314e-01, -6.10356355163443886624e-02, -6.10356355163439445732e-02, -6.10356355163441666178e-02, -6.10356355163440555955e-02, -6.10356355163440555955e-02, -6.10356355163441666178e-02, -6.10356355163439445732e-02, -6.10356355163441666178e-02, -8.81348695371201751314e-01, -8.81348695371201862336e-01, -8.81348695371201751314e-01, -8.81348695371201751314e-01, 
-8.81348695371201751314e-01, -8.81348695371201973359e-01, -8.81348695371201862336e-01, -8.81348695371201973359e-01, -6.10356355163441666178e-02, -6.10356355163440555955e-02, -6.10356355163441666178e-02, -6.10356355163440555955e-02, -6.10356355163440555955e-02, -6.10356355163439445732e-02, -6.10356355163440555955e-02, -6.10356355163441666178e-02, -8.81348695371201751314e-01, -8.81348695371201862336e-01, -8.81348695371201751314e-01, -8.81348695371201751314e-01, -8.81348695371201751314e-01, -8.81348695371201862336e-01, -8.81348695371201862336e-01, -8.81348695371201973359e-01, 
-6.10356355163441666178e-02, -6.10356355163440555955e-02, -6.10356355163440000844e-02, -6.10356355163439445732e-02, -6.10356355163437225286e-02, -6.10356355163437780398e-02, -6.10356355163440555955e-02, -6.10356355163441666178e-02, -8.81348695371201973359e-01, -8.81348695371201862336e-01, -8.81348695371201862336e-01, -8.81348695371201751314e-01, -8.81348695371201751314e-01, -8.81348695371201973359e-01, -8.81348695371201862336e-01, -8.81348695371201751314e-01, -6.10356355163441666178e-02, -6.10356355163440555955e-02, -6.10356355163440555955e-02, -6.10356355163440555955e-02, 
-6.10356355163440555955e-02, -6.10356355163440555955e-02, -6.10356355163440555955e-02, -6.10356355163441666178e-02, -8.81348695371201973359e-01, -8.81348695371201862336e-01, -8.81348695371201751314e-01, -8.81348695371201751314e-01, -8.81348695371201751314e-01, -8.81348695371201973359e-01, -8.81348695371201862336e-01, -8.81348695371201751314e-01, -6.10356355163441666178e-02, -6.10356355163440555955e-02, -6.10356355163440555955e-02, -6.10356355163440555955e-02, -6.10356355163440555955e-02, -6.10356355163441666178e-02, -6.10356355163439445732e-02, -6.10356355163441666178e-02, 
-8.81348695371201751314e-01, -8.81348695371201640292e-01, -8.81348695371201751314e-01, -8.81348695371201751314e-01, -8.81348695371201751314e-01, -8.81348695371201973359e-01, -8.81348695371201862336e-01, -8.81348695371201973359e-01, -6.10356355163441666178e-02, -6.10356355163440555955e-02, -6.10356355163440555955e-02, -6.10356355163440555955e-02, -6.10356355163440555955e-02, -6.10356355163441666178e-02, -6.10356355163439445732e-02, -6.10356355163441666178e-02, -8.81348695371201751314e-01, -8.81348695371201640292e-01, -8.81348695371201751314e-01, -8.81348695371201751314e-01, 
-8.81348695371201751314e-01, -8.81348695371201862336e-01, -8.81348695371201862336e-01, -8.81348695371201973359e-01, -6.10356355163441666178e-02, -6.10356355163440555955e-02, -6.10356355163440000844e-02, -6.10356355163439445732e-02, 1.46608150165765893647e-01, 1.46608150165765560580e-01, 1.46608150165765560580e-01, 1.46608150165765560580e-01, 1.46608150165765671602e-01, 1.46608150165765560580e-01, 1.46608150165765671602e-01, 1.46608150165765671602e-01, 1.46608150165765671602e-01, 1.46608150165765671602e-01, 1.46608150165765560580e-01, 1.46608150165765727113e-01, 
1.46608150165765671602e-01, 1.46608150165765560580e-01, 1.46608150165765671602e-01, 1.46608150165765560580e-01, -3.77200778573888118039e-01, -3.77200778573888007017e-01, -3.77200778573888007017e-01, -3.77200778573887784972e-01, -3.77200778573888007017e-01, -3.77200778573888118039e-01, -3.77200778573888007017e-01, -3.77200778573888007017e-01, -3.77200778573888007017e-01, -3.77200778573888229062e-01, -3.77200778573888007017e-01, -3.77200778573888229062e-01, -3.77200778573888007017e-01, -3.77200778573888007017e-01, -3.77200778573888007017e-01, -3.77200778573888007017e-01, 
-3.77200778573888007017e-01, -3.77200778573888007017e-01, -3.77200778573888007017e-01, -3.77200778573888007017e-01, -3.77200778573888229062e-01, -3.77200778573888007017e-01, -3.77200778573887895995e-01, -3.77200778573888062528e-01, -3.77200778573888007017e-01, -3.77200778573888062528e-01, -3.77200778573888007017e-01, -3.77200778573888007017e-01, -3.77200778573888007017e-01, -3.77200778573888007017e-01, -3.77200778573888007017e-01, -3.77200778573888007017e-01, 1.46608150165765616091e-01, 1.46608150165765616091e-01, 1.46608150165765560580e-01, 1.46608150165765560580e-01, 
1.46608150165765671602e-01, 1.46608150165765560580e-01, 1.46608150165765671602e-01, 1.46608150165765671602e-01, 1.46608150165765671602e-01, 1.46608150165765616091e-01, 1.46608150165765560580e-01, 1.46608150165765671602e-01, 1.46608150165765616091e-01, 1.46608150165765449557e-01, 1.46608150165765560580e-01, 1.46608150165765893647e-01, 1.46608150165765893647e-01, 1.46608150165765671602e-01, 1.46608150165765449557e-01, 1.46608150165765560580e-01, 1.46608150165765671602e-01, 1.46608150165765560580e-01, 1.46608150165765671602e-01, 1.46608150165765671602e-01, 
1.46608150165765449557e-01, 1.46608150165765671602e-01, 1.46608150165765449557e-01, 1.46608150165765727113e-01, 1.46608150165765560580e-01, 1.46608150165765560580e-01, 1.46608150165765616091e-01, 1.46608150165765560580e-01, -3.77200778573888007017e-01, -3.77200778573888007017e-01, -3.77200778573888007017e-01, -3.77200778573888007017e-01, -3.77200778573888007017e-01, -3.77200778573888007017e-01, -3.77200778573888007017e-01, -3.77200778573888007017e-01, -3.77200778573888007017e-01, -3.77200778573888007017e-01, -3.77200778573888007017e-01, -3.77200778573888229062e-01, 
-3.77200778573888007017e-01, -3.77200778573888007017e-01, -3.77200778573888007017e-01, -3.77200778573888007017e-01, -3.77200778573888007017e-01, -3.77200778573888007017e-01, -3.77200778573888007017e-01, -3.77200778573888007017e-01, -3.77200778573888229062e-01, -3.77200778573888007017e-01, -3.77200778573888229062e-01, -3.77200778573888007017e-01, -3.77200778573888007017e-01, -3.77200778573888007017e-01, -3.77200778573888007017e-01, -3.77200778573888007017e-01, -3.77200778573887784972e-01, -3.77200778573888007017e-01, -3.77200778573888007017e-01, -3.77200778573888118039e-01, 
1.46608150165765560580e-01, 1.46608150165765616091e-01, 1.46608150165765560580e-01, 1.46608150165765782624e-01, 1.46608150165765727113e-01, 1.46608150165765560580e-01, 1.46608150165765671602e-01, 1.46608150165765671602e-01, 1.46608150165765616091e-01, 1.46608150165765560580e-01, 1.46608150165765560580e-01, 1.46608150165765671602e-01, 1.46608150165765616091e-01, 1.46608150165765560580e-01, 1.46608150165765560580e-01, 1.46608150165765893647e-01, 5.37193713867443189969e-02, 5.37193713867442079746e-02, 5.37193713867442079746e-02, 5.37193713867442079746e-02, 
5.37193713867445410415e-02, 5.37193713867442079746e-02, 5.37193713867443189969e-02, 5.37193713867442079746e-02, 5.37193713867443189969e-02, 5.37193713867442079746e-02, 5.37193713867442079746e-02, 5.37193713867441524634e-02, 5.37193713867440969523e-02, 5.37193713867442079746e-02, 5.37193713867443189969e-02, 5.37193713867442079746e-02, -6.40061519126866484974e-01, -6.40061519126866818041e-01, -6.40061519126866818041e-01, -6.40061519126866595997e-01, -6.40061519126866373952e-01, -6.40061519126866484974e-01, -6.40061519126866373952e-01, -6.40061519126866595997e-01, 
-6.40061519126866373952e-01, -6.40061519126866595997e-01, -6.40061519126866373952e-01, -6.40061519126866595997e-01, -6.40061519126866595997e-01, -6.40061519126866595997e-01, -6.40061519126866595997e-01, -6.40061519126866595997e-01, -6.40061519126866595997e-01, -6.40061519126866595997e-01, -6.40061519126866595997e-01, -6.40061519126866595997e-01, -6.40061519126866595997e-01, -6.40061519126866595997e-01, -6.40061519126866707019e-01, -6.40061519126866595997e-01, -6.40061519126866595997e-01, -6.40061519126866595997e-01, -6.40061519126866595997e-01, -6.40061519126866373952e-01, 
-6.40061519126866595997e-01, -6.40061519126866818041e-01, -6.40061519126866818041e-01, -6.40061519126866484974e-01, 5.37193713867442079746e-02, 5.37193713867442634857e-02, 5.37193713867442079746e-02, 5.37193713867442079746e-02, 5.37193713867442634857e-02, 5.37193713867442079746e-02, 5.37193713867440969523e-02, 5.37193713867443189969e-02, 5.37193713867440969523e-02, 5.37193713867442079746e-02, 5.37193713867442079746e-02, 5.37193713867443189969e-02, 5.37193713867442079746e-02, 5.37193713867442079746e-02, 5.37193713867442079746e-02, 5.37193713867443189969e-02, 
5.37193713867443189969e-02, 5.37193713867443189969e-02, 5.37193713867443189969e-02, 5.37193713867442079746e-02, 5.37193713867443189969e-02, 5.37193713867441524634e-02, 5.37193713867442079746e-02, 5.37193713867440969523e-02, 5.37193713867443189969e-02, 5.37193713867440969523e-02, 5.37193713867443189969e-02, 5.37193713867442634857e-02, 5.37193713867442079746e-02, 5.37193713867442079746e-02, 5.37193713867441524634e-02, 5.37193713867442079746e-02, -6.40061519126866595997e-01, -6.40061519126866818041e-01, -6.40061519126866595997e-01, -6.40061519126866818041e-01, 
-6.40061519126866373952e-01, -6.40061519126866595997e-01, -6.40061519126866595997e-01, -6.40061519126866595997e-01, -6.40061519126866595997e-01, -6.40061519126866707019e-01, -6.40061519126866595997e-01, -6.40061519126866595997e-01, -6.40061519126866595997e-01, -6.40061519126866595997e-01, -6.40061519126866595997e-01, -6.40061519126866595997e-01, -6.40061519126866595997e-01, -6.40061519126866595997e-01, -6.40061519126866595997e-01, -6.40061519126866595997e-01, -6.40061519126866595997e-01, -6.40061519126866373952e-01, -6.40061519126866707019e-01, -6.40061519126866373952e-01, 
-6.40061519126866595997e-01, -6.40061519126866373952e-01, -6.40061519126866484974e-01, -6.40061519126866373952e-01, -6.40061519126866595997e-01, -6.40061519126866818041e-01, -6.40061519126866818041e-01, -6.40061519126866484974e-01, 5.37193713867442079746e-02, 5.37193713867442634857e-02, 5.37193713867442079746e-02, 5.37193713867442079746e-02, 5.37193713867441524634e-02, 5.37193713867442079746e-02, 5.37193713867442079746e-02, 5.37193713867443189969e-02, 5.37193713867442079746e-02, 5.37193713867443189969e-02, 5.37193713867442079746e-02, 5.37193713867445410415e-02, 
5.37193713867442079746e-02, 5.37193713867442079746e-02, 5.37193713867442079746e-02, 5.37193713867443189969e-02, -1.55530746751198378774e-01, -1.55530746751198156730e-01, -1.55530746751198378774e-01, -1.55530746751198267752e-01, -1.55530746751198378774e-01, -1.55530746751198267752e-01, -1.55530746751198267752e-01, -1.55530746751198267752e-01, -1.55530746751198378774e-01, -1.55530746751198267752e-01, -1.55530746751198267752e-01, -1.55530746751198267752e-01, -1.55530746751198267752e-01, -1.55530746751198267752e-01, -1.55530746751198212241e-01, -1.55530746751198267752e-01, 
-1.55530746751198156730e-01, -1.55530746751198378774e-01, -1.55530746751198378774e-01, -1.55530746751198378774e-01, -1.55530746751198378774e-01, -1.55530746751198267752e-01, -1.55530746751198212241e-01, -1.55530746751198267752e-01, -1.55530746751198212241e-01, -1.55530746751198045708e-01, -1.55530746751198378774e-01, -1.55530746751198378774e-01, -1.55530746751198378774e-01, -1.55530746751198267752e-01, -1.55530746751198267752e-01, -1.55530746751198267752e-01, -1.55530746751198378774e-01, -1.55530746751198267752e-01, -1.55530746751198267752e-01, -1.55530746751198267752e-01, 
-1.55530746751198267752e-01, -1.55530746751198378774e-01, -1.55530746751198156730e-01, -1.55530746751198267752e-01, -1.55530746751198267752e-01, -1.55530746751198267752e-01, -1.55530746751198267752e-01, -1.55530746751198212241e-01, -1.55530746751198378774e-01, -1.55530746751198378774e-01, -1.55530746751198378774e-01, -1.55530746751198267752e-01, -1.55530746751198156730e-01, -1.55530746751198378774e-01, -1.55530746751198378774e-01, -1.55530746751198378774e-01, -1.55530746751198378774e-01, -1.55530746751198156730e-01, -1.55530746751198212241e-01, -1.55530746751198267752e-01, 
-1.55530746751198212241e-01, -1.55530746751198045708e-01, -1.55530746751198378774e-01, -1.55530746751198378774e-01, -1.55530746751198378774e-01, -1.55530746751198267752e-01, -1.55530746751198267752e-01, -1.55530746751198267752e-01, -6.29168715226244845695e-02, -6.29168715226245400807e-02, -6.29168715226245400807e-02, -6.29168715226244845695e-02, -6.29168715226247066141e-02, -6.29168715226244845695e-02, -6.29168715226243735472e-02, -6.29168715226245400807e-02, -6.29168715226245400807e-02, -6.29168715226245400807e-02, -6.29168715226244845695e-02, -6.29168715226244845695e-02, 
-6.29168715226247066141e-02, -6.29168715226247066141e-02, -6.29168715226247066141e-02, -6.29168715226244845695e-02, -6.29168715226245400807e-02, -6.29168715226246511030e-02, -6.29168715226244845695e-02, -6.29168715226247066141e-02, -6.29168715226245400807e-02, -6.29168715226245400807e-02, -6.29168715226245400807e-02, -6.29168715226244845695e-02, -6.29168715226245400807e-02, -6.29168715226244845695e-02, -6.29168715226245678362e-02, -6.29168715226245955918e-02, -6.29168715226245400807e-02, -6.29168715226244845695e-02, -6.29168715226244845695e-02, -6.29168715226244845695e-02, 
-6.29168715226244845695e-02, -6.29168715226245400807e-02, -6.29168715226245400807e-02, -6.29168715226244845695e-02, -6.29168715226247066141e-02, -6.29168715226244845695e-02, -6.29168715226244845695e-02, -6.29168715226245400807e-02, -6.29168715226244845695e-02, -6.29168715226245400807e-02, -6.29168715226245400807e-02, -6.29168715226244845695e-02, -6.29168715226247066141e-02, -6.29168715226244845695e-02, -6.29168715226244845695e-02, -6.29168715226244845695e-02, -6.29168715226244845695e-02, -6.29168715226245400807e-02, -6.29168715226245400807e-02, -6.29168715226244845695e-02, 
-6.29168715226245400807e-02, -6.29168715226244845695e-02, -6.29168715226244845695e-02, -6.29168715226247066141e-02, -6.29168715226244845695e-02, -6.29168715226245400807e-02, -6.29168715226245400807e-02, -6.29168715226244845695e-02, -6.29168715226244845695e-02, -6.29168715226244845695e-02, -6.29168715226242625249e-02, -6.29168715226247066141e-02, -4.36089784184781059651e-02, -4.36089784184778839204e-02, -4.36089784184781059651e-02, -4.36089784184779949427e-02, -4.36089784184781059651e-02, -4.36089784184779949427e-02, -4.36089784184779949427e-02, -4.36089784184779949427e-02, 
-4.36089784184781059651e-02, -4.36089784184779949427e-02, -4.36089784184779949427e-02, -4.36089784184779949427e-02, -4.36089784184779949427e-02, -4.36089784184779949427e-02, -4.36089784184779394316e-02, -4.36089784184779949427e-02, -4.36089784184778839204e-02, -4.36089784184781059651e-02, -4.36089784184781059651e-02, -4.36089784184781059651e-02, -4.36089784184781059651e-02, -4.36089784184779949427e-02, -4.36089784184779394316e-02, -4.36089784184779949427e-02, -4.36089784184779394316e-02, -4.36089784184777728981e-02, -4.36089784184781059651e-02, -4.36089784184781059651e-02, 
-4.36089784184781059651e-02, -4.36089784184779949427e-02, -4.36089784184779949427e-02, -4.36089784184779949427e-02, -4.36089784184781059651e-02, -4.36089784184779949427e-02, -4.36089784184779949427e-02, -4.36089784184779949427e-02, -4.36089784184781059651e-02, -4.36089784184781059651e-02, -4.36089784184778839204e-02, -4.36089784184779949427e-02, -4.36089784184779949427e-02, -4.36089784184779949427e-02, -4.36089784184779949427e-02, -4.36089784184778839204e-02, -4.36089784184781059651e-02, -4.36089784184781059651e-02, -4.36089784184781059651e-02, -4.36089784184779949427e-02, 
-4.36089784184778839204e-02, -4.36089784184781059651e-02, -4.36089784184781059651e-02, -4.36089784184781059651e-02, -4.36089784184781059651e-02, -4.36089784184778839204e-02, -4.36089784184778839204e-02, -4.36089784184779949427e-02, -4.36089784184778839204e-02, -4.36089784184776618758e-02, -4.36089784184781059651e-02, -4.36089784184781059651e-02, -4.36089784184781059651e-02, -4.36089784184779949427e-02, -4.36089784184779949427e-02, -4.36089784184779949427e-02, -2.30708111723876285737e-04, -2.30708111723904041312e-04, -2.30708111723904041312e-04, -2.30708111723876285737e-04, 
-2.30708111724098330342e-04, -2.30708111723876285737e-04, -2.30708111723876285737e-04, -2.30708111723876285737e-04, -2.30708111723876285737e-04, -2.30708111723876285737e-04, -2.30708111723876285737e-04, -2.30708111723876285737e-04, -2.30708111724098330342e-04, -2.30708111723876285737e-04, -2.30708111723876285737e-04, -2.30708111723876285737e-04, -2.30708111723904041312e-04, -2.30708111723931796888e-04, -2.30708111723876285737e-04, -2.30708111723876285737e-04, -2.30708111723876285737e-04, -2.30708111723876285737e-04, -2.30708111723876285737e-04, -2.30708111723876285737e-04, 
-2.30708111723876285737e-04, -2.30708111723876285737e-04, -2.30708111723904041312e-04, -2.30708111723876285737e-04, -2.30708111723904041312e-04, -2.30708111723876285737e-04, -2.30708111723876285737e-04, -2.30708111723876285737e-04, -2.30708111723876285737e-04, -2.30708111723876285737e-04, -2.30708111723876285737e-04, -2.30708111723876285737e-04, -2.30708111724098330342e-04, -2.30708111723876285737e-04, -2.30708111723876285737e-04, -2.30708111723904041312e-04, -2.30708111723876285737e-04, -2.30708111723904041312e-04, -2.30708111723904041312e-04, -2.30708111723876285737e-04, 
-2.30708111724098330342e-04, -2.30708111723876285737e-04, -2.30708111723876285737e-04, -2.30708111723876285737e-04, -2.30708111723876285737e-04, -2.30708111723904041312e-04, -2.30708111723904041312e-04, -2.30708111723876285737e-04, -2.30708111723876285737e-04, -2.30708111723876285737e-04, -2.30708111723876285737e-04, -2.30708111724098330342e-04, -2.30708111723876285737e-04, -2.30708111723876285737e-04, -2.30708111723876285737e-04, -2.30708111723876285737e-04, -2.30708111723876285737e-04, -2.30708111724098330342e-04, -2.30708111723654241132e-04, -2.30708111724098330342e-04]