10,0.64837
20,0.64837
30,0.64837
40,0.64837
50,0.64837
60,0.64837
70,0.64837
80,0.64837
90,0.64837
100,0.64837
110,0.64837
120,0.64837
130,0.64837
140,0.64837
150,0.64837
160,0.64837
170,0.64837
180,0.64837
190,0.64837
200,0.64837
210,0.64837
220,0.64837
230,0.64837
240,0.64837
250,0.64837
260,0.64837
270,0.64837
280,0.64837
290,0.64837
300,0.64837
310,0.648475
320,0.649106
330,0.657518
340,0.648423
350,0.648423
360,0.648423
370,0.649737
380,0.673239
390,0.673607
400,0.651314
410,0.678286
420,0.688223
430,0.655047
440,0.670294
450,0.665195
460,0.698423
470,0.698002
480,0.680705
490,0.690904
500,0.678654
510,0.688433
520,0.677445
530,0.70347
540,0.700841
550,0.680915
560,0.650683
570,0.649579
580,0.649159
590,0.649264
600,0.6602
610,0.695216
620,0.679127
630,0.683176
640,0.676551
650,0.69837
660,0.713565
670,0.700578
680,0.691903
690,0.70368
700,0.704942
710,0.707729
720,0.703155
730,0.703996
740,0.70021
750,0.703891
760,0.688644
770,0.707308
780,0.706519
790,0.707624
800,0.706625
810,0.709096
820,0.708675
830,0.695058
840,0.685594
850,0.707571
860,0.351577
870,0.35163
880,0.35163
890,0.35163
900,0.35163
910,0.35163
920,0.35163
930,0.35163
940,0.35163
950,0.35163
960,0.35163
970,0.35163
980,0.35163
990,0.35163
1000,0.35163
1010,0.35163
1020,0.35163
1030,0.35163
1040,0.35163
1050,0.35163
1060,0.35163
1070,0.35163
1080,0.35163
1090,0.35163
1100,0.35163
1110,0.35163
1120,0.35163
1130,0.35163
1140,0.35163
1150,0.35163
1160,0.35163
1170,0.35163
1180,0.35163
1190,0.35163
1200,0.35163
1210,0.35163
1220,0.35163
1230,0.35163
1240,0.35163
1250,0.35163
1260,0.35163
1270,0.35163
1280,0.35163
1290,0.35163
1300,0.35163
1310,0.35163
1320,0.35163
1330,0.35163
1340,0.35163
1350,0.35163
1360,0.35163
