10,0.7
20,0.9
30,0.9
40,0.6
50,0.6
60,0.8
70,0.6
80,0.3
90,0.7
100,0.6
110,0.7
120,0.5
130,0.5
140,0.4
150,0.6
160,0.8
170,1
180,0.5
190,0.6
200,0.5
210,0.9
220,0.7
230,0.7
240,0.7
250,0.8
260,0.3
270,0.7
280,0.7
290,0.7
300,0.3
310,0.6
320,0.6
330,0.6
340,1
350,0.6
360,0.8
370,0.4
380,0.5
390,0.8
400,0.8
410,0.5
420,0.8
430,0.7
440,0.6
450,0.7
460,0.4
470,0.8
480,0.7
490,0.7
500,0.8
510,0.7
520,0.7
530,0.5
540,0.3
550,0.9
560,0.9
570,0.8
580,0.8
590,0.7
600,0.5
610,0.6
620,0.7
630,0.7
640,0.8
650,0.5
660,0.6
670,0.9
680,0.8
690,0.8
700,0.7
710,0.9
720,0.9
730,0.7
740,0.8
750,0.8
760,0.8
770,0.6
780,0.8
790,0.7
800,0.8
810,0.7
820,0.7
830,0.9
840,0.8
850,0.7
860,0.5
870,0.3
880,0.4
890,0.5
900,0.4
910,0.4
920,0.2
930,0.5
940,0.5
950,0.6
960,0.5
970,0.2
980,0.3
990,0.3
1000,0.5
1010,0.5
1020,0.5
1030,0.3
1040,0.2
1050,0.1
1060,0.4
1070,0.8
1080,0.5
1090,0.4
1100,0
1110,0.3
1120,0.2
1130,0.2
1140,0.3
1150,0.5
1160,0.3
1170,0.4
1180,0.4
1190,0.5
1200,0.2
1210,0.3
1220,0.3
1230,0.6
1240,0.5
1250,0.3
1260,0.4
1270,0.2
1280,0.2
1290,0.5
1300,0.4
1310,0.8
1320,0.5
1330,0.7
1340,0.3
1350,0
1360,0.3
